All	KO	OE	WT
4.138716	3.345325	3.936738	5.134086
3.886715	5.740432	2.612055	3.307659
2.603885	2.338133	2.332107	3.141415
2.107312	2.322133	1.532302	2.467501
2.059528	0.3435046	2.9104642	2.9246155
1.743178	1.224053	2.183306	1.822176
1.662623	2.624672	1.027958	1.335237
1.588651	1.513768	1.549435	1.702750
1.476194	1.405810	1.385008	1.637765
1.35611	1.273891	1.406165	1.388273
1.186536	1.7337092	0.7954958	1.0304042
1.060388	1.031837	1.016292	1.133035
1.032467	0.8794102	1.0774290	1.1405617
1.001705	1.024817	0.838688	1.141612
0.974941	1.0631772	0.9867257	0.8749189
0.952951	0.6724132	1.2621094	0.9243319
0.917651	0.7359554	0.8788438	1.1381548
0.86455	1.2197009	0.5579599	0.8159897
0.774723	0.7226069	0.6568550	0.9447077
0.692496	0.6120385	0.3524228	1.1130274
0.638897	0.4794416	0.7001194	0.7371297
0.610625	0.6910567	0.5376161	0.6032031
0.594919	0.4869108	0.5760580	0.7217882
0.58547	0.6735430	0.5886323	0.4942334
0.57913	0.5409927	0.6444295	0.5519685
0.553916	0.8911230	0.3356334	0.4349907
0.54907	0.9008046	0.3541725	0.3922319
0.561435	0.4464995	0.5842656	0.6535410
0.538654	0.7393461	0.2861532	0.5904625
0.515509	0.6086149	0.3917484	0.5461623
0.520273	0.5022107	0.5412101	0.5173978
0.492242	0.4297801	0.5484910	0.4984540
0.485286	0.5048418	0.5026427	0.4483721
0.476894	0.3322561	0.4329836	0.6654414
0.46279	0.5084840	0.3764497	0.5034376
0.458888	0.6712784	0.3353011	0.3700843
0.456067	0.3036965	0.4867772	0.5777267
0.449803	0.4488422	0.3867980	0.5137691
0.446448	0.7395796	0.2410926	0.3586716
0.45911	0.2547658	0.9922035	0.1303598
0.41081	0.4754887	0.3289210	0.4280197
0.403144	0.5500723	0.3310563	0.3283039
0.403687	0.3615060	0.3055516	0.5440030
0.397041	0.4774996	0.3318662	0.3817573
0.380132	0.5230233	0.2852552	0.3321164
0.373741	0.5936692	0.2119081	0.3156461
0.37555	0.4296135	0.2840988	0.4129368
0.366606	0.3015327	0.3775282	0.4207573
0.360348	0.5399926	0.1717758	0.3692768
0.367992	0.3495487	0.4736728	0.2807540
0.350731	0.0989368	0.3485885	0.6046686
0.355445	0.2704837	0.4162135	0.3796365
0.346774	0.3341502	0.2767273	0.4294455
0.343618	0.3571850	0.3372011	0.3364691
0.335166	0.2877118	0.3264412	0.3913455
0.333835	0.4716099	0.4085686	0.1213274
0.324533	0.4421813	0.3266885	0.2047286
0.293	0.3884608	0.2518448	0.2386944
0.290049	0.3122315	0.2926180	0.2652984
0.282451	0.4014919	0.2032435	0.2426169
0.277491	0.1810469	0.2542934	0.3971316
0.2888	0.1133497	0.6392740	0.1137769
0.271715	0.1689290	0.3965011	0.2497149
0.261747	0.3719513	0.1763290	0.2369605
0.26086	0.2436750	0.2384606	0.3004452
0.261979	0.2109160	0.2776985	0.2973235
0.252165	0.3241315	0.1726176	0.2597472
0.241292	0.1941114	0.2000133	0.3297509
0.238035	0.1891822	0.1942718	0.3306518
0.23639	0.2589338	0.2349173	0.2153184
0.231381	0.3261981	0.1886014	0.1793437
0.227503	0.3991822	0.1155528	0.1677733
0.230761	0.1448684	0.3636206	0.1837925
0.229542	0.3292834	0.1833836	0.1759591
0.222646	0.2350159	0.2328224	0.2001007
0.215754	0.1905930	0.1656091	0.2910590
0.213373	0.2742509	0.1843874	0.1814820
0.211754	0.2783387	0.1787416	0.1781827
0.208401	0.1865939	0.1934970	0.2451122
0.20872	0.1909652	0.2727827	0.1624120
0.202396	0.1823532	0.1694037	0.2554297
