#OTUID	HY1_1	HY1_2	HY1_3	HY2_1	HY2_2	HY2_3	HY3_1	HY3_2	HY3_3
ASV_36	0	0	1	0	0	0	1347	1020	1632
ASV_3	0	4	4	1170	1328	1299	0	0	0
ASV_1	0	0	0	2	5	5	1290	1057	1374
ASV_8	731	765	870	7	15	22	0	0	0
ASV_10	702	730	863	26	32	43	0	0	0
ASV_4	149	93	242	414	668	729	0	0	0
ASV_6	5	3	4	561	857	806	0	0	1
ASV_12	1	5	15	521	785	714	0	0	0
ASV_13	0	0	0	0	0	0	564	477	809
ASV_18	558	609	652	10	9	7	0	0	0
ASV_9	6	2	8	455	639	584	0	0	0
ASV_7	0	0	0	0	0	0	559	460	672
ASV_14	12	10	24	321	476	468	0	0	0
ASV_15	0	0	1	382	457	464	0	0	0
ASV_17	405	381	428	21	27	32	0	0	0
ASV_11	0	0	0	0	0	1	498	370	390
ASV_133	353	305	369	40	47	53	0	0	0
ASV_20	1	0	0	321	362	354	0	0	0
ASV_16	301	302	347	16	24	20	0	0	0
ASV_19	286	275	321	12	14	25	0	0	0
ASV_24	0	0	0	0	0	0	310	219	335
ASV_25	0	0	0	0	0	0	267	198	383
ASV_50	0	0	1	0	0	0	255	203	361
ASV_22	260	231	306	1	6	4	0	0	0
ASV_23	0	0	0	0	0	0	256	202	339
ASV_68	240	203	288	9	9	13	0	0	0
ASV_21	2	2	3	194	283	274	0	0	0
ASV_48	0	0	0	0	0	0	259	163	330
ASV_29	0	0	1	0	0	0	232	183	334
ASV_26	212	243	273	4	6	3	0	0	0
ASV_54	0	0	0	218	267	248	0	0	0
ASV_61	209	195	292	8	7	18	0	0	0
ASV_32	185	222	239	6	9	11	0	0	0
ASV_243	188	166	230	17	24	34	0	0	0
ASV_28	0	0	1	0	0	1	198	148	307
ASV_34	203	194	237	1	6	3	0	0	0
ASV_31	170	186	238	9	14	13	0	0	0
ASV_49	171	186	213	9	15	12	0	0	0
ASV_39	0	0	0	0	0	0	216	156	211
ASV_44	1	0	1	154	199	195	0	1	7
ASV_187	163	144	171	24	15	33	0	0	0
ASV_30	126	162	139	14	39	65	0	0	0
ASV_43	170	151	198	0	1	2	0	0	0
ASV_62	0	0	0	160	191	167	0	0	0
ASV_40	0	4	2	147	183	173	0	0	0
ASV_52	0	0	0	0	0	0	189	152	163
ASV_46	146	154	192	1	2	5	0	0	0
ASV_33	0	0	1	0	0	0	147	128	214
ASV_283	1	2	2	139	151	189	0	0	0
ASV_81	129	130	164	1	3	9	0	0	0
ASV_237	106	111	165	10	13	24	0	0	0
ASV_51	0	0	0	0	0	0	116	87	210
ASV_57	0	0	0	0	0	0	155	98	148
ASV_27	0	0	0	0	0	0	124	110	165
ASV_139	111	116	132	12	8	14	0	0	0
ASV_47	0	1	0	118	141	125	1	0	1
ASV_37	0	0	0	0	0	0	134	87	164
ASV_71	0	0	0	0	0	0	118	83	162
ASV_63	100	118	138	0	1	2	0	0	0
ASV_60	0	0	1	97	123	134	0	0	0
ASV_55	0	0	0	0	0	0	136	80	124
ASV_58	112	115	111	1	1	0	0	0	0
ASV_252	98	90	147	2	0	1	0	0	0
ASV_42	0	0	0	0	0	0	104	81	151
ASV_64	0	0	0	0	0	0	115	88	121
ASV_186	89	84	111	12	11	16	0	0	0
ASV_70	1	0	0	95	114	109	0	0	0
ASV_162	0	0	0	97	90	127	0	0	0
ASV_227	81	68	104	22	20	19	0	0	0
ASV_158	0	0	1	82	103	124	0	0	0
ASV_104	0	0	0	0	0	0	122	71	110
ASV_59	2	2	4	89	90	109	0	1	0
ASV_107	86	70	93	7	13	14	0	0	0
ASV_66	69	76	118	1	1	1	0	0	0
ASV_69	77	59	99	11	9	11	0	0	0
ASV_88	73	57	83	10	6	14	0	0	0
ASV_77	66	69	88	3	7	5	0	0	0
ASV_242	63	68	99	2	0	5	0	0	0
ASV_203	0	0	1	1	1	8	64	21	136
ASV_248	51	48	75	18	19	18	0	0	0
ASV_246	59	60	91	5	7	5	0	0	0
ASV_45	5	6	2	42	87	76	0	0	0
ASV_85	49	49	93	9	5	13	0	0	0
ASV_72	1	0	1	60	68	82	0	0	0
ASV_73	0	0	0	64	78	66	0	0	0
ASV_304	0	0	0	0	0	0	76	47	76
ASV_151	73	51	61	1	3	3	0	0	0
ASV_124	0	0	0	52	64	74	0	0	0
ASV_215	42	53	66	3	5	11	0	0	0
ASV_102	0	0	0	44	71	59	0	0	0
ASV_153	58	42	59	7	4	4	0	0	0
ASV_118	0	0	0	44	73	53	0	0	0
ASV_105	0	0	0	0	0	0	53	37	74
ASV_201	0	0	0	0	0	0	65	42	54
ASV_319	0	0	0	0	0	0	47	26	85
ASV_146	0	0	0	0	0	0	54	31	72
ASV_86	0	1	2	39	45	63	0	2	5
ASV_202	0	0	0	0	0	0	45	16	87
ASV_89	0	1	0	41	38	53	2	4	9
ASV_150	0	0	0	0	1	0	46	34	66
ASV_172	0	0	0	0	0	0	42	25	80
ASV_317	0	0	0	0	2	1	41	22	74
ASV_74	0	0	0	0	0	0	45	28	65
ASV_87	0	0	0	40	44	53	0	0	0
ASV_95	0	0	0	47	42	48	0	0	0
ASV_321	0	0	0	0	1	1	37	19	78
ASV_117	0	0	0	35	51	46	0	1	1
ASV_136	0	0	0	37	49	48	0	0	0
ASV_115	0	0	0	41	51	39	0	0	0
ASV_232	28	38	48	5	1	8	0	0	0
ASV_316	0	0	0	0	0	0	41	20	63
ASV_122	0	0	0	39	37	47	0	0	0
ASV_121	31	26	44	2	7	9	0	0	0
ASV_299	0	0	0	0	0	0	34	14	71
ASV_171	0	0	0	0	0	0	43	20	53
ASV_286	0	0	0	0	0	0	42	12	57
ASV_214	0	0	0	0	0	0	37	13	59
ASV_80	1	0	1	33	29	43	0	0	2
ASV_101	0	0	0	0	0	0	37	26	44
ASV_208	0	0	0	1	2	2	28	20	53
ASV_99	28	30	46	0	1	0	0	0	0
ASV_183	25	24	40	3	4	8	0	0	0
ASV_302	0	0	0	0	0	0	31	21	51
ASV_164	0	0	3	29	35	34	0	0	1
ASV_134	0	0	0	34	38	28	0	0	0
ASV_148	0	0	0	0	0	0	36	18	46
ASV_269	1	0	0	29	28	40	0	0	0
ASV_90	1	1	0	21	43	31	0	0	0
ASV_119	0	0	0	34	30	32	0	0	0
ASV_314	0	0	0	1	0	0	24	18	53
ASV_82	0	0	0	0	0	0	34	34	28
ASV_285	0	0	0	0	0	1	26	12	56
ASV_83	31	17	39	1	4	3	0	0	0
ASV_93	0	0	0	28	37	30	0	0	0
ASV_120	31	29	33	0	0	0	0	0	0
ASV_235	22	31	39	0	1	0	0	0	0
ASV_257	0	0	0	25	34	33	0	0	0
ASV_130	0	1	2	25	28	34	0	0	0
ASV_98	0	0	0	0	0	0	30	21	39
ASV_113	24	28	36	0	0	1	0	0	0
ASV_230	27	24	36	0	0	2	0	0	0
ASV_195	0	0	0	21	43	24	0	0	0
ASV_111	0	0	0	3	2	2	28	22	30
ASV_196	1	0	0	26	32	25	0	0	0
ASV_129	0	0	0	26	26	31	0	0	0
ASV_91	0	0	0	0	0	0	24	30	27
ASV_267	0	0	0	23	32	25	0	0	0
ASV_307	0	0	0	0	0	0	30	19	31
ASV_140	17	21	33	2	3	3	0	0	0
ASV_276	1	0	0	18	26	32	0	0	0
ASV_192	0	0	0	26	18	32	0	0	0
ASV_100	24	17	19	2	2	11	0	0	0
ASV_198	0	0	1	16	24	34	0	0	0
ASV_206	0	0	0	0	0	0	22	8	45
ASV_127	19	20	24	2	4	4	0	0	0
ASV_173	22	20	29	1	0	1	0	0	0
ASV_259	0	0	0	28	21	24	0	0	0
ASV_106	20	22	27	0	1	1	0	0	0
ASV_128	23	18	28	0	1	1	0	0	0
ASV_135	1	1	0	25	22	22	0	0	0
ASV_179	19	22	29	0	0	1	0	0	0
ASV_78	25	17	17	2	6	4	0	0	0
ASV_156	17	20	32	0	0	0	0	0	0
ASV_233	17	22	29	0	1	0	0	0	0
ASV_79	0	0	0	29	23	16	0	0	0
ASV_312	0	0	0	1	0	0	29	6	31
ASV_189	5	2	2	16	21	14	2	2	2
ASV_188	8	17	25	3	6	6	0	0	0
ASV_277	0	0	0	16	24	25	0	0	0
ASV_137	14	15	23	3	3	3	0	0	0
ASV_142	0	0	1	20	19	21	0	0	0
ASV_184	17	15	11	5	6	7	0	0	0
ASV_138	22	12	26	0	0	0	0	0	0
ASV_155	15	20	19	2	3	1	0	0	0
ASV_262	0	0	0	17	21	22	0	0	0
ASV_92	0	0	0	0	0	0	21	14	24
ASV_199	0	0	0	14	22	22	0	0	0
ASV_220	23	13	22	0	0	0	0	0	0
ASV_266	0	0	0	12	23	23	0	0	0
ASV_131	0	1	0	9	23	23	1	0	0
ASV_144	0	0	0	21	14	22	0	0	0
ASV_308	0	0	0	2	0	2	22	8	23
ASV_109	15	16	23	0	1	1	0	0	0
ASV_275	0	1	0	13	16	26	0	0	0
ASV_96	0	0	0	17	19	20	0	0	0
ASV_149	0	0	0	0	0	0	18	7	30
ASV_84	0	0	0	0	0	0	23	9	22
ASV_166	0	0	0	16	15	22	0	0	0
ASV_190	0	0	0	13	19	21	0	0	0
ASV_273	0	0	0	11	20	22	0	0	0
ASV_245	8	21	22	1	0	0	0	0	0
ASV_265	0	0	0	19	21	12	0	0	0
ASV_300	0	0	0	0	0	0	13	10	29
ASV_152	14	12	19	3	0	3	0	0	0
ASV_123	0	0	0	17	18	15	0	0	0
ASV_132	18	16	16	0	0	0	0	0	0
ASV_145	0	0	0	0	0	0	19	8	22
ASV_315	0	0	0	0	0	0	15	8	26
ASV_110	0	0	0	11	17	20	0	0	0
ASV_125	0	0	0	18	14	16	0	0	0
ASV_126	0	0	0	0	0	0	18	13	17
ASV_163	0	0	0	11	24	12	0	0	0
ASV_272	0	0	0	13	18	16	0	0	0
ASV_297	0	0	0	0	0	0	15	10	22
ASV_290	0	0	0	0	0	0	13	10	22
ASV_251	13	10	20	0	1	0	0	0	0
ASV_313	0	0	0	0	0	0	16	7	21
ASV_108	14	7	16	1	1	3	0	0	0
ASV_225	14	12	16	0	0	0	0	0	0
ASV_159	0	0	1	7	22	11	0	0	0
ASV_241	4	10	26	0	0	1	0	0	0
ASV_260	2	2	2	8	14	13	0	0	0
ASV_281	0	0	0	15	9	17	0	0	0
ASV_294	0	0	0	0	0	0	16	7	18
ASV_116	0	0	0	11	15	14	0	0	0
ASV_177	12	9	17	1	0	1	0	0	0
ASV_253	0	0	0	9	13	14	0	1	3
ASV_296	0	0	0	0	0	0	13	11	15
ASV_271	0	0	0	15	12	11	0	0	0
ASV_287	0	0	0	0	0	0	15	2	20
ASV_274	0	0	0	7	13	15	0	0	0
ASV_318	0	0	0	0	0	0	12	6	17
ASV_250	11	7	15	0	0	1	0	0	0
ASV_289	0	0	0	0	0	0	11	8	14
ASV_213	0	0	0	0	0	0	9	6	17
ASV_147	0	0	0	0	0	0	10	12	9
ASV_222	6	12	11	1	0	1	0	0	0
ASV_293	0	0	0	0	0	0	10	8	13
ASV_143	0	0	0	9	16	5	0	0	0
ASV_278	0	0	0	9	11	10	0	0	0
ASV_280	0	0	1	5	11	13	0	0	0
ASV_284	0	0	0	12	10	8	0	0	0
ASV_212	0	0	0	0	0	0	9	5	15
ASV_165	0	0	0	11	8	9	0	0	0
ASV_216	5	5	18	0	0	0	0	0	0
ASV_254	0	0	0	6	8	14	0	0	0
ASV_325	0	0	0	0	0	0	9	3	16
ASV_193	0	0	0	4	11	11	0	0	1
ASV_326	0	0	0	0	0	0	8	1	18
ASV_210	0	0	0	0	0	0	6	6	14
ASV_282	0	1	0	8	7	10	0	0	0
ASV_301	0	0	0	0	0	0	9	9	8
ASV_264	0	0	0	5	10	10	0	0	0
ASV_197	0	0	0	4	8	12	0	0	0
ASV_255	0	0	0	9	9	6	0	0	0
ASV_258	0	0	0	3	14	7	0	0	0
ASV_320	0	0	0	0	0	0	7	4	13
ASV_157	0	0	0	12	6	5	0	0	0
ASV_168	0	0	0	7	11	4	1	0	0
ASV_204	0	0	0	0	0	0	6	5	12
ASV_224	6	10	6	1	0	0	0	0	0
ASV_327	0	0	0	0	0	0	7	2	14
ASV_256	0	0	0	8	9	5	0	0	0
ASV_270	0	0	0	7	9	6	0	0	0
ASV_288	0	0	0	0	0	0	3	6	13
ASV_328	0	0	0	0	0	0	9	1	12
ASV_261	0	0	0	11	4	5	0	0	0
ASV_279	0	0	1	5	8	6	0	0	0
ASV_211	0	0	0	0	0	0	0	7	11
ASV_205	0	0	0	0	0	0	6	6	4
ASV_306	0	0	0	0	0	0	4	2	10
ASV_311	0	0	0	0	0	0	5	1	9
ASV_141	0	0	0	6	5	3	0	0	0
ASV_185	3	3	7	0	0	0	0	0	0
ASV_161	0	0	1	6	2	3	0	0	0
ASV_309	0	0	0	0	0	0	1	4	6
ASV_200	0	0	0	1	3	6	0	0	0
ASV_324	0	0	0	0	0	0	4	2	4
ASV_291	0	0	0	0	0	0	6	1	2
ASV_263	0	0	0	5	2	1	0	0	0
ASV_330	0	0	0	0	0	0	0	1	3
