#OTUID	feces1	feces2	feces3	feces4	feces5	feces6	plaque1	plaque2	plaque3	plaque4	plaque5	plaque6	saliva1	saliva2	saliva3	saliva4	saliva5	saliva6
ASV_14	0	0	0	1	1	26024	0	0	0	0	0	0	0	0	0	0	0	0
ASV_2	861	220	340	3412	14030	1899	0	0	0	0	0	0	0	0	0	0	0	0
ASV_4	1524	1	565	1	16547	0	113	528	355	154	2	162	113	78	128	233	10	230
ASV_3	2956	1382	985	10077	4340	61	0	1	0	0	0	0	0	0	0	0	0	1
ASV_5	0	718	7	8418	3777	5940	0	0	0	0	0	0	2	0	0	0	0	0
ASV_12	0	0	0	0	0	0	1912	2164	3100	1	2215	1740	585	0	534	528	0	1146
ASV_9	2645	1108	1163	8246	334	0	0	0	0	0	0	0	0	0	0	0	0	0
ASV_17	1184	35	84	929	8888	2329	0	0	0	0	0	0	0	0	0	0	0	1
ASV_7	1	0	1	0	6	2	1	33	12292	33	23	40	418	37	17	46	3	14
ASV_6	1520	547	780	2	9411	0	0	0	0	0	0	0	0	0	0	0	0	0
ASV_70	8971	201	1	1	1419	1048	0	1	0	0	0	0	0	0	1	0	0	0
ASV_13	113	256	237	1167	1207	8139	0	0	0	0	0	0	0	0	0	0	0	0
ASV_10	2368	8	360	5649	2595	0	0	0	0	0	0	0	0	0	0	0	0	0
ASV_8	0	1	0	0	2	0	36	360	4266	2781	1288	206	480	861	278	200	2	19
ASV_19	118	11	11	122	24	191	1226	101	617	371	46	425	1454	785	416	1216	2349	965
ASV_11	337	540	227	8061	483	106	0	0	0	0	0	0	0	0	0	0	0	0
ASV_31	0	0	0	0	0	0	21	3670	47	13	2461	567	4	11	1051	60	0	1573
ASV_15	1377	109	324	6427	1230	0	0	0	0	0	0	0	0	0	0	0	0	0
ASV_22	1254	943	39	2227	584	4419	0	0	0	0	0	0	0	0	1	0	0	0
ASV_20	0	0	0	0	0	0	228	1026	377	643	781	1229	508	1575	468	892	12	1193
ASV_18	200	846	115	3661	2476	747	0	0	0	0	0	0	0	0	0	0	0	0
ASV_30	11	6	0	5960	1830	144	0	0	0	0	0	0	0	0	0	0	0	0
ASV_21	1	1	0	4	2	7780	0	0	0	0	0	0	0	0	0	0	0	0
ASV_24	0	0	0	0	0	0	694	821	852	628	954	810	294	1100	447	372	8	664
ASV_25	89	32	144	1	2654	4410	2	1	2	0	0	0	0	0	0	0	0	0
ASV_33	558	0	209	1	5474	0	34	146	119	49	1	73	52	38	64	90	6	114
ASV_52	1702	73	0	0	3998	1212	0	0	1	0	0	0	9	0	0	0	0	1
ASV_34	3668	45	39	2632	295	252	0	0	0	0	0	0	0	0	0	0	0	0
ASV_44	0	292	30	0	0	6544	0	0	0	0	0	0	0	0	0	0	0	0
ASV_1	0	443	105	1	0	6287	0	0	0	0	0	0	0	0	0	0	0	0
ASV_26	0	0	0	0	0	0	116	2	4191	0	352	13	1146	0	250	39	11	391
ASV_29	83	0	0	979	34	5374	0	0	2	0	0	0	0	0	1	1	0	1
ASV_100	0	0	1	1	0	6301	0	0	0	0	0	0	0	0	0	0	0	0
ASV_43	0	304	4	2683	1292	1921	0	0	0	0	0	0	0	0	0	0	0	0
ASV_27	0	0	0	0	0	0	3	8	5566	390	0	0	63	146	1	0	0	0
ASV_68	566	1	54	415	4030	1087	0	0	0	0	1	0	0	0	0	0	0	0
ASV_36	214	47	123	941	4120	516	0	0	0	0	0	0	0	0	0	0	0	0
ASV_28	277	5505	160	1	0	0	0	0	0	0	0	0	0	0	0	0	0	0
ASV_35	1281	995	16	3350	166	27	0	0	0	0	0	0	0	0	0	0	0	0
ASV_40	211	88	10	5073	5	392	0	0	0	0	0	0	0	0	0	0	0	0
ASV_42	0	0	0	5583	0	0	0	0	0	0	0	0	0	0	0	0	0	0
ASV_23	5324	2	139	0	0	3	0	0	0	0	0	0	0	0	1	0	0	0
ASV_39	0	2	0	7	5	1	51	91	1916	1669	96	208	386	608	120	134	10	47
ASV_49	1241	217	42	1677	2011	135	0	0	0	0	0	0	0	0	0	0	0	0
ASV_55	0	0	0	0	0	0	0	0	4443	0	0	0	791	0	0	0	0	0
ASV_51	302	305	5	0	4476	0	0	0	0	0	0	0	0	0	0	0	0	0
ASV_41	0	0	0	0	0	0	4	274	4411	31	5	0	288	9	3	0	9	50
ASV_72	0	0	0	0	0	0	514	577	959	0	986	783	293	0	244	215	0	512
ASV_37	0	0	0	0	1	0	7	125	1691	1080	739	111	328	602	200	137	2	12
ASV_38	868	316	308	2398	1081	13	0	1	0	0	0	0	0	0	0	0	0	0
ASV_63	0	0	0	0	0	1	1757	0	0	1532	1	9	0	1433	1	0	0	1
ASV_50	1	0	0	0	0	0	404	375	1494	895	2	39	346	412	65	264	18	378
ASV_32	4565	0	0	4	10	0	0	0	2	0	0	0	0	0	0	0	0	0
ASV_58	1	0	0	0	0	0	568	198	0	1346	1453	102	0	445	181	88	0	195
ASV_45	1372	1827	51	1	1245	1	0	0	0	0	0	0	0	0	0	0	0	0
ASV_54	0	0	0	0	0	1	24	96	2414	2	1086	262	264	0	123	90	1	12
ASV_46	0	1	0	0	0	0	4	35	3939	23	0	0	262	26	0	0	0	0
ASV_53	0	0	0	0	0	0	21	533	1890	228	195	477	160	326	62	272	26	51
ASV_76	600	410	20	1024	259	1922	0	0	0	0	0	0	0	0	0	0	0	0
ASV_607	0	134	9	0	0	4071	0	0	0	0	0	0	0	0	0	0	0	0
ASV_93	39	6	2	23	9	62	333	29	165	96	24	186	646	354	191	498	1075	381
ASV_60	45	93	91	457	445	2960	0	0	0	0	0	0	0	0	0	0	0	0
ASV_48	474	172	311	0	2988	0	0	0	0	0	0	0	0	0	0	0	0	0
ASV_47	3	0	115	3747	18	0	0	0	0	1	0	0	0	0	0	0	0	0
ASV_231	3060	62	0	0	414	289	1	0	0	0	0	0	1	0	0	0	0	0
ASV_57	0	3777	0	0	0	0	0	0	0	0	0	0	0	0	0	0	0	0
ASV_59	0	0	0	0	0	0	34	251	3231	12	0	54	82	4	26	9	0	17
ASV_71	0	1	0	0	1	1	2	7	3451	3	7	14	176	14	8	12	0	8
ASV_94	2	3116	0	0	514	0	0	0	3	0	0	0	10	0	0	0	0	0
ASV_77	625	326	420	2162	100	0	0	0	0	0	0	0	0	0	1	0	0	0
ASV_88	0	0	0	0	0	0	1	720	512	199	12	998	357	317	13	441	25	30
ASV_69	0	3353	47	0	152	0	0	0	0	0	0	0	0	0	0	0	0	0
ASV_89	0	0	0	0	0	0	417	619	19	1216	974	128	1	55	37	23	0	30
ASV_98	14	290	61	1	791	2344	0	0	0	0	0	0	0	0	0	0	0	0
ASV_111	835	40	0	0	1993	597	0	0	0	0	0	0	1	0	0	0	0	0
ASV_61	0	2897	88	0	456	0	0	0	0	0	0	0	0	0	0	0	0	0
ASV_83	1	0	0	5	3	3418	0	0	0	0	0	0	0	0	0	0	0	0
ASV_66	2665	77	3	209	153	231	0	0	0	0	0	0	0	0	0	0	0	0
ASV_139	0	0	0	0	0	0	3	1073	11	0	875	194	5	1	406	20	0	595
ASV_65	0	0	0	2928	0	247	0	0	0	0	0	0	0	0	0	0	0	0
ASV_80	0	0	0	0	0	0	191	380	834	55	183	242	235	125	164	201	18	479
ASV_67	0	0	0	0	0	0	130	1278	1157	54	1	208	19	12	0	18	29	168
ASV_78	667	1	148	1516	739	0	0	0	0	0	0	0	0	0	0	0	0	0
ASV_56	41	1351	14	11	1531	52	0	0	0	0	0	0	1	0	0	0	0	1
ASV_91	410	39	114	2038	398	0	0	0	0	0	0	0	0	0	0	0	0	0
ASV_75	26	187	7	2405	170	182	0	0	0	0	0	0	0	0	0	0	0	0
ASV_440	0	0	0	0	0	2945	0	0	0	0	0	0	0	0	0	0	0	0
ASV_95	31	11	65	0	1073	1730	1	0	1	0	0	0	0	0	0	0	1	0
ASV_82	0	0	0	0	0	0	0	318	914	266	567	103	65	370	222	58	1	8
ASV_84	664	5	0	186	6	2030	0	0	0	0	0	0	0	0	0	0	0	0
ASV_114	5	5	0	2181	638	59	0	0	0	0	0	0	0	0	0	0	0	0
ASV_109	0	0	0	0	0	0	61	219	81	144	273	410	164	592	184	308	5	446
ASV_79	0	0	0	0	0	0	251	348	152	775	637	229	58	128	65	58	1	140
ASV_101	0	0	0	0	0	0	24	116	2455	0	4	72	109	0	46	5	10	0
ASV_103	63	284	48	1292	856	234	0	0	0	0	0	0	0	0	0	0	0	0
ASV_236	0	227	2	1465	403	646	0	0	0	0	0	0	0	0	0	0	0	0
ASV_74	2	2	4	0	22	25	24	22	1810	4	0	48	539	8	0	73	48	87
ASV_81	95	166	87	2192	145	29	0	0	0	0	0	0	0	0	0	0	0	0
ASV_90	0	1	0	3	24	0	63	193	1575	47	3	217	62	49	32	289	53	85
ASV_110	0	0	0	0	0	0	195	303	21	1118	483	198	8	211	58	33	0	62
ASV_86	0	0	0	0	0	1	406	412	340	1125	300	0	4	44	19	0	0	18
ASV_64	0	1	89	0	848	1623	0	0	0	0	0	0	0	0	0	0	0	0
ASV_164	0	145	13	0	0	2368	0	0	0	0	0	0	0	0	0	0	0	0
ASV_123	112	44	8	2157	3	148	0	0	0	0	0	0	0	0	0	0	0	0
ASV_194	0	627	1800	0	0	0	0	0	0	0	0	0	0	0	0	0	0	0
ASV_120	347	11	0	711	156	182	37	13	1	15	9	10	4	61	406	144	212	74
ASV_87	0	1948	437	0	0	0	0	0	0	0	0	0	0	0	0	0	0	1
ASV_118	155	123	2	0	2092	0	0	0	0	0	0	0	0	0	0	0	0	0
ASV_135	1269	18	22	863	100	85	0	0	0	0	0	0	0	0	0	0	0	1
ASV_102	0	0	0	0	1	0	1	63	729	433	355	54	193	320	113	76	1	6
ASV_122	15	2	0	0	1	114	16	1	35	58	1	2	1120	325	3	52	231	313
ASV_104	206	234	62	1702	2	67	0	0	0	0	0	0	0	0	0	0	0	0
ASV_62	1	155	0	0	2116	1	0	0	0	0	0	0	0	0	0	0	0	0
ASV_92	85	50	322	1358	148	288	0	0	0	0	0	0	0	0	1	0	0	0
ASV_108	51	21	2	1103	32	1006	0	0	0	0	0	0	0	0	0	0	0	0
ASV_119	62	20	1	583	75	142	29	8	2	22	29	1	2	246	601	195	115	6
ASV_105	0	1	3	2084	1	0	0	0	0	0	0	0	0	0	0	0	0	0
ASV_134	558	85	20	591	779	56	0	0	0	0	0	0	0	0	0	0	0	0
ASV_96	0	0	0	0	0	0	2	20	1941	0	0	0	114	0	0	0	4	1
ASV_145	0	0	0	0	0	0	0	0	1688	0	0	0	361	0	0	0	0	0
ASV_179	7	3	3	98	3	53	89	2	94	50	9	8	429	205	329	88	498	63
ASV_116	0	0	0	0	0	0	22	1	1141	0	118	4	445	0	128	14	5	142
ASV_112	17	128	68	443	1232	131	0	0	0	0	0	0	0	0	0	0	0	0
ASV_99	0	1988	5	1	0	0	0	0	0	0	0	0	0	0	0	0	0	0
ASV_133	455	377	2	1086	55	11	0	0	0	0	0	0	0	0	0	0	0	0
ASV_202	0	0	0	0	0	0	345	3	0	1	0	1490	0	1	0	140	0	1
ASV_174	0	0	0	0	0	0	33	193	76	106	185	268	120	392	121	202	2	279
ASV_121	1	2	0	1	0	0	153	15	2	0	0	1	16	493	458	109	713	7
ASV_155	24	1	0	209	11	1722	0	0	0	0	0	0	1	0	1	0	0	0
ASV_171	0	0	0	1953	0	0	0	0	0	0	0	0	0	0	0	0	0	0
ASV_124	0	0	0	0	0	0	1090	688	0	0	2	1	0	0	72	0	3	90
ASV_138	0	0	0	0	0	0	156	165	198	121	262	226	68	309	130	111	3	190
ASV_106	7	1905	11	0	0	0	0	0	0	0	0	0	0	0	0	0	0	0
ASV_127	181	23	2	1353	347	0	0	0	0	0	0	0	0	0	0	0	0	0
ASV_212	298	137	257	837	357	7	0	0	0	0	0	0	0	0	0	0	0	0
ASV_126	0	0	0	0	1	0	67	84	236	744	96	14	107	364	43	69	4	46
ASV_243	0	0	1	0	1	0	52	5	18	6	2	1	751	122	265	82	303	225
ASV_165	0	0	0	0	0	0	0	0	0	0	1	0	0	1	238	2	1583	2
ASV_153	0	0	0	2	1	0	20	23	581	419	42	97	172	303	47	72	5	30
ASV_136	534	1	8	1194	18	41	0	0	0	0	0	0	0	0	0	0	0	0
ASV_143	0	0	0	0	0	0	0	0	1760	0	0	12	11	0	0	0	0	6
ASV_149	895	62	10	689	78	45	0	0	0	0	0	0	0	0	0	0	0	0
ASV_137	37	9	6	1600	4	97	0	0	0	0	0	0	0	0	0	0	0	0
ASV_168	0	0	0	0	0	0	0	0	1404	0	0	0	336	0	0	0	0	0
ASV_230	0	0	0	0	0	0	399	125	0	0	193	421	1	0	88	325	1	184
ASV_129	97	1588	45	0	0	0	0	0	0	0	0	0	0	0	0	0	0	0
ASV_147	73	3	16	1197	308	125	0	0	0	0	0	0	0	0	0	0	0	0
ASV_206	1	1451	0	0	254	0	0	0	0	0	0	0	5	0	0	0	0	0
ASV_216	0	0	0	0	0	0	206	286	11	516	536	63	1	22	14	6	1	14
ASV_233	0	103	14	0	0	1554	0	0	0	0	0	0	0	0	0	0	0	0
ASV_97	130	997	9	0	530	2	0	0	1	0	0	1	0	0	0	0	0	0
ASV_125	0	0	0	0	0	0	0	0	0	1289	1	0	0	369	0	0	0	0
ASV_215	0	0	0	0	0	0	577	0	0	479	0	3	0	584	0	0	0	0
ASV_107	900	0	8	2	702	2	0	0	0	1	0	0	0	0	0	0	0	0
ASV_146	0	1587	0	0	0	0	0	0	0	0	0	0	0	0	0	0	0	0
ASV_369	0	124	1	849	210	403	0	0	0	0	0	0	0	0	0	0	0	0
ASV_140	483	660	14	0	424	0	0	0	0	0	0	0	0	0	0	0	0	0
ASV_196	2	1564	7	0	0	0	0	0	0	0	0	0	0	0	0	0	0	0
ASV_141	18	11	1	365	41	276	15	0	1	0	12	0	82	10	384	169	170	8
ASV_130	6	43	321	1192	0	0	0	0	0	0	0	0	0	0	0	0	0	0
ASV_172	0	0	0	0	1	0	3	36	454	236	280	36	124	249	86	47	1	2
ASV_150	773	73	19	6	658	0	0	0	0	0	0	0	0	0	0	0	0	0
ASV_144	0	265	131	763	0	363	0	0	0	0	0	0	0	0	0	0	0	0
ASV_128	1459	0	54	0	0	0	0	0	0	0	0	0	0	0	0	0	0	0
ASV_117	0	1	0	0	0	0	1007	502	0	0	0	0	0	0	0	0	0	0
ASV_235	0	0	0	0	0	0	24	235	525	63	5	5	353	104	35	33	26	77
ASV_169	0	0	0	0	0	0	14	86	1287	6	0	17	27	5	14	6	0	6
ASV_175	0	0	0	0	0	0	26	1	901	0	80	5	247	0	64	10	2	105
ASV_156	337	138	24	357	579	0	0	0	0	0	0	0	0	0	0	0	0	0
ASV_115	0	0	0	0	0	51	7	0	3	1165	1	0	7	105	3	12	69	7
ASV_167	0	0	0	0	0	0	568	0	0	1	0	0	1	0	0	0	0	857
ASV_183	0	0	0	0	0	0	627	405	0	60	217	97	0	2	10	2	0	4
ASV_190	469	571	23	0	351	0	0	0	0	0	0	0	0	0	0	0	0	0
ASV_148	0	1405	0	0	0	0	0	0	0	0	0	0	0	0	0	0	0	0
ASV_154	0	0	0	0	0	0	126	196	897	1	0	124	13	1	19	19	0	2
ASV_209	0	0	0	0	0	0	53	458	105	0	3	199	91	9	68	308	31	69
ASV_152	0	0	0	0	0	0	1	3	1222	87	0	0	12	60	0	0	0	0
ASV_177	0	0	0	0	0	0	50	168	0	958	12	2	0	153	0	0	0	16
ASV_157	1351	0	0	0	2	0	0	0	0	0	0	0	0	0	0	0	0	0
ASV_170	1079	31	1	77	57	102	0	0	0	0	0	0	0	0	0	0	0	0
ASV_201	25	32	0	1	1272	12	0	0	0	0	0	0	0	0	0	0	0	0
ASV_113	0	15	0	0	1319	2	0	0	0	0	0	0	0	0	0	0	0	0
ASV_163	92	0	0	482	254	506	0	0	0	0	0	0	0	0	0	0	0	0
ASV_160	168	27	196	725	216	0	0	0	0	0	0	0	0	0	0	0	0	0
ASV_131	0	0	0	0	0	0	1	1	1160	0	3	1	153	0	1	0	0	1
ASV_225	8	12	0	38	36	17	45	31	498	25	4	29	68	84	91	104	159	38
ASV_265	0	998	289	0	0	0	0	0	0	0	0	0	0	0	0	0	0	0
ASV_207	0	785	496	0	0	0	0	0	0	0	0	0	0	0	0	0	0	0
ASV_132	0	207	32	0	1040	0	0	0	0	0	0	0	0	0	0	0	0	0
ASV_184	0	859	417	0	0	0	0	0	0	0	0	0	0	0	0	0	0	0
ASV_162	2	0	0	0	0	1264	0	0	0	0	0	0	0	0	0	0	0	0
ASV_248	0	0	0	1	0	0	69	1	0	0	0	2	37	13	164	74	901	0
ASV_173	0	0	0	1	1255	0	0	0	0	0	0	0	0	0	0	0	0	0
ASV_195	0	0	0	0	0	0	7	128	485	49	68	159	55	133	22	124	8	17
ASV_299	1	1	0	40	1	51	28	0	7	33	6	0	288	126	314	22	173	159
ASV_250	0	0	0	0	0	0	186	215	244	71	3	111	110	159	7	53	5	76
ASV_188	61	131	15	681	330	0	0	0	0	0	0	0	0	0	0	0	0	0
ASV_161	0	0	0	0	0	0	18	67	137	832	0	1	30	69	2	8	3	47
ASV_270	0	0	0	0	0	0	0	193	122	71	6	389	125	121	9	156	11	11
ASV_151	3	5	0	531	668	0	0	0	0	0	0	0	0	0	0	0	0	0
ASV_197	0	0	0	0	0	0	75	133	228	14	80	106	132	52	95	77	11	202
ASV_203	1188	8	0	0	0	0	0	0	0	0	0	0	0	0	0	0	0	0
ASV_275	0	0	0	0	0	0	0	277	0	8	531	218	0	15	43	32	0	68
ASV_182	699	53	329	72	17	4	0	0	0	0	0	0	0	0	0	0	0	0
ASV_239	0	0	0	0	0	0	5	112	424	86	56	185	31	108	19	115	7	9
ASV_180	0	0	0	0	0	0	324	255	0	0	24	10	4	0	135	78	27	298
ASV_166	10	1	0	80	17	1010	1	0	0	0	0	0	0	0	0	0	0	0
ASV_192	15	603	3	170	311	16	0	0	0	0	0	0	0	0	0	0	0	0
ASV_300	0	63	7	0	0	1045	0	0	0	0	0	0	0	0	0	0	0	0
ASV_142	0	0	0	0	1111	0	0	0	0	0	0	0	0	0	0	0	0	0
ASV_213	1	1	0	9	0	9	92	0	234	220	15	21	192	189	49	58	7	10
ASV_159	0	0	0	0	0	0	0	396	594	0	3	0	102	0	6	0	0	0
ASV_205	230	1	0	69	2	790	0	0	0	0	0	0	0	0	0	0	0	0
ASV_220	8	0	0	33	3	10	235	2	34	19	7	110	136	27	133	101	90	126
ASV_287	0	0	0	0	0	0	94	34	0	236	382	37	0	123	67	30	0	64
ASV_193	0	0	0	0	0	0	219	694	0	0	0	105	0	0	0	9	2	29
ASV_158	669	292	56	38	0	0	0	0	0	0	0	0	0	0	0	0	0	0
ASV_331	816	102	8	11	70	37	0	0	0	0	0	0	0	0	0	0	0	0
ASV_345	3	89	16	0	248	683	0	0	0	0	0	0	0	0	0	0	0	0
ASV_241	0	0	0	1	11	1	23	62	509	10	2	131	42	37	19	118	31	41
ASV_292	0	0	0	0	0	0	56	118	7	344	213	102	6	113	37	21	0	17
ASV_256	0	975	17	0	41	0	0	0	0	0	0	0	0	0	0	0	0	0
ASV_330	0	0	0	0	0	0	4	0	2	1	342	0	1	2	678	0	0	0
ASV_324	0	0	0	0	0	0	1	10	426	0	1	0	563	0	4	0	0	18
ASV_178	28	84	3	5	900	0	0	0	0	0	0	0	0	0	0	0	0	0
ASV_187	400	211	337	5	61	1	0	0	0	0	0	0	0	0	0	0	0	0
ASV_259	93	83	50	294	117	376	0	0	0	0	0	0	0	0	0	0	0	0
ASV_288	0	0	0	0	0	0	746	0	19	0	0	161	23	0	0	35	9	20
ASV_228	0	0	0	0	0	0	7	33	863	0	3	28	52	0	21	3	2	0
ASV_210	0	0	0	0	0	0	190	55	301	9	1	264	13	3	14	85	5	70
ASV_200	0	0	0	216	0	784	0	0	0	0	0	0	0	0	0	0	0	0
ASV_293	0	0	0	0	0	0	5	17	35	125	7	336	15	151	15	279	10	5
ASV_445	0	167	831	0	0	0	0	0	0	0	0	0	0	0	0	0	0	0
ASV_297	0	0	0	0	0	0	5	2	84	3	0	26	608	56	1	88	76	47
ASV_304	0	0	0	0	0	0	56	53	266	155	1	9	92	133	24	79	7	118
ASV_229	0	0	0	0	0	0	1	59	826	7	3	0	80	4	0	0	2	10
ASV_881	0	0	0	0	0	0	539	3	0	172	3	115	6	34	22	53	24	21
ASV_198	0	0	0	0	0	0	0	7	890	4	0	0	76	12	0	0	0	0
ASV_271	0	0	0	0	0	0	4	12	440	0	308	75	78	0	37	25	1	0
ASV_247	56	17	5	16	34	843	0	0	0	0	0	0	0	0	0	0	0	0
ASV_313	0	0	0	0	0	0	345	112	3	36	15	300	2	2	0	75	0	72
ASV_278	0	0	0	0	0	0	73	193	0	348	96	139	0	47	11	18	0	30
ASV_284	0	0	0	1	0	0	100	5	55	1	0	0	71	87	149	124	313	48
ASV_261	0	0	0	0	0	0	141	45	0	558	80	44	0	71	3	3	0	4
ASV_176	0	0	0	0	0	0	278	562	0	0	0	0	0	0	0	0	0	100
ASV_245	0	0	0	0	0	0	63	0	1	101	0	2	43	568	0	49	0	103
ASV_337	3	12	0	15	23	59	91	66	54	89	5	73	35	52	129	112	8	104
ASV_524	0	0	0	0	0	0	108	14	0	0	1	0	10	0	183	365	236	2
ASV_255	63	617	15	0	220	0	0	0	0	0	0	0	0	0	0	0	0	0
ASV_222	821	4	2	24	13	45	0	0	0	0	0	0	0	0	0	0	0	0
ASV_387	1	0	0	33	1	1	8	21	17	0	1	7	8	11	426	230	140	2
ASV_308	2	0	1	0	0	20	4	0	5	9	0	1	465	145	0	24	103	124
ASV_199	0	893	8	0	0	0	0	0	0	0	0	0	0	0	0	0	0	0
ASV_254	0	0	0	0	0	0	28	12	1	849	0	0	0	6	0	0	0	0
ASV_253	0	41	5	0	0	846	0	0	0	0	0	0	0	0	0	0	0	0
ASV_267	645	8	0	134	22	77	0	0	0	0	0	0	0	0	0	0	0	0
ASV_291	0	746	28	0	112	0	0	0	0	0	0	0	0	0	0	0	0	0
ASV_356	0	49	7	0	0	827	0	0	0	0	0	0	0	0	0	0	0	0
ASV_186	0	0	0	0	0	0	742	0	0	0	0	0	0	0	0	0	90	48
ASV_189	0	0	0	0	0	0	4	4	760	11	2	5	64	14	3	6	0	6
ASV_237	0	0	0	804	0	75	0	0	0	0	0	0	0	0	0	0	0	0
ASV_251	0	0	0	872	0	4	0	0	0	0	0	0	0	0	0	0	0	0
ASV_289	0	0	0	0	0	0	0	0	713	0	0	0	163	0	0	0	0	0
ASV_211	0	0	0	0	0	0	2	37	800	2	0	0	11	1	0	0	15	5
ASV_217	186	4	8	216	34	416	0	0	0	0	0	0	0	0	0	0	0	0
ASV_340	0	0	0	0	0	0	308	151	0	0	61	0	0	0	68	0	0	275
ASV_242	0	1	0	0	17	7	8	5	496	0	0	12	213	7	0	44	18	34
ASV_281	0	0	0	0	0	0	115	138	113	337	112	0	3	29	8	0	0	7
ASV_542	0	0	0	0	1	0	14	0	4	2	1	0	347	49	141	49	150	96
ASV_262	29	6	0	422	18	377	0	0	0	0	0	0	0	0	0	0	0	0
ASV_268	0	89	1	2	756	0	0	0	0	0	0	0	0	0	0	0	0	0
ASV_482	1	17	65	295	340	129	0	0	0	0	0	0	0	0	0	0	0	0
ASV_208	1	0	0	426	0	7	1	0	0	0	14	0	0	1	391	0	4	0
ASV_285	0	0	0	0	0	0	58	311	58	2	2	47	59	11	32	97	8	158
ASV_238	0	0	38	801	2	0	0	0	0	0	0	0	0	0	0	0	0	0
ASV_321	0	0	0	0	0	0	68	78	35	172	238	89	22	44	35	11	1	47
ASV_309	0	32	5	0	0	802	0	0	0	0	0	0	0	0	0	0	0	0
ASV_377	0	0	0	0	0	0	1	0	0	18	595	125	0	0	77	18	0	4
ASV_252	54	27	3	752	0	0	0	0	0	0	0	0	0	0	0	0	0	0
ASV_274	0	0	0	0	0	0	84	17	62	0	232	30	185	0	99	42	0	85
ASV_418	2	0	0	39	2	18	12	2	33	12	3	2	162	107	140	38	230	31
ASV_276	0	41	1	790	0	0	0	0	0	0	0	0	0	0	0	0	0	0
ASV_780	0	2	830	0	0	0	0	0	0	0	0	0	0	0	0	0	0	0
ASV_185	0	0	0	0	0	0	0	10	754	0	0	5	51	0	0	9	0	0
ASV_1264	12	0	0	1	0	0	38	3	23	1	6	0	496	29	209	0	3	4
ASV_836	4	9	0	30	13	18	184	43	54	135	35	23	38	37	103	41	29	27
ASV_226	0	0	0	0	0	0	743	0	0	0	0	0	0	0	0	0	0	73
ASV_1101	22	18	4	3	125	639	0	0	0	0	0	0	0	0	0	0	0	0
ASV_224	0	0	30	0	261	518	0	0	0	0	0	0	0	0	0	0	0	0
ASV_272	13	49	5	634	59	43	0	0	0	0	0	0	0	0	0	0	0	0
ASV_305	0	0	0	0	0	0	1	54	212	62	190	2	27	167	75	7	2	1
ASV_269	0	0	0	0	0	0	28	466	18	26	0	5	52	34	25	5	10	120
ASV_295	0	0	0	0	0	0	458	253	0	0	1	1	0	0	31	0	2	38
ASV_392	0	0	0	0	8	1	246	323	0	0	0	42	23	0	22	75	3	39
ASV_357	1	2	0	3	0	70	110	9	32	5	2	10	61	45	26	201	155	48
ASV_279	33	9	200	398	40	97	0	0	0	0	0	0	0	0	0	0	0	0
ASV_376	0	25	2	0	0	744	0	0	0	0	0	0	0	0	0	0	0	0
ASV_249	0	0	0	763	0	0	0	0	0	0	0	0	0	0	0	0	0	0
ASV_373	110	1	0	151	37	46	6	7	0	6	5	1	3	30	157	82	87	25
ASV_218	0	752	1	0	0	0	0	0	0	0	0	0	0	0	0	0	0	0
ASV_344	0	0	0	0	0	0	4	0	0	0	723	0	0	0	25	0	0	0
ASV_530	0	0	0	0	0	0	159	43	0	0	68	201	0	0	53	130	0	96
ASV_260	6	39	25	153	468	54	0	0	0	0	0	0	0	0	0	0	0	0
ASV_257	0	0	0	0	0	0	152	266	22	0	0	1	7	0	0	0	8	288
ASV_326	18	5	0	151	20	28	4	1	1	5	9	1	0	96	251	91	56	3
ASV_244	0	0	0	0	0	0	569	157	1	0	1	0	0	0	0	0	3	3
ASV_322	0	0	0	0	0	0	125	258	0	1	267	0	0	0	39	0	1	43
ASV_181	0	0	0	0	0	0	416	21	152	49	0	16	18	9	0	27	21	3
ASV_204	0	583	31	0	109	0	0	0	0	0	0	0	0	0	0	0	0	0
ASV_334	0	0	0	0	0	0	0	0	0	1	1	0	0	0	91	0	630	0
ASV_1315	4	0	0	0	1	4	25	2	0	0	1	3	0	96	61	51	226	246
ASV_221	1	299	6	1	397	16	0	0	0	0	0	0	0	0	0	0	0	0
ASV_399	0	0	0	0	0	0	11	46	22	29	57	115	36	148	47	85	2	120
ASV_227	0	0	0	0	0	0	711	4	0	0	0	0	0	0	0	0	0	0
ASV_232	66	0	0	0	644	0	0	0	0	0	0	0	0	0	0	0	0	0
ASV_311	341	262	44	0	2	58	0	0	0	0	0	0	0	0	0	0	0	0
ASV_492	3	6	0	0	15	13	81	77	0	226	0	64	18	84	0	68	3	47
ASV_219	83	19	1	4	12	585	0	0	0	0	0	0	0	0	0	0	0	0
ASV_587	0	0	0	0	0	0	96	0	0	0	0	557	0	0	0	50	0	1
ASV_410	0	21	2	679	0	0	0	0	0	0	0	0	0	0	0	0	0	0
ASV_282	4	692	3	0	0	0	0	0	0	0	0	0	0	0	0	0	0	0
ASV_315	9	1	0	6	0	683	0	0	0	0	0	0	0	0	0	0	0	0
ASV_303	0	0	0	0	0	0	10	4	49	504	7	12	15	92	0	1	0	2
ASV_302	0	695	0	0	0	0	0	0	0	0	0	0	0	0	0	0	0	0
ASV_240	19	60	5	10	320	280	0	0	0	0	0	0	0	0	0	0	0	0
ASV_191	540	76	11	66	0	0	0	0	0	0	0	0	0	0	0	0	0	0
ASV_342	64	61	38	502	2	24	0	0	0	0	0	0	0	0	0	0	0	0
ASV_353	0	0	0	0	0	0	27	25	90	194	37	7	43	194	19	29	4	21
ASV_266	0	0	0	0	0	0	115	5	73	131	0	77	52	83	15	100	16	18
ASV_301	0	3	4	618	59	0	0	0	0	0	0	0	0	0	0	0	0	0
ASV_264	1	0	0	0	0	680	0	0	0	0	0	0	0	0	0	0	0	0
ASV_404	327	18	6	276	29	25	0	0	0	0	0	0	0	0	0	0	0	0
ASV_370	0	0	0	0	0	1	121	109	89	287	57	0	0	10	2	0	0	3
ASV_1201	0	0	0	0	0	0	41	5	48	0	1	1	48	26	167	239	87	15
ASV_319	0	0	0	0	0	0	121	193	6	109	7	18	20	56	51	33	5	59
ASV_323	0	0	0	0	0	0	603	1	0	0	6	0	0	0	1	0	0	67
ASV_485	0	0	0	0	0	0	0	24	1	38	289	80	12	92	98	28	0	14
ASV_294	1	631	29	3	9	2	0	0	0	0	0	0	0	0	0	0	0	0
ASV_390	10	4	0	128	11	72	7	0	0	0	5	0	39	3	220	80	90	5
ASV_371	0	0	0	0	0	0	0	83	180	69	125	43	14	83	57	19	0	0
ASV_263	0	265	0	0	406	0	0	0	0	0	0	0	0	0	0	0	0	0
ASV_421	0	0	0	0	0	0	2	0	556	14	0	0	40	5	48	6	0	0
ASV_314	0	0	0	8	0	0	16	2	350	1	1	0	38	0	67	1	175	11
ASV_283	32	12	113	399	34	78	0	0	0	0	0	0	0	0	0	0	0	0
ASV_280	0	665	0	0	0	0	0	0	0	0	0	0	0	0	0	0	0	0
ASV_365	0	0	0	0	0	0	12	2	373	1	49	4	140	0	35	5	0	44
ASV_495	7	0	0	9	4	7	14	7	55	23	11	21	9	15	14	138	38	291
ASV_307	0	0	0	0	0	0	117	6	149	49	4	98	56	42	4	62	14	60
ASV_338	0	0	0	0	0	0	0	0	650	0	0	3	5	0	0	0	0	3
ASV_223	0	602	56	0	1	0	0	0	0	0	0	0	0	0	0	0	0	0
ASV_290	0	653	2	0	0	0	0	0	0	0	0	0	0	0	0	0	0	0
ASV_341	0	0	0	0	0	0	494	0	0	0	155	0	0	0	4	0	0	0
ASV_555	0	0	0	0	0	0	0	109	0	3	312	133	0	12	21	18	0	40
ASV_638	0	0	0	0	0	0	4	1	90	0	0	18	457	0	0	67	0	8
ASV_396	0	0	1	0	0	1	8	0	135	4	0	48	314	12	0	56	47	17
ASV_437	0	39	4	0	0	593	0	0	0	0	0	0	0	0	0	0	0	0
ASV_298	441	14	8	0	15	156	0	0	0	0	0	0	0	0	0	0	0	0
ASV_286	0	256	52	299	19	2	0	0	0	0	0	0	0	0	0	0	0	0
ASV_347	0	0	0	0	0	0	3	0	200	47	0	0	120	136	0	0	11	110
ASV_1086	0	17	609	0	0	0	0	0	0	0	0	0	0	0	0	0	0	0
ASV_1070	0	0	0	0	0	0	81	32	165	6	0	1	137	45	17	9	7	117
ASV_320	0	0	0	0	616	0	0	0	0	0	0	0	0	0	0	0	0	0
ASV_953	0	0	0	0	0	0	196	0	1	100	0	115	13	55	2	54	49	31
ASV_409	0	24	3	0	0	588	0	0	0	0	0	0	0	0	0	0	0	0
ASV_479	77	30	22	347	90	45	0	0	0	0	0	0	0	0	0	0	0	0
ASV_335	58	13	0	414	120	0	0	0	0	0	0	0	0	0	0	0	0	0
ASV_327	0	604	0	0	0	0	0	0	0	0	0	0	0	0	0	0	0	0
ASV_378	0	27	3	0	0	572	0	0	0	0	0	0	0	0	0	0	0	0
ASV_277	0	0	0	0	0	0	48	51	14	408	3	10	1	45	6	5	0	7
ASV_358	0	0	0	0	0	0	29	239	213	10	0	41	2	3	0	3	5	50
ASV_439	0	32	2	0	0	559	0	0	0	0	0	0	0	0	0	0	0	0
ASV_405	179	257	12	0	143	0	0	0	0	0	0	0	0	0	0	0	0	0
ASV_350	29	3	13	392	103	49	0	0	0	0	0	0	0	0	0	0	0	0
ASV_762	1	0	1	0	0	0	99	41	15	6	0	23	190	41	18	71	50	33
ASV_508	0	0	0	0	1	58	120	0	0	0	0	80	10	0	0	153	153	13
ASV_620	0	414	173	0	0	0	0	0	0	0	0	0	0	0	0	0	0	0
ASV_429	0	0	0	0	0	0	3	173	0	23	0	0	0	9	0	0	0	378
ASV_366	0	0	0	0	0	0	101	24	26	327	20	18	5	28	0	1	3	32
ASV_339	0	0	0	0	0	0	413	71	3	1	25	57	0	0	4	5	0	5
ASV_363	6	5	2	537	2	31	0	0	0	0	0	0	0	0	0	0	0	0
ASV_367	0	0	0	0	0	0	0	0	0	392	0	0	0	191	0	0	0	0
ASV_368	186	0	4	372	6	13	1	0	0	0	0	0	0	0	0	0	0	0
ASV_483	14	13	0	0	542	11	0	0	0	0	0	0	0	0	0	0	0	0
ASV_351	90	28	84	298	32	47	0	0	0	0	0	0	0	0	0	0	0	0
ASV_413	0	0	0	0	0	0	21	64	0	380	1	0	0	102	0	0	0	8
ASV_273	574	0	0	0	0	0	0	0	0	0	0	0	0	0	0	0	0	0
ASV_372	0	0	0	0	0	0	0	236	0	15	0	292	0	2	0	23	6	0
ASV_718	0	0	0	0	0	0	3	177	176	152	0	0	27	34	3	1	1	0
ASV_317	0	572	0	0	0	0	0	0	0	0	0	0	0	0	0	0	0	0
ASV_443	0	0	0	0	0	0	26	85	0	0	402	0	0	0	59	0	0	0
ASV_529	0	0	0	0	0	0	5	19	2	150	1	7	83	272	15	9	2	5
ASV_500	0	0	0	0	0	0	98	174	1	0	111	0	36	0	127	0	0	20
ASV_520	3	0	0	17	0	17	26	2	28	15	2	4	118	62	109	30	123	11
ASV_540	0	0	0	0	0	0	27	76	57	73	15	27	45	119	20	39	2	64
ASV_234	0	43	0	0	519	0	0	0	0	0	0	0	0	0	0	0	0	0
ASV_473	0	0	0	0	0	0	163	1	0	0	0	4	0	44	13	0	334	1
ASV_343	0	0	0	0	0	0	23	415	33	0	0	0	12	0	9	1	0	62
ASV_408	0	35	8	0	0	511	0	0	0	0	0	0	0	0	0	0	0	0
ASV_496	2	0	0	13	1	21	1	0	5	12	1	0	130	56	127	17	91	76
ASV_938	0	60	0	298	75	118	0	0	0	0	0	0	0	0	0	0	0	0
ASV_755	0	0	0	4	4	1	17	1	0	0	129	58	1	1	206	44	27	48
ASV_400	0	0	0	0	0	1	0	49	0	0	0	0	9	0	0	16	0	464
ASV_652	0	0	0	0	0	0	77	80	98	18	4	55	66	68	10	20	2	41
ASV_384	371	62	9	5	39	50	0	0	0	0	0	0	0	0	0	0	0	0
ASV_771	0	0	0	0	0	0	3	184	0	0	113	0	1	0	211	0	7	17
ASV_425	0	0	0	0	0	0	49	3	0	15	0	13	93	61	0	35	262	4
ASV_310	0	34	0	0	500	0	0	0	0	0	0	0	0	0	0	0	0	0
ASV_383	0	0	0	0	0	0	6	0	0	152	0	62	21	148	1	120	18	5
ASV_478	0	0	0	0	0	0	0	1	1	0	295	0	0	0	235	0	0	0
ASV_761	0	0	0	0	0	0	31	0	188	2	0	171	16	1	0	71	52	0
ASV_398	97	1	8	2	420	2	0	0	0	0	0	0	0	0	0	0	0	0
ASV_352	124	131	27	0	247	0	0	0	0	0	0	0	0	0	0	0	0	0
ASV_412	0	0	0	0	0	0	149	89	0	0	40	121	0	0	14	29	0	87
ASV_674	0	394	128	0	0	0	0	0	0	0	0	0	0	0	0	0	0	0
ASV_391	0	2	0	6	0	0	136	145	117	4	3	9	58	6	20	5	0	10
ASV_467	0	25	4	0	0	492	0	0	0	0	0	0	0	0	0	0	0	0
ASV_332	446	71	0	2	0	0	0	0	0	0	0	0	0	0	0	0	0	0
ASV_374	0	519	0	0	0	0	0	0	0	0	0	0	0	0	0	0	0	0
ASV_584	2	3	0	21	11	6	17	9	167	8	1	9	24	33	59	59	76	12
ASV_354	0	0	0	0	0	0	1	0	506	0	0	0	9	0	0	0	0	0
ASV_444	286	73	103	3	51	0	0	0	0	0	0	0	0	0	0	0	0	0
ASV_463	513	3	0	0	0	0	0	0	0	0	0	0	0	0	0	0	0	0
ASV_466	217	80	33	1	185	0	0	0	0	0	0	0	0	0	0	0	0	0
ASV_522	0	81	0	46	0	389	0	0	0	0	0	0	0	0	0	0	0	0
ASV_634	0	0	0	0	0	0	331	0	3	10	0	106	7	3	0	23	20	13
ASV_576	0	0	0	0	0	0	15	15	24	45	2	145	14	87	9	144	7	6
ASV_385	0	20	1	0	0	489	0	0	0	0	0	0	0	0	0	0	0	0
ASV_316	0	0	0	0	0	0	4	5	247	35	0	74	21	25	2	42	8	46
ASV_1199	0	0	0	0	0	0	28	0	5	0	0	164	20	0	0	63	179	46
ASV_779	0	31	0	276	86	112	0	0	0	0	0	0	0	0	0	0	0	0
ASV_469	0	0	0	0	0	0	3	0	1	1	110	37	6	2	225	61	7	51
ASV_1095	0	0	0	0	0	0	29	59	84	38	228	0	4	7	45	0	0	9
ASV_494	0	0	0	0	0	0	0	0	0	0	0	0	3	1	1	0	498	0
ASV_657	374	48	3	8	54	13	0	0	0	0	0	0	0	0	0	0	0	0
ASV_355	0	210	1	285	2	0	0	0	0	0	0	0	0	0	0	0	0	0
ASV_616	0	0	0	0	0	0	12	5	2	0	0	1	51	11	246	49	119	2
ASV_306	0	0	0	4	492	0	0	0	0	0	0	0	0	0	0	0	0	0
ASV_361	496	0	0	0	0	0	0	0	0	0	0	0	0	0	0	0	0	0
ASV_901	0	0	0	0	0	0	52	3	33	0	0	98	70	0	0	107	133	0
ASV_312	402	6	0	0	81	4	0	0	0	0	0	0	0	0	0	0	0	0
ASV_388	24	0	0	165	94	210	0	0	0	0	0	0	0	0	0	0	0	0
ASV_476	0	0	0	0	1	0	54	34	17	69	1	1	27	111	72	81	25	0
ASV_336	336	0	1	0	154	1	0	0	0	0	0	0	0	0	0	0	0	0
ASV_325	0	0	0	0	0	0	0	399	0	0	0	82	1	0	2	7	0	0
ASV_333	0	0	0	0	0	0	0	4	444	0	0	0	42	0	0	0	1	0
ASV_559	0	0	0	0	0	0	25	0	0	0	0	2	13	1	85	27	335	2
ASV_380	0	17	1	0	0	469	0	0	0	0	0	0	0	0	0	0	0	0
ASV_433	0	0	0	0	1	0	24	1	19	1	0	1	2	109	111	25	185	8
ASV_382	0	0	0	0	0	0	24	0	457	0	0	0	4	0	0	0	0	0
ASV_561	0	0	0	0	0	0	10	75	0	0	145	0	21	0	210	0	4	19
ASV_460	0	33	5	0	0	445	0	0	0	0	0	0	0	0	0	0	0	0
ASV_468	0	0	0	0	0	1	0	0	8	0	0	0	472	0	0	0	0	1
ASV_927	0	0	0	0	1	0	70	9	10	50	0	52	12	77	0	157	20	23
ASV_470	0	0	0	1	0	0	191	148	0	20	81	35	0	1	2	0	1	0
ASV_493	0	0	0	0	0	0	64	7	201	35	1	60	12	20	1	16	49	14
ASV_601	0	0	0	0	0	0	35	0	0	24	0	4	30	284	0	60	1	42
ASV_537	1	476	2	0	0	0	0	0	0	0	0	0	0	0	0	0	0	0
ASV_426	99	48	9	131	190	0	0	0	0	0	0	0	0	0	0	0	0	0
ASV_465	35	43	7	263	127	0	0	0	0	0	0	0	0	0	0	0	0	0
ASV_499	0	0	0	3	0	4	39	0	85	90	12	11	86	86	28	20	4	7
ASV_589	0	0	0	0	0	0	0	0	1	0	0	0	0	0	1	0	435	38
ASV_549	0	0	0	0	0	0	22	48	224	0	38	54	36	1	27	0	5	18
ASV_449	0	25	6	0	0	441	0	0	0	0	0	0	0	0	0	0	0	0
ASV_456	286	25	120	29	6	5	0	0	0	0	0	0	0	0	0	0	0	0
ASV_685	0	0	0	0	0	0	17	115	33	0	0	82	41	2	31	103	12	33
ASV_258	218	2	0	0	248	0	0	0	0	0	0	0	0	0	0	0	0	0
ASV_688	0	0	0	0	0	0	4	0	0	12	349	56	0	0	35	12	0	0
ASV_349	0	0	0	0	0	0	373	48	0	0	0	0	0	0	0	0	0	45
ASV_451	0	0	0	0	0	0	146	0	0	0	0	0	0	0	0	0	0	319
ASV_430	35	0	0	4	0	81	47	0	0	1	0	0	39	5	7	3	174	67
ASV_603	0	0	0	0	0	0	26	154	100	110	1	0	16	6	5	2	2	41
ASV_633	0	0	0	0	0	0	71	94	49	28	38	2	15	82	7	2	0	74
ASV_987	0	52	2	236	68	104	0	0	0	0	0	0	0	0	0	0	0	0
ASV_1100	461	0	0	0	0	0	0	0	0	0	0	0	0	0	0	0	0	0
ASV_364	239	0	1	0	218	2	0	0	0	1	0	0	0	0	0	0	0	0
ASV_442	0	7	13	10	9	422	0	0	0	0	0	0	0	0	0	0	0	0
ASV_1066	0	0	0	0	0	0	21	38	109	28	79	16	9	69	16	46	1	26
ASV_401	107	0	18	21	272	40	0	0	0	0	0	0	0	0	0	0	0	0
ASV_441	126	291	41	0	0	0	0	0	0	0	0	0	0	0	0	0	0	0
ASV_568	0	0	0	0	0	0	289	10	0	0	0	0	0	0	0	0	2	155
ASV_318	0	0	0	0	455	0	0	0	0	0	0	0	0	0	0	0	0	0
ASV_424	22	415	0	18	0	0	0	0	0	0	0	0	0	0	0	0	0	0
ASV_375	0	453	0	0	0	1	0	0	0	0	0	0	0	0	0	0	0	0
ASV_394	0	0	0	0	0	0	38	158	0	0	0	35	7	0	0	135	11	68
ASV_597	0	116	2	0	0	332	0	0	0	0	0	0	0	0	0	0	0	0
ASV_359	0	0	0	0	0	0	277	6	0	0	88	0	0	0	39	0	0	39
ASV_528	0	0	0	0	449	0	0	0	0	0	0	0	0	0	0	0	0	0
ASV_558	0	21	2	0	0	426	0	0	0	0	0	0	0	0	0	0	0	0
ASV_1202	0	0	0	0	0	0	31	47	0	0	102	0	0	0	226	0	5	37
ASV_397	0	0	0	0	0	0	1	1	334	0	3	2	104	0	0	1	0	1
ASV_420	0	0	0	0	1	8	19	0	258	0	0	0	54	0	0	16	36	55
ASV_461	0	344	103	0	0	0	0	0	0	0	0	0	0	0	0	0	0	0
ASV_789	0	0	0	0	0	0	4	0	94	3	0	7	104	24	0	76	38	95
ASV_897	0	0	0	0	0	0	36	134	10	12	47	91	2	11	22	40	1	38
ASV_457	78	7	70	220	67	0	0	0	0	0	0	0	0	0	0	0	0	0
ASV_515	0	0	1	0	0	0	15	4	6	6	1	0	136	166	20	0	48	38
ASV_511	2	0	0	16	0	6	56	1	9	7	4	50	56	9	65	51	39	68
ASV_419	0	0	0	0	0	0	2	0	0	0	0	0	0	0	0	0	0	435
ASV_563	0	0	0	0	0	0	3	35	159	23	24	68	15	51	5	43	2	9
ASV_626	0	0	0	0	0	0	0	2	171	0	1	0	246	0	3	0	0	12
ASV_379	1	17	102	313	1	0	0	0	0	0	0	0	0	0	0	0	0	0
ASV_432	2	2	0	43	9	378	0	0	0	0	0	0	0	0	0	0	0	0
ASV_666	0	0	0	0	0	0	121	54	2	15	2	156	0	1	0	43	0	39
ASV_414	0	0	0	0	0	15	1	0	4	319	0	0	3	54	2	5	28	1
ASV_393	0	0	0	0	0	0	153	131	0	0	87	35	2	0	6	2	0	15
ASV_630	2	0	0	3	0	0	8	0	4	1	0	0	116	80	71	34	93	14
ASV_829	35	23	23	80	55	210	0	0	0	0	0	0	0	0	0	0	0	0
ASV_668	0	0	0	0	0	0	14	7	0	395	0	1	0	7	0	0	0	1
ASV_712	0	0	0	11	1	0	2	5	7	0	0	3	0	4	212	94	84	2
ASV_438	0	0	0	0	0	0	56	95	0	215	0	8	0	26	3	11	1	5
ASV_557	0	0	11	120	0	289	0	0	0	0	0	0	0	0	0	0	0	0
ASV_596	59	337	4	2	15	2	0	0	0	0	0	0	0	0	0	0	0	0
ASV_871	2	0	0	0	0	2	44	4	75	1	0	0	91	9	52	26	111	2
ASV_403	0	0	0	0	0	0	0	0	0	0	1	0	0	0	416	0	1	0
ASV_481	0	69	34	205	0	109	0	0	0	0	0	0	0	0	0	0	0	0
ASV_536	0	27	1	0	0	389	0	0	0	0	0	0	0	0	0	0	0	0
ASV_653	0	1	0	0	0	0	20	75	76	13	0	15	14	4	0	20	5	173
ASV_898	0	0	0	0	0	0	229	48	6	16	1	4	2	10	9	24	2	65
ASV_501	0	0	0	0	0	0	22	66	0	0	0	0	0	0	149	3	174	1
ASV_507	0	0	0	0	0	0	6	48	50	0	35	150	58	0	27	30	3	8
ASV_1002	0	0	0	0	0	0	101	116	33	10	0	10	28	7	0	42	9	57
ASV_1447	0	0	0	0	0	0	9	0	2	3	0	8	191	33	0	65	96	6
ASV_402	0	0	0	0	0	0	72	1	0	12	0	10	18	114	86	32	58	10
ASV_407	0	0	0	0	0	0	13	147	1	0	1	73	24	0	19	115	2	18
ASV_837	0	0	0	0	0	0	2	4	37	0	0	32	212	29	0	55	26	16
ASV_1151	0	0	0	0	0	0	79	0	0	38	0	208	1	8	0	28	38	12
ASV_360	16	0	0	395	0	0	0	0	0	0	0	0	0	0	1	0	0	0
ASV_472	0	0	0	0	0	0	4	0	11	2	0	14	137	96	39	29	22	58
ASV_487	15	5	1	12	24	354	0	0	0	0	0	0	0	0	0	0	0	0
ASV_462	0	21	1	0	0	388	0	0	0	0	0	0	0	0	0	0	0	0
ASV_348	0	409	0	0	0	0	0	0	0	0	0	0	0	0	0	0	0	0
ASV_514	0	0	0	0	0	0	1	0	56	0	2	7	135	40	93	50	0	25
ASV_721	87	83	115	0	123	0	0	0	0	0	0	0	0	0	0	0	0	0
ASV_783	0	0	0	0	3	30	38	5	7	0	0	4	39	22	14	124	99	23
ASV_539	0	0	0	0	0	0	37	0	0	99	0	0	4	35	0	16	164	52
ASV_648	0	0	0	0	1	0	0	2	1	0	0	0	1	0	397	3	0	0
ASV_406	12	366	1	0	22	1	0	0	0	0	0	0	0	0	0	0	0	0
ASV_611	0	0	0	0	0	0	35	5	24	0	109	15	111	0	43	21	0	38
ASV_395	0	0	0	0	0	0	208	102	0	0	0	1	0	0	83	3	3	0
ASV_428	31	228	6	1	134	0	0	0	0	0	0	0	0	0	0	0	0	0
ASV_643	0	0	0	0	0	0	26	1	17	2	0	0	43	40	76	47	131	17
ASV_716	0	0	0	0	0	0	69	38	0	0	0	269	0	0	0	23	0	1
ASV_532	0	0	0	0	0	0	42	50	204	2	0	56	8	5	7	5	6	13
ASV_624	0	0	0	0	0	0	17	128	11	97	5	31	10	23	36	21	4	14
ASV_931	0	0	0	0	0	0	20	0	1	0	0	0	105	0	0	5	262	4
ASV_740	4	9	0	11	24	43	19	3	0	0	0	21	12	36	23	160	30	1
ASV_497	0	394	0	0	0	0	0	0	0	0	0	0	0	0	0	0	0	0
ASV_416	0	0	0	0	0	0	47	0	37	120	0	127	3	15	7	28	6	3
ASV_509	0	0	0	0	0	0	94	247	0	0	0	41	0	0	0	3	0	8
ASV_498	0	392	0	0	0	0	0	0	0	0	0	0	0	0	0	0	0	0
ASV_381	5	378	0	1	3	3	0	0	0	0	0	0	0	0	0	0	0	0
ASV_450	1	5	0	46	5	333	0	0	0	0	0	0	0	0	0	0	0	0
ASV_714	0	0	0	0	0	0	121	65	0	43	20	91	0	14	13	13	0	9
ASV_693	0	380	4	0	0	3	0	0	0	0	0	0	0	0	0	0	0	0
ASV_791	0	0	0	0	0	0	3	5	33	0	0	41	193	0	0	43	54	11
ASV_1092	0	0	0	0	0	0	12	71	33	4	16	34	6	8	14	53	3	128
ASV_1391	0	0	382	0	0	0	0	0	0	0	0	0	0	0	0	0	0	0
ASV_510	0	0	0	1	0	0	2	0	1	0	2	0	0	0	372	0	2	0
ASV_554	0	0	0	0	0	0	1	189	0	0	13	0	102	0	59	0	0	16
ASV_724	12	3	89	273	1	2	0	0	0	0	0	0	0	0	0	0	0	0
ASV_715	0	0	0	3	0	0	23	2	0	4	0	0	122	90	34	1	56	44
ASV_1093	0	0	0	0	0	0	113	72	2	170	0	1	12	0	0	0	0	8
ASV_486	0	0	0	0	0	0	4	23	37	243	0	0	19	37	0	2	0	13
ASV_850	0	0	0	0	0	0	19	0	20	28	7	42	25	79	23	82	15	38
ASV_969	0	0	0	0	0	0	6	22	1	0	2	16	19	0	17	23	13	259
ASV_452	0	0	0	0	0	0	3	6	214	9	0	5	29	62	0	16	24	9
ASV_757	0	1	0	0	7	9	38	33	0	110	0	37	7	45	1	43	6	40
ASV_329	0	0	0	0	0	0	4	0	309	4	0	8	24	16	0	8	2	0
ASV_480	98	217	60	0	0	0	0	0	0	0	0	0	0	0	0	0	0	0
ASV_531	0	0	0	0	0	0	68	15	112	4	0	102	5	3	4	32	1	29
ASV_649	0	0	0	0	0	0	225	0	0	0	4	23	0	0	3	0	0	118
ASV_475	68	8	7	258	29	1	0	0	0	0	0	0	0	0	0	0	0	0
ASV_902	0	0	0	0	0	0	13	115	21	0	1	64	27	0	15	79	14	22
ASV_1096	0	0	0	0	0	0	1	3	0	0	255	0	0	0	111	0	0	0
ASV_435	0	0	0	0	0	0	0	369	0	0	0	0	0	0	0	1	0	0
ASV_719	0	0	0	0	0	0	17	0	40	0	0	8	264	0	0	10	20	9
ASV_1141	3	32	2	255	75	0	0	0	0	0	0	0	0	0	0	0	0	0
ASV_636	0	0	0	0	0	0	70	179	1	0	16	0	0	0	12	0	1	87
ASV_749	0	0	0	0	0	0	0	0	0	0	114	0	0	0	252	0	0	0
ASV_1307	0	0	0	0	0	0	11	0	0	10	0	47	8	10	0	247	9	21
ASV_434	0	0	0	0	0	0	273	0	0	0	0	0	0	0	0	0	0	90
ASV_1004	0	0	0	0	0	0	26	25	174	34	0	1	28	6	10	7	2	47
ASV_296	24	7	0	0	326	2	1	0	0	0	0	0	0	0	0	0	0	0
ASV_518	135	58	140	4	21	0	0	0	0	0	0	0	0	0	0	0	0	0
ASV_635	0	0	0	0	0	0	47	98	0	0	165	0	0	0	23	0	0	25
ASV_770	0	0	0	0	0	0	13	8	0	6	0	18	0	213	10	17	7	66
ASV_602	0	0	0	0	0	0	16	159	0	31	0	1	1	38	0	2	29	80
ASV_677	0	0	0	0	0	0	35	48	0	134	49	38	0	29	1	3	0	20
ASV_699	0	0	0	0	0	0	31	53	2	0	0	0	23	0	0	0	0	248
ASV_811	0	0	0	0	0	0	3	46	111	9	2	0	103	36	5	7	11	24
ASV_639	0	0	0	0	0	0	0	0	0	0	339	0	0	0	14	0	0	0
ASV_651	0	0	0	0	0	0	17	1	2	0	115	119	12	0	52	34	0	1
ASV_708	93	77	14	95	20	53	0	0	0	0	0	0	0	0	0	0	0	0
ASV_591	12	44	115	102	75	3	0	0	0	0	0	0	0	0	0	0	0	0
ASV_742	1	0	0	11	0	12	15	0	3	6	0	0	81	39	90	7	56	30
ASV_878	0	0	0	0	0	0	116	45	0	0	26	0	0	0	38	0	0	125
ASV_566	0	0	0	0	0	0	246	103	0	0	0	0	0	0	0	0	0	0
ASV_1240	0	0	0	0	0	0	2	10	3	4	45	57	27	82	27	38	0	50
ASV_455	0	0	0	0	0	0	5	12	4	276	0	0	0	44	0	0	0	4
ASV_1024	59	0	0	4	279	2	0	0	0	0	0	0	0	0	0	0	0	0
ASV_763	0	0	0	0	0	0	2	0	173	0	0	41	57	0	0	45	6	20
ASV_637	0	0	0	0	0	0	0	105	0	153	0	0	3	65	2	0	0	15
ASV_417	0	52	9	0	281	0	0	0	0	0	0	0	0	0	0	0	0	0
ASV_538	1	2	0	149	190	0	0	0	0	0	0	0	0	0	0	0	0	0
ASV_608	128	159	24	0	0	31	0	0	0	0	0	0	0	0	0	0	0	0
ASV_623	0	0	0	0	0	0	25	1	0	255	7	1	0	52	0	0	0	0
ASV_547	285	0	0	39	2	12	0	0	0	0	0	0	0	0	0	0	0	0
ASV_541	0	0	0	0	0	0	180	29	19	0	0	55	10	0	18	24	1	1
ASV_571	0	24	4	0	0	309	0	0	0	0	0	0	0	0	0	0	0	0
ASV_586	0	0	0	0	0	0	60	3	0	83	1	1	0	165	0	0	0	24
ASV_689	0	0	0	0	0	0	0	7	0	0	1	214	0	3	0	111	0	1
ASV_687	0	0	0	0	0	0	6	0	59	3	0	23	161	21	0	23	30	10
ASV_709	1	239	88	3	5	0	0	0	0	0	0	0	0	0	0	0	0	0
ASV_713	1	0	0	0	0	0	182	62	7	1	36	0	2	8	12	10	5	10
ASV_814	0	0	0	0	0	0	0	0	0	0	0	0	0	0	0	0	0	336
ASV_974	0	0	0	0	0	0	7	156	0	0	0	53	5	0	19	41	0	55
ASV_750	0	0	0	0	0	0	0	0	0	0	0	249	0	0	45	41	0	0
ASV_505	1	5	0	0	325	2	0	0	0	0	0	0	0	0	0	0	0	0
ASV_592	6	178	1	43	97	8	0	0	0	0	0	0	0	0	0	0	0	0
ASV_826	0	0	0	0	0	0	0	1	0	94	0	72	0	148	0	14	0	4
ASV_605	8	3	92	162	25	42	0	0	0	0	0	0	0	0	0	0	0	0
ASV_1163	0	0	0	1	5	2	27	6	84	0	0	17	87	7	25	56	10	4
ASV_807	0	0	0	0	0	0	10	138	0	30	0	0	51	8	0	0	9	85
ASV_647	0	0	0	2	0	0	21	0	73	81	6	8	50	48	18	17	2	4
ASV_683	291	2	22	12	2	0	0	1	0	0	0	0	0	0	0	0	0	0
ASV_744	0	0	0	0	0	0	215	22	2	0	23	0	1	0	15	0	1	51
ASV_411	0	6	4	1	69	249	0	0	0	0	0	0	0	0	0	0	0	0
ASV_781	0	10	1	318	0	0	0	0	0	0	0	0	0	0	0	0	0	0
ASV_1161	0	0	0	0	0	0	6	55	0	0	77	0	5	0	170	0	0	15
ASV_698	0	0	0	0	0	0	58	18	0	176	28	10	0	29	4	1	0	4
ASV_745	0	0	0	0	0	0	6	36	0	0	137	0	0	0	126	0	1	22
ASV_458	11	3	0	200	83	30	0	0	0	0	0	0	0	0	0	0	0	0
ASV_764	0	0	0	2	0	0	11	18	114	0	0	4	25	0	34	16	96	7
ASV_797	58	250	6	3	0	0	0	6	0	2	0	0	0	0	0	0	0	0
ASV_453	324	0	0	0	0	0	0	0	0	0	0	0	0	0	0	0	0	0
ASV_386	0	0	0	319	4	0	0	0	0	0	0	0	0	0	0	0	0	0
ASV_1353	1	3	0	0	1	13	72	15	15	92	1	3	14	32	3	12	3	42
ASV_697	0	0	0	0	0	0	37	0	0	132	0	120	3	5	0	22	2	1
ASV_851	0	0	0	0	1	0	33	157	41	0	2	5	1	0	7	6	67	2
ASV_523	0	0	0	0	0	0	6	63	15	23	13	35	19	29	29	24	1	63
ASV_1008	0	0	0	0	0	0	19	0	1	0	0	54	14	0	61	114	26	30
ASV_427	8	11	0	3	124	173	0	0	0	0	0	0	0	0	0	0	0	0
ASV_654	0	0	0	0	0	0	57	0	191	0	0	0	43	0	1	0	1	25
ASV_975	0	0	0	0	0	0	0	55	2	2	1	150	1	9	4	77	0	17
ASV_1418	0	0	0	0	1	3	5	1	0	0	70	28	0	1	138	28	10	32
ASV_474	19	42	6	3	247	0	0	0	0	0	0	0	0	0	0	0	0	0
ASV_431	0	21	4	20	70	199	0	0	0	0	0	0	0	0	0	0	0	0
ASV_446	0	0	0	0	0	0	236	78	0	0	0	0	0	0	0	0	0	0
ASV_575	0	0	0	0	0	1	32	4	20	55	0	27	11	50	0	32	26	56
ASV_692	3	1	0	0	1	5	71	1	3	0	0	1	7	0	0	23	180	18
ASV_727	0	313	1	0	0	0	0	0	0	0	0	0	0	0	0	0	0	0
ASV_1034	0	0	0	0	0	0	3	21	134	9	0	42	35	14	0	40	11	4
ASV_701	0	0	0	0	0	0	0	313	0	0	0	0	0	0	0	0	0	0
ASV_769	0	0	0	0	0	0	198	1	0	1	0	82	1	0	0	30	0	0
ASV_995	0	0	0	0	0	0	3	59	120	56	1	10	9	10	4	13	0	28
ASV_1097	0	0	0	0	0	0	0	0	0	0	0	261	0	0	0	50	0	0
ASV_389	99	0	12	0	196	3	0	0	0	0	0	0	0	0	0	0	0	1
ASV_513	0	0	0	0	0	0	228	83	0	0	0	0	0	0	0	0	0	0
ASV_612	0	0	0	0	0	0	250	61	0	0	0	0	0	0	0	0	0	0
ASV_1337	4	0	0	0	0	2	37	0	0	22	0	22	0	29	0	114	24	56
ASV_1235	0	29	0	160	49	71	0	0	0	0	0	0	0	0	0	0	0	0
ASV_1001	0	0	0	0	0	0	4	0	0	0	0	0	65	0	0	0	239	0
ASV_328	0	8	2	0	0	298	0	0	0	0	0	0	0	0	0	0	0	0
ASV_552	61	0	3	81	9	154	0	0	0	0	0	0	0	0	0	0	0	0
ASV_617	0	0	0	0	0	0	8	54	13	0	1	23	21	0	72	92	3	21
ASV_782	0	1	0	19	1	3	9	0	0	0	3	0	17	28	150	30	46	1
ASV_599	0	2	0	3	0	0	0	54	103	0	0	0	145	0	0	0	0	0
ASV_1352	0	0	0	0	0	0	128	152	0	0	0	0	1	0	0	0	3	22
ASV_527	0	233	20	0	53	0	0	0	0	0	0	0	0	0	0	0	0	0
ASV_886	0	0	0	0	0	0	2	97	0	0	103	0	38	0	65	0	0	0
ASV_970	0	0	0	0	0	0	140	62	0	0	13	0	0	0	11	0	0	79
ASV_994	0	0	0	0	0	24	1	1	37	1	0	0	40	2	0	25	170	3
ASV_664	1	0	0	2	1	1	11	14	3	110	1	13	12	74	15	37	1	7
ASV_735	0	0	0	0	0	0	0	273	0	0	0	0	0	0	0	0	9	21
ASV_804	0	1	0	0	1	0	0	0	0	0	0	0	1	0	0	0	299	0
ASV_1261	0	0	0	0	0	0	0	0	0	0	0	0	0	1	36	7	250	6
ASV_1292	0	0	0	0	0	0	21	1	13	0	0	0	10	0	0	0	0	254
ASV_795	269	4	1	7	1	17	0	0	0	0	0	0	0	0	0	0	0	0
ASV_952	0	0	0	0	0	0	25	0	0	0	0	188	0	0	0	32	37	17
ASV_502	0	0	0	0	0	0	3	74	37	142	0	4	10	10	6	9	0	3
ASV_906	0	0	0	0	0	0	10	11	172	0	19	3	55	0	17	6	1	4
ASV_1301	0	0	0	0	0	0	19	95	1	0	5	33	2	0	33	46	1	62
ASV_525	147	71	69	6	2	2	0	0	0	0	0	0	0	0	0	0	0	0
ASV_914	0	224	73	0	0	0	0	0	0	0	0	0	0	0	0	0	0	0
ASV_916	5	3	23	114	102	49	0	0	0	0	0	0	0	0	0	0	0	0
ASV_484	0	0	0	0	0	0	294	1	0	0	0	0	0	0	0	0	0	0
ASV_459	24	18	0	0	252	0	0	0	0	0	0	0	0	0	0	0	0	0
ASV_751	103	51	127	1	12	0	0	0	0	0	0	0	0	0	0	0	0	0
ASV_772	0	0	0	0	0	0	0	187	78	0	0	0	14	0	6	0	1	8
ASV_1190	0	0	0	0	3	1	79	111	0	0	0	19	11	0	10	48	0	11
ASV_1196	0	0	0	0	0	0	28	1	19	70	0	8	1	84	0	59	17	6
ASV_516	0	0	0	0	0	0	0	0	0	290	0	0	0	3	0	0	0	0
ASV_581	31	18	12	183	7	42	0	0	0	0	0	0	0	0	0	0	0	0
ASV_464	0	0	0	0	0	0	0	0	0	278	0	0	0	11	0	0	2	0
ASV_640	88	21	2	168	9	3	0	0	0	0	0	0	0	0	0	0	0	0
ASV_663	0	8	0	283	0	0	0	0	0	0	0	0	0	0	0	0	0	0
ASV_671	163	17	110	0	1	0	0	0	0	0	0	0	0	0	0	0	0	0
ASV_696	0	0	0	0	0	0	175	57	0	2	14	32	0	5	2	0	0	4
ASV_614	0	0	0	0	0	0	44	45	46	106	41	0	0	5	1	0	0	2
ASV_903	0	0	0	0	0	0	0	126	0	49	35	2	0	42	35	1	0	0
ASV_1246	0	0	0	0	0	0	15	6	0	0	2	49	9	0	2	33	0	173
ASV_1500	0	0	0	0	0	0	56	29	0	0	65	0	0	0	82	0	6	51
ASV_869	0	2	0	0	0	0	70	80	70	1	2	8	36	0	13	4	0	3
ASV_573	0	1	15	146	26	100	0	0	0	0	0	0	0	0	0	0	0	0
ASV_489	29	44	0	0	0	213	0	0	0	0	0	0	0	0	0	0	0	0
ASV_572	0	12	5	0	0	269	0	0	0	0	0	0	0	0	0	0	0	0
ASV_736	0	0	0	0	0	0	0	0	197	0	0	0	89	0	0	0	0	0
ASV_704	49	95	1	4	133	1	0	2	0	0	0	0	0	0	0	0	0	0
ASV_1229	1	9	0	84	1	23	17	0	0	0	0	0	3	0	48	12	80	6
ASV_567	0	0	0	0	0	0	6	1	19	179	7	4	10	56	0	0	0	2
ASV_859	0	0	0	0	0	0	43	10	0	137	23	53	0	9	8	1	0	0
ASV_711	14	188	3	0	78	0	0	0	0	0	0	0	0	0	0	0	0	0
ASV_884	0	0	0	0	0	0	48	3	55	13	1	46	38	20	0	22	20	17
ASV_490	94	0	122	0	66	0	0	0	0	0	0	0	0	0	0	0	0	0
ASV_582	206	5	0	45	1	25	0	0	0	0	0	0	0	0	0	0	0	0
ASV_1498	0	0	0	0	0	0	59	99	2	0	0	0	39	0	0	0	3	79
ASV_579	1	0	0	100	0	2	0	0	0	0	6	0	0	1	165	0	5	0
ASV_725	0	179	101	0	0	0	0	0	0	0	0	0	0	0	0	0	0	0
ASV_741	0	2	67	40	171	0	0	0	0	0	0	0	0	0	0	0	0	0
ASV_790	0	0	0	0	0	0	25	0	228	0	0	1	25	1	0	0	0	0
ASV_1348	0	0	0	0	0	0	115	40	0	0	0	10	14	0	0	69	11	20
ASV_895	0	1	0	1	1	29	45	4	12	1	0	2	23	15	9	72	53	11
ASV_506	0	0	0	0	0	0	91	121	0	0	0	0	0	0	0	0	0	66
ASV_747	0	0	0	0	0	0	11	152	2	9	0	3	21	12	8	8	2	50
ASV_488	277	0	0	0	0	0	0	0	0	0	0	0	0	0	0	0	0	0
ASV_1139	0	275	1	0	0	0	0	0	0	0	0	0	0	0	0	0	0	0
ASV_932	0	0	0	0	0	0	0	0	0	0	0	0	0	0	0	13	263	0
ASV_533	0	0	0	0	0	0	267	0	0	0	0	0	1	0	0	0	7	0
ASV_684	0	0	0	0	0	0	101	83	44	0	0	2	6	0	20	2	6	11
ASV_808	0	0	0	0	0	0	27	13	38	123	0	2	22	33	0	10	7	0
ASV_729	12	0	0	3	1	258	0	0	0	0	0	0	0	0	0	0	0	0
ASV_999	0	0	0	0	0	0	20	60	14	2	0	21	27	2	18	40	3	66
ASV_560	0	0	0	0	0	0	216	51	0	0	0	0	0	0	0	0	4	1
ASV_585	0	0	0	0	0	272	0	0	0	0	0	0	0	0	0	0	0	0
ASV_600	0	0	0	0	0	0	105	104	0	0	0	0	0	0	0	0	4	58
ASV_629	0	136	0	0	68	67	0	0	0	0	0	0	0	0	0	0	0	0
ASV_1251	0	0	0	0	0	0	76	42	0	0	44	0	0	0	65	0	1	42
ASV_477	0	0	0	0	0	0	0	0	258	0	1	0	10	0	0	0	0	1
ASV_577	0	0	0	0	0	0	1	2	229	0	0	0	38	0	0	0	0	0
ASV_1065	0	0	0	0	0	0	7	86	0	0	0	129	0	0	0	27	0	20
ASV_1106	1	1	0	0	0	24	50	0	0	0	0	45	3	0	0	63	77	5
ASV_650	0	0	0	0	0	0	55	36	0	0	31	73	0	0	12	19	0	43
ASV_813	0	0	0	0	0	0	0	117	0	0	135	0	0	0	16	0	0	1
ASV_1143	0	0	0	0	0	0	145	69	0	0	1	0	2	0	4	0	2	45
ASV_694	0	130	25	107	3	3	0	0	0	0	0	0	0	0	0	0	0	0
ASV_800	0	236	32	0	0	0	0	0	0	0	0	0	0	0	0	0	0	0
ASV_825	0	1	0	0	0	0	20	171	21	0	0	1	18	23	0	3	7	2
ASV_471	0	0	0	0	0	0	263	2	0	0	0	0	0	0	0	0	0	0
ASV_820	0	0	0	263	0	1	0	0	0	0	0	0	0	0	0	0	0	0
ASV_943	0	0	0	15	0	5	4	0	11	4	0	2	58	28	56	16	58	7
ASV_786	0	0	0	0	0	0	83	45	0	0	12	0	36	0	29	0	0	58
ASV_793	143	61	2	57	0	0	0	0	0	0	0	0	0	0	0	0	0	0
ASV_821	0	32	0	3	228	0	0	0	0	0	0	0	0	0	0	0	0	0
ASV_913	0	67	3	0	0	193	0	0	0	0	0	0	0	0	0	0	0	0
ASV_1295	0	0	0	0	0	0	35	0	1	6	0	3	2	175	0	12	19	9
ASV_422	236	26	0	0	0	0	0	0	0	0	0	0	0	0	0	0	0	0
ASV_545	0	0	0	0	0	0	111	32	16	64	4	14	1	5	0	0	0	15
ASV_546	0	0	0	0	0	0	0	1	219	0	0	4	37	0	0	1	0	0
ASV_992	2	7	0	19	12	222	0	0	0	0	0	0	0	0	0	0	0	0
ASV_954	0	0	0	0	0	0	42	60	0	0	43	6	22	0	49	6	0	33
ASV_609	186	61	12	1	0	0	0	0	0	0	0	0	0	0	0	0	0	0
ASV_628	23	10	0	227	0	0	0	0	0	0	0	0	0	0	0	0	0	0
ASV_672	0	251	4	3	2	0	0	0	0	0	0	0	0	0	0	0	0	0
ASV_695	0	0	0	0	0	0	82	95	47	0	1	10	1	0	0	0	18	5
ASV_517	99	1	3	155	0	0	0	0	0	0	0	0	0	0	0	0	0	0
ASV_548	0	0	0	55	0	203	0	0	0	0	0	0	0	0	0	0	0	0
ASV_828	0	0	0	0	0	0	0	0	0	0	190	2	0	0	65	1	0	0
ASV_678	0	0	0	0	0	0	164	8	1	0	0	17	4	0	1	57	4	1
ASV_1028	3	0	0	2	3	0	4	0	10	6	4	15	2	15	7	60	20	105
ASV_519	224	32	0	0	0	0	0	0	0	0	0	0	0	0	0	0	0	0
ASV_544	0	0	0	0	0	0	255	0	0	0	0	0	0	0	0	0	1	0
ASV_988	8	21	25	0	100	102	0	0	0	0	0	0	0	0	0	0	0	0
ASV_1021	0	2	88	0	1	163	0	0	0	0	0	0	0	0	0	0	0	1
ASV_676	0	0	0	31	0	0	0	0	0	0	1	0	0	0	222	1	0	0
ASV_491	0	8	0	0	0	246	0	0	0	0	0	0	0	0	0	0	0	0
ASV_534	0	0	0	0	0	0	2	3	12	215	0	0	3	18	0	0	0	1
ASV_1150	0	0	0	0	0	0	21	74	47	0	1	0	30	0	24	1	0	55
ASV_553	45	3	0	182	23	0	0	0	0	0	0	0	0	0	0	0	0	0
ASV_730	0	0	0	0	0	0	46	29	14	110	0	13	18	11	0	3	0	9
ASV_842	193	27	2	0	20	11	0	0	0	0	0	0	0	0	0	0	0	0
ASV_556	0	19	3	0	0	230	0	0	0	0	0	0	0	0	0	0	0	0
ASV_809	0	0	0	0	0	0	0	33	170	0	0	0	37	0	0	0	2	10
ASV_822	0	0	0	0	0	0	21	13	9	0	17	0	73	0	97	0	5	17
ASV_1031	0	0	0	0	0	0	4	0	0	0	4	0	54	0	169	1	15	4
ASV_679	0	0	0	0	0	0	30	0	0	10	0	155	0	18	1	37	0	0
ASV_888	0	0	0	0	0	0	0	1	0	0	0	0	0	0	1	0	249	0
ASV_551	0	0	0	0	0	0	0	0	245	0	0	0	5	0	0	0	0	0
ASV_574	0	0	0	0	0	0	130	0	0	0	0	59	0	0	20	11	14	16
ASV_827	0	0	0	0	0	0	2	0	4	137	1	4	0	24	1	53	1	23
ASV_1090	3	3	0	2	12	17	12	2	0	0	0	10	23	26	19	98	19	3
ASV_948	0	0	0	0	3	0	24	53	10	0	0	29	11	0	1	83	21	14
ASV_588	0	0	0	0	0	0	2	12	218	1	0	3	3	1	0	5	3	0
ASV_858	0	0	0	0	0	0	4	7	215	0	1	7	9	0	4	0	1	0
ASV_928	0	0	0	0	0	0	7	66	7	57	0	18	11	26	37	6	3	10
ASV_1117	0	0	0	0	0	0	219	11	0	0	0	0	0	0	0	0	0	17
ASV_1007	0	0	0	0	0	0	3	0	1	0	54	29	5	0	98	28	2	26
ASV_503	0	0	0	0	0	0	0	0	237	0	0	0	9	0	0	0	0	0
ASV_1135	7	0	0	0	0	0	11	0	0	56	0	0	1	60	0	12	98	0
ASV_454	0	0	0	0	243	0	0	0	0	0	0	0	0	0	0	0	0	0
ASV_706	58	54	20	0	111	0	0	0	0	0	0	0	0	0	0	0	0	0
ASV_876	0	0	0	0	0	0	2	0	3	4	0	0	81	20	51	0	73	9
ASV_1060	1	0	0	0	0	0	6	1	1	3	0	0	79	83	17	0	33	18
ASV_1360	0	0	0	0	0	0	1	202	1	7	0	8	12	3	0	3	2	3
ASV_550	0	0	0	0	0	0	0	71	131	0	0	0	36	0	3	0	0	1
ASV_787	0	0	0	0	0	0	51	5	7	112	8	13	4	15	1	1	2	23
ASV_1452	0	0	0	0	0	0	16	1	0	1	0	0	0	8	3	0	185	27
ASV_1509	0	0	0	0	0	0	9	40	0	0	59	0	45	0	87	0	0	1
ASV_562	0	0	0	0	0	0	3	179	35	5	0	9	8	0	0	2	0	0
ASV_1148	0	0	0	0	0	0	10	24	2	86	51	30	1	26	2	2	0	6
ASV_631	0	0	0	0	240	0	0	0	0	0	0	0	0	0	0	0	0	0
ASV_662	1	1	5	232	0	0	1	0	0	0	0	0	0	0	0	0	0	0
ASV_521	0	9	0	0	0	230	0	0	0	0	0	0	0	0	0	0	0	0
ASV_866	99	8	7	82	21	22	0	0	0	0	0	0	0	0	0	0	0	0
ASV_900	0	0	0	0	0	0	165	0	0	0	70	0	0	0	3	0	0	0
ASV_1113	0	0	0	0	0	0	9	9	17	0	1	6	26	0	33	7	3	126
ASV_448	41	0	0	0	194	0	0	0	0	0	0	0	0	0	0	0	0	0
ASV_686	0	0	0	0	0	0	0	235	0	0	0	0	0	0	0	0	0	0
ASV_924	0	0	0	1	0	0	18	0	11	0	0	0	28	21	36	29	83	6
ASV_1212	0	0	0	0	0	0	0	0	176	4	1	1	13	7	27	3	0	0
ASV_960	1	19	2	0	30	180	0	0	0	0	0	0	0	0	0	0	0	0
ASV_615	0	0	0	0	0	0	40	100	57	9	4	2	8	0	1	1	0	9
ASV_717	0	0	0	0	0	0	3	189	0	0	0	0	0	0	0	0	0	39
ASV_1005	0	0	0	0	0	0	0	17	61	13	60	3	5	42	26	2	0	0
ASV_641	60	35	0	0	0	134	0	0	0	0	0	0	0	0	0	0	0	0
ASV_824	0	0	0	0	0	0	36	94	0	6	0	74	0	11	0	6	0	2
ASV_645	0	194	34	0	0	0	0	0	0	0	0	0	0	0	0	0	0	0
ASV_1294	0	0	0	0	0	0	39	0	2	0	0	9	5	0	0	69	85	18
ASV_246	0	0	0	227	0	0	0	0	0	0	0	0	0	0	0	0	0	0
ASV_512	58	73	12	3	22	59	0	0	0	0	0	0	0	0	0	0	0	0
ASV_1035	0	0	0	0	0	0	2	109	0	0	0	95	0	0	0	20	0	0
ASV_526	169	57	0	0	0	0	0	0	0	0	0	0	0	0	0	0	0	0
ASV_737	0	0	0	0	0	0	1	0	49	20	2	0	54	55	2	0	6	37
ASV_766	0	226	0	0	0	0	0	0	0	0	0	0	0	0	0	0	0	0
ASV_1036	0	0	0	0	0	0	10	19	0	0	173	0	0	0	23	0	0	0
ASV_1168	0	0	0	0	0	0	32	0	0	0	0	44	2	1	0	121	17	8
ASV_583	0	0	0	177	0	0	0	0	0	0	1	0	0	0	46	0	1	0
ASV_665	0	0	0	0	0	0	62	35	0	0	8	3	1	0	24	22	4	66
ASV_776	63	55	2	63	39	3	0	0	0	0	0	0	0	0	0	0	0	0
ASV_702	0	0	0	0	0	0	0	0	196	0	0	8	15	0	0	5	0	0
ASV_841	90	89	44	1	0	0	0	0	0	0	0	0	0	0	0	0	0	0
ASV_1019	0	28	0	8	0	186	0	0	0	0	0	0	0	0	0	0	0	0
ASV_1074	0	0	0	0	0	0	0	0	0	0	0	0	0	0	0	0	202	20
ASV_595	0	18	1	0	0	203	0	0	0	0	0	0	0	0	0	0	0	0
ASV_565	9	15	2	2	102	91	0	0	0	0	0	0	0	0	0	0	0	0
ASV_569	0	0	0	0	0	0	154	0	0	18	0	0	0	49	0	0	0	0
ASV_675	0	0	4	217	0	0	0	0	0	0	0	0	0	0	0	0	0	0
ASV_756	0	2	1	196	22	0	0	0	0	0	0	0	0	0	0	0	0	0
ASV_925	0	0	1	0	0	0	23	0	2	0	0	25	12	5	35	83	30	5
ASV_892	24	13	51	99	15	18	0	0	0	0	0	0	0	0	0	0	0	0
ASV_982	32	26	20	33	29	80	0	0	0	0	0	0	0	0	0	0	0	0
ASV_621	7	12	0	1	7	192	0	0	0	0	0	0	0	0	0	0	0	0
ASV_627	213	1	0	0	0	5	0	0	0	0	0	0	0	0	0	0	0	0
ASV_644	0	0	0	0	0	0	0	1	193	0	0	3	16	1	1	0	1	3
ASV_710	0	13	1	0	0	205	0	0	0	0	0	0	0	0	0	0	0	0
ASV_882	0	0	0	0	0	0	29	27	8	112	0	3	0	21	2	3	0	14
ASV_564	0	0	0	0	0	0	0	0	212	0	0	0	6	0	0	0	0	0
ASV_658	138	3	5	0	7	65	0	0	0	0	0	0	0	0	0	0	0	0
ASV_670	0	0	0	0	0	0	0	0	212	0	0	0	6	0	0	0	0	0
ASV_979	0	0	0	0	0	0	0	0	0	0	0	0	0	0	1	1	216	0
ASV_998	0	0	0	0	0	0	43	53	26	0	50	1	12	0	18	15	0	0
ASV_816	115	3	3	96	0	0	0	0	0	0	0	0	0	0	0	0	0	0
ASV_1506	0	0	0	0	0	0	12	130	2	0	0	11	24	0	0	13	0	24
ASV_880	0	0	0	0	0	0	51	0	18	1	0	2	3	0	32	73	34	2
ASV_904	0	0	0	0	0	0	0	14	5	0	0	0	93	0	0	0	97	7
ASV_839	0	0	0	0	0	0	0	25	65	0	0	0	38	0	44	0	12	31
ASV_875	0	1	0	0	0	0	24	4	82	17	0	23	4	13	1	8	34	4
ASV_997	0	0	0	0	0	0	23	14	6	29	0	3	8	46	41	35	9	1
ASV_1057	0	0	0	0	0	1	54	12	1	22	1	79	0	15	0	0	12	17
ASV_1116	0	0	0	0	0	0	33	0	19	0	0	9	105	0	0	32	0	16
ASV_1121	0	0	0	0	0	0	16	65	16	1	0	20	14	1	14	20	0	47
ASV_594	0	170	10	0	34	0	0	0	0	0	0	0	0	0	0	0	0	0
ASV_1025	0	0	0	0	0	0	7	135	0	0	0	31	2	0	0	19	4	15
ASV_1287	0	0	0	0	0	0	31	33	0	35	0	29	17	56	0	12	0	0
ASV_680	0	0	0	0	0	0	4	194	5	0	0	1	1	0	0	0	1	7
ASV_893	18	16	19	38	69	53	0	0	0	0	0	0	0	0	0	0	0	0
ASV_1164	0	0	0	0	0	0	2	0	11	0	0	27	64	0	0	84	13	11
ASV_613	0	0	0	0	0	0	136	0	0	49	0	0	0	16	0	0	11	0
ASV_833	0	7	2	4	2	197	0	0	0	0	0	0	0	0	0	0	0	0
ASV_838	0	0	0	0	0	0	42	3	0	0	0	8	0	1	0	1	156	0
ASV_865	208	3	0	0	0	0	0	0	0	0	0	0	0	0	0	0	0	0
ASV_1124	65	5	1	24	44	71	0	0	0	0	0	0	0	0	0	0	0	0
ASV_1331	0	59	151	0	0	0	0	0	0	0	0	0	0	0	0	0	0	0
ASV_669	0	0	0	0	0	0	13	37	15	0	12	0	69	0	15	0	1	48
ASV_835	0	0	0	3	0	0	9	1	16	148	0	1	4	9	3	1	2	13
ASV_1083	0	58	151	0	0	0	0	0	0	0	0	0	0	0	0	0	0	0
ASV_1160	0	0	0	0	0	0	70	98	6	0	0	0	2	0	1	9	1	22
ASV_1191	0	0	0	0	0	0	6	12	32	40	0	0	54	56	6	0	0	3
ASV_732	0	0	0	0	0	0	18	0	0	0	0	1	12	1	0	177	0	0
ASV_857	0	0	0	0	0	0	3	1	168	1	0	2	18	5	0	8	0	3
ASV_899	0	0	0	0	0	0	159	25	0	0	3	0	0	0	2	0	0	20
ASV_1037	0	0	0	0	0	0	6	4	94	0	0	64	17	0	0	23	0	0
ASV_844	13	0	0	0	0	31	12	0	2	1	0	0	13	1	4	0	96	35
ASV_930	0	0	0	0	0	0	0	0	4	0	0	0	203	0	0	1	0	0
ASV_1145	0	0	0	0	0	0	52	13	0	0	1	12	3	0	53	33	39	1
ASV_1521	1	0	0	0	0	0	10	0	2	2	0	0	47	14	18	2	46	65
ASV_796	51	3	17	61	0	75	0	0	0	0	0	0	0	0	0	0	0	0
ASV_1446	0	0	0	0	0	0	0	1	0	0	1	0	0	3	185	1	8	7
ASV_625	0	0	0	0	0	0	14	99	28	0	0	1	27	0	0	3	3	31
ASV_504	9	1	0	192	3	0	0	0	0	0	0	0	0	0	0	0	0	0
ASV_834	0	0	0	0	0	0	181	0	0	0	0	0	0	0	0	0	0	24
ASV_973	0	1	0	2	0	0	1	17	40	0	0	0	83	0	19	1	2	39
ASV_619	204	0	0	0	0	0	0	0	0	0	0	0	0	0	0	0	0	0
ASV_831	21	35	0	0	64	84	0	0	0	0	0	0	0	0	0	0	0	0
ASV_604	163	17	11	12	0	0	0	0	0	0	0	0	0	0	0	0	0	0
ASV_734	0	0	0	0	0	0	2	110	26	0	0	22	7	0	16	3	7	10
ASV_934	112	25	46	0	19	0	0	0	0	0	0	0	0	0	0	0	0	0
ASV_1297	0	0	0	0	0	0	101	25	0	0	0	18	0	0	7	9	1	40
ASV_1340	0	0	0	0	0	0	100	21	0	0	0	0	0	0	0	0	0	80
ASV_690	2	192	4	0	3	0	0	0	0	0	0	0	0	0	0	0	0	0
ASV_765	30	27	4	119	1	20	0	0	0	0	0	0	0	0	0	0	0	0
ASV_777	0	201	0	0	0	0	0	0	0	0	0	0	0	0	0	0	0	0
ASV_922	0	0	0	0	0	0	18	1	0	0	16	0	86	0	80	0	0	0
ASV_1490	0	0	0	0	0	0	87	58	0	0	1	0	0	0	11	2	0	41
ASV_543	0	0	0	0	0	0	15	5	111	0	0	2	3	1	10	6	33	14
ASV_722	9	182	0	8	0	1	0	0	0	0	0	0	0	0	0	0	0	0
ASV_905	0	0	0	0	0	0	1	3	86	4	0	30	19	13	0	16	4	24
ASV_1040	0	0	0	0	0	0	5	0	0	2	0	9	6	8	0	70	5	93
ASV_1233	51	20	25	83	0	19	0	0	0	0	0	0	0	0	0	0	0	0
ASV_578	0	0	0	0	0	0	0	0	180	0	0	0	5	0	0	0	0	13
ASV_738	37	152	3	6	0	0	0	0	0	0	0	0	0	0	0	0	0	0
ASV_799	0	68	0	0	130	0	0	0	0	0	0	0	0	0	0	0	0	0
ASV_1363	0	0	0	0	0	0	0	0	16	0	0	3	116	1	0	37	24	0
ASV_885	0	0	0	0	0	0	3	84	3	20	0	12	13	32	2	22	0	6
ASV_890	0	0	0	0	0	0	0	0	0	0	0	0	0	0	0	0	197	0
ASV_910	197	0	0	0	0	0	0	0	0	0	0	0	0	0	0	0	0	0
ASV_1206	0	0	0	0	0	0	1	195	0	0	0	0	0	0	0	0	0	0
ASV_868	0	196	0	0	0	0	0	0	0	0	0	0	0	0	0	0	0	0
ASV_753	0	87	23	79	4	2	0	0	0	0	0	0	0	0	0	0	0	0
ASV_823	0	0	0	0	0	0	82	26	28	16	0	3	12	5	0	6	15	1
ASV_915	0	194	0	0	0	0	0	0	0	0	0	0	0	0	0	0	0	0
ASV_731	0	0	0	0	0	0	42	0	56	0	0	35	5	0	1	9	33	12
ASV_1039	0	0	0	0	0	0	5	0	1	0	0	165	10	0	0	7	4	0
ASV_1122	0	0	0	0	0	0	2	53	0	92	0	6	1	14	0	12	1	10
ASV_590	33	0	0	0	0	158	0	0	0	0	0	0	0	0	0	0	0	0
ASV_610	0	191	0	0	0	0	0	0	0	0	0	0	0	0	0	0	0	0
ASV_748	0	0	0	0	0	0	149	7	1	0	0	12	2	1	0	8	4	7
ASV_1000	0	0	0	0	0	0	63	51	1	14	0	6	1	0	0	13	1	40
ASV_1010	31	0	3	0	156	0	0	0	0	0	0	0	0	0	0	0	0	0
ASV_1221	24	3	18	96	35	14	0	0	0	0	0	0	0	0	0	0	0	0
ASV_661	0	13	4	0	0	173	0	0	0	0	0	0	0	0	0	0	0	0
ASV_1016	139	2	48	0	0	0	0	0	0	0	0	0	0	0	0	0	0	0
ASV_1091	0	0	0	0	0	0	127	16	0	0	0	0	0	0	1	0	1	44
ASV_1516	0	0	0	0	0	0	15	5	0	98	0	0	1	45	1	7	1	16
ASV_929	0	0	0	0	0	0	7	119	4	4	0	2	16	3	4	1	3	26
ASV_1296	0	0	0	0	0	0	13	21	16	16	7	16	18	39	6	7	3	26
ASV_700	0	0	0	0	0	0	0	188	0	0	0	0	0	0	0	0	0	0
ASV_1052	0	0	0	2	0	0	3	0	3	0	0	0	44	27	36	20	39	12
ASV_1330	0	10	2	98	34	42	0	0	0	0	0	0	0	0	0	0	0	0
ASV_593	0	7	1	0	0	178	0	0	0	0	0	0	0	0	0	0	0	0
ASV_856	0	0	0	0	0	0	3	96	0	49	0	0	0	38	0	0	0	0
ASV_1033	0	0	0	0	0	0	0	9	0	0	0	0	7	0	0	9	0	160
ASV_1042	0	0	0	0	0	0	16	0	0	0	0	0	0	0	1	1	150	17
ASV_1344	0	0	0	0	0	1	122	11	0	0	0	4	6	4	0	27	10	0
ASV_642	1	0	0	0	3	181	0	0	0	0	0	0	0	0	0	0	0	0
ASV_767	0	0	26	159	0	0	0	0	0	0	0	0	0	0	0	0	0	0
ASV_794	15	63	0	7	93	7	0	0	0	0	0	0	0	0	0	0	0	0
ASV_801	0	147	38	0	0	0	0	0	0	0	0	0	0	0	0	0	0	0
ASV_775	17	0	0	0	167	0	0	0	0	0	0	0	0	0	0	0	0	0
ASV_792	16	2	1	0	6	159	0	0	0	0	0	0	0	0	0	0	0	0
ASV_990	3	2	52	0	127	0	0	0	0	0	0	0	0	0	0	0	0	0
ASV_1009	0	0	0	0	0	0	0	0	1	0	0	6	9	12	33	90	17	15
ASV_1018	11	0	90	82	0	0	0	0	0	0	0	0	0	0	0	0	0	0
ASV_656	0	0	0	0	0	0	0	182	0	0	0	0	0	0	0	0	0	1
ASV_972	0	0	0	0	0	0	9	118	10	0	0	1	8	1	7	0	0	28
ASV_1029	0	0	0	0	0	0	123	52	0	0	0	0	0	0	0	0	0	6
ASV_785	0	0	0	0	0	0	181	0	0	0	0	0	0	0	0	0	0	0
ASV_1063	0	0	0	0	0	0	0	64	0	92	0	2	0	7	7	0	0	8
ASV_845	55	0	9	7	100	9	0	0	0	0	0	0	0	0	0	0	0	0
ASV_1067	0	0	0	0	0	0	21	0	42	6	0	28	12	17	2	21	14	16
ASV_798	0	179	0	0	0	0	0	0	0	0	0	0	0	0	0	0	0	0
ASV_854	0	0	0	0	0	0	24	0	14	27	0	28	12	27	2	29	4	12
ASV_951	0	0	0	0	0	0	142	0	0	0	0	0	0	0	0	34	3	0
ASV_1118	0	0	0	0	0	0	42	2	0	58	0	18	1	13	0	35	6	3
ASV_606	0	17	2	0	0	159	0	0	0	0	0	0	0	0	0	0	0	0
ASV_1364	0	0	0	0	0	0	16	1	1	0	0	111	13	0	0	2	33	0
ASV_723	172	2	1	2	0	0	0	0	0	0	0	0	0	0	0	0	0	0
ASV_864	176	1	0	0	0	0	0	0	0	0	0	0	0	0	0	0	0	0
ASV_933	177	0	0	0	0	0	0	0	0	0	0	0	0	0	0	0	0	0
ASV_632	0	0	0	0	0	0	61	80	21	0	0	6	0	0	1	2	0	5
ASV_739	151	22	0	3	0	0	0	0	0	0	0	0	0	0	0	0	0	0
ASV_1041	0	0	0	0	0	0	7	0	1	2	0	5	28	25	0	13	91	3
ASV_1239	0	0	0	0	0	1	24	0	1	0	2	14	22	0	19	39	43	10
ASV_1487	0	0	0	0	0	0	11	42	2	3	17	44	2	11	8	23	1	11
ASV_598	0	0	0	172	0	3	0	0	0	0	0	0	0	0	0	0	0	0
ASV_707	133	11	11	0	20	0	0	0	0	0	0	0	0	0	0	0	0	0
ASV_860	119	4	0	21	8	23	0	0	0	0	0	0	0	0	0	0	0	0
ASV_1038	0	0	0	0	0	0	3	0	0	31	0	29	9	53	1	43	4	1
ASV_1146	0	0	0	0	0	0	97	3	0	0	0	0	0	0	0	0	0	74
ASV_1519	0	0	1	0	0	0	0	0	0	0	1	50	1	0	0	99	5	17
ASV_935	169	0	0	2	1	2	0	0	0	0	0	0	0	0	0	0	0	0
ASV_981	7	50	0	0	117	0	0	0	0	0	0	0	0	0	0	0	0	0
ASV_1064	0	0	0	1	0	0	0	8	2	0	0	0	58	1	17	0	84	2
ASV_1130	157	2	5	9	0	0	0	0	0	0	0	0	0	0	0	0	0	0
ASV_1098	96	18	31	1	26	0	0	0	0	0	0	0	0	0	0	0	0	0
ASV_1380	41	117	14	0	0	0	0	0	0	0	0	0	0	0	0	0	0	0
ASV_889	0	0	0	0	0	0	2	170	0	0	0	0	0	0	0	0	0	0
ASV_985	0	140	0	0	32	0	0	0	0	0	0	0	0	0	0	0	0	0
ASV_1058	0	0	0	0	0	0	21	20	2	0	58	19	2	0	11	32	0	6
ASV_1073	0	0	0	0	0	0	0	0	0	0	0	0	0	0	0	1	170	0
ASV_1243	0	0	0	0	0	0	25	29	36	6	0	9	20	20	5	4	0	17
ASV_733	0	0	0	0	0	0	0	123	0	3	0	11	0	6	0	13	1	14
ASV_1230	0	119	51	0	0	0	0	0	0	0	0	0	0	0	0	0	0	0
ASV_788	0	0	0	0	0	0	56	83	0	0	3	1	0	0	8	0	0	19
ASV_805	0	16	0	0	154	0	0	0	0	0	0	0	0	0	0	0	0	0
ASV_941	0	170	0	0	0	0	0	0	0	0	0	0	0	0	0	0	0	0
ASV_535	164	0	0	5	0	0	0	0	0	0	0	0	0	0	0	0	0	0
ASV_728	0	169	0	0	0	0	0	0	0	0	0	0	0	0	0	0	0	0
ASV_976	0	0	0	0	0	0	6	136	1	0	0	0	0	0	0	1	1	24
ASV_415	0	0	0	0	0	1	56	0	0	20	4	22	1	6	27	19	5	7
ASV_1071	0	0	0	0	0	0	0	0	0	0	86	0	0	0	81	0	0	0
ASV_810	0	0	0	0	0	0	0	11	60	0	0	1	12	0	0	2	9	72
ASV_1159	0	0	0	0	0	0	0	5	103	0	0	2	42	0	0	8	5	1
ASV_660	68	0	0	0	1	97	0	0	0	0	0	0	0	0	0	0	0	0
ASV_726	0	166	0	0	0	0	0	0	0	0	0	0	0	0	0	0	0	0
ASV_846	0	166	0	0	0	0	0	0	0	0	0	0	0	0	0	0	0	0
ASV_863	29	2	6	125	3	1	0	0	0	0	0	0	0	0	0	0	0	0
ASV_947	0	0	0	0	0	0	13	25	7	10	5	16	16	13	17	12	3	29
ASV_1075	0	0	0	0	0	0	0	0	0	0	0	0	0	0	0	0	0	165
ASV_1120	0	0	0	0	0	0	0	3	1	5	59	28	4	32	24	7	0	2
ASV_1126	34	31	6	8	4	82	0	0	0	0	0	0	0	0	0	0	0	0
ASV_743	0	0	0	0	0	165	0	0	0	0	0	0	0	0	0	0	0	0
ASV_921	0	0	0	0	0	0	15	0	149	0	0	0	1	0	0	0	0	0
ASV_1390	0	164	0	0	0	0	0	0	0	0	0	0	0	0	0	0	0	0
ASV_1424	0	0	0	0	0	1	1	0	0	0	38	12	0	1	76	13	12	10
ASV_971	0	0	0	0	0	0	2	0	2	0	0	0	104	0	0	0	56	0
ASV_1215	0	0	0	0	0	0	3	1	0	0	0	0	3	21	22	15	88	10
ASV_1222	30	130	0	3	0	0	0	0	0	0	0	0	0	0	0	0	0	0
ASV_1372	0	0	0	0	0	0	0	0	1	0	0	49	28	0	0	30	0	55
ASV_940	16	132	14	1	0	0	0	0	0	0	0	0	0	0	0	0	0	0
ASV_1123	0	0	0	0	0	0	0	0	0	2	0	1	0	84	0	35	40	0
ASV_802	0	159	3	0	0	0	0	0	0	0	0	0	0	0	0	0	0	0
ASV_1011	51	36	65	3	6	0	0	0	0	0	0	0	0	0	0	0	0	0
ASV_1062	0	0	0	0	0	0	1	15	14	0	17	64	23	0	11	14	0	2
ASV_1114	0	0	0	0	0	0	8	0	0	4	0	0	15	21	19	15	54	25
ASV_896	0	1	0	0	0	8	37	14	8	0	0	2	23	0	0	6	58	4
ASV_1003	0	0	0	0	0	0	5	0	0	33	0	33	0	27	20	34	4	4
ASV_1169	0	0	0	0	0	0	14	0	0	2	0	4	1	56	0	35	45	3
ASV_1440	0	0	0	0	0	0	0	0	16	1	0	4	56	12	36	27	0	8
ASV_1464	2	3	0	0	9	9	5	2	0	0	0	7	13	18	6	71	13	2
ASV_1481	1	1	0	3	0	6	3	1	1	1	0	1	35	14	42	0	33	18
ASV_855	0	0	0	0	0	0	11	0	0	29	0	1	0	24	0	6	64	25
ASV_920	0	0	0	0	0	160	0	0	0	0	0	0	0	0	0	0	0	0
ASV_1115	0	0	0	1	1	0	38	40	36	2	1	2	26	1	5	5	0	1
ASV_1140	0	0	1	3	0	2	6	0	23	31	3	2	34	31	10	6	4	3
ASV_1401	4	0	0	12	54	89	0	0	0	0	0	0	0	0	0	0	0	0
ASV_812	0	0	0	0	0	0	13	108	0	0	0	31	0	0	1	2	0	4
ASV_978	0	0	0	0	0	0	2	132	1	0	0	0	3	0	0	0	0	21
ASV_1015	43	34	7	45	6	23	0	0	0	0	0	0	0	0	0	0	0	0
ASV_1155	0	0	0	0	0	0	0	35	0	57	2	0	0	60	0	0	0	4
ASV_1513	0	0	0	0	0	0	2	0	14	11	6	19	12	32	8	35	6	13
ASV_659	158	0	0	0	0	0	0	0	0	0	0	0	0	0	0	0	0	0
ASV_746	0	0	0	0	0	0	124	0	0	0	0	0	0	0	0	0	19	13
ASV_936	79	0	0	77	0	0	0	0	0	0	0	0	0	0	0	0	0	0
ASV_946	0	0	0	0	0	0	123	5	0	0	0	0	0	0	0	0	0	28
ASV_1412	0	0	0	1	0	0	20	5	1	0	0	0	15	0	0	42	71	0
ASV_655	0	0	0	0	0	0	1	27	110	0	0	1	8	0	6	2	0	0
ASV_705	13	0	17	2	117	6	0	0	0	0	0	0	0	0	0	0	0	0
ASV_1419	0	0	0	0	0	0	25	0	0	0	0	0	3	0	0	9	106	11
ASV_720	113	0	0	4	37	0	0	0	0	0	0	0	0	0	0	0	0	0
ASV_1013	18	9	4	90	1	31	0	0	0	0	0	0	0	0	0	0	0	0
ASV_1214	0	0	0	0	0	0	3	0	0	1	0	10	7	14	40	70	4	4
ASV_1351	0	0	0	0	0	0	7	45	4	25	1	13	8	14	20	11	1	4
ASV_681	0	0	0	0	0	0	0	0	150	0	0	0	3	0	0	0	0	0
ASV_832	0	0	0	0	153	0	0	0	0	0	0	0	0	0	0	0	0	0
ASV_848	0	0	0	0	153	0	0	0	0	0	0	0	0	0	0	0	0	0
ASV_883	0	0	0	0	0	0	6	2	0	134	0	0	0	9	2	0	0	0
ASV_907	0	0	0	0	0	0	9	1	0	58	0	0	0	55	0	0	30	0
ASV_917	3	6	0	15	1	128	0	0	0	0	0	0	0	0	0	0	0	0
ASV_980	0	0	0	0	0	0	0	1	0	0	0	0	1	0	0	0	5	146
ASV_1134	19	50	14	0	69	0	0	0	0	0	0	0	0	0	0	0	0	0
ASV_1204	0	0	0	0	0	0	7	50	32	21	1	1	5	3	2	4	1	25
ASV_912	0	152	0	0	0	0	0	0	0	0	0	0	0	0	0	0	0	0
ASV_1061	0	0	0	0	0	0	35	10	10	33	0	0	1	6	0	0	2	54
ASV_622	0	3	2	0	0	145	0	0	0	0	0	0	0	0	0	0	0	0
ASV_949	0	0	0	0	0	0	112	35	0	0	0	0	0	0	0	0	0	3
ASV_1300	0	0	0	0	0	0	15	46	0	1	1	0	0	0	4	0	46	36
ASV_1429	0	1	0	0	0	0	1	15	18	6	0	7	53	0	6	15	3	24
ASV_646	0	7	5	0	0	137	0	0	0	0	0	0	0	0	0	0	0	0
ASV_963	0	0	0	0	0	5	8	0	89	0	0	0	10	0	0	6	13	18
ASV_673	0	8	1	0	0	139	0	0	0	0	0	0	0	0	0	0	0	0
ASV_950	0	0	0	0	0	0	76	2	0	0	37	0	0	0	22	0	0	11
ASV_1154	0	0	0	0	0	0	39	2	0	0	0	8	1	4	3	11	73	6
ASV_1343	0	0	0	0	0	0	90	1	0	0	0	37	1	0	0	18	0	0
ASV_1407	0	0	0	5	3	139	0	0	0	0	0	0	0	0	0	0	0	0
ASV_1373	0	0	0	0	0	0	0	0	0	0	0	0	0	0	0	0	0	146
ASV_1409	2	0	0	0	0	0	35	68	0	0	0	2	1	0	0	36	0	2
ASV_1448	0	0	0	0	0	0	8	0	0	0	0	0	113	0	0	0	25	0
ASV_1468	0	102	0	44	0	0	0	0	0	0	0	0	0	0	0	0	0	0
ASV_1525	1	0	0	0	0	0	4	3	0	0	0	0	0	0	0	0	138	0
ASV_570	0	18	0	0	4	124	0	0	0	0	0	0	0	0	0	0	0	0
ASV_959	144	0	0	2	0	0	0	0	0	0	0	0	0	0	0	0	0	0
ASV_966	0	0	0	0	0	0	17	47	6	0	0	1	0	0	0	1	2	72
ASV_1217	99	45	0	0	1	0	0	0	0	0	0	0	0	0	0	0	0	0
ASV_1299	0	0	0	0	0	0	63	21	0	0	0	0	0	0	0	0	0	61
ASV_1496	0	0	0	0	0	0	60	3	0	1	0	8	0	3	0	3	59	8
ASV_1526	0	0	0	0	0	0	0	0	0	0	0	0	0	0	0	0	145	0
ASV_819	0	0	0	145	0	0	0	0	0	0	0	0	0	0	0	0	0	0
ASV_1110	0	0	0	0	0	0	11	0	0	0	0	1	0	0	0	0	0	132
ASV_1453	0	0	0	0	0	0	0	5	0	0	0	0	0	0	0	1	132	6
ASV_806	0	0	0	0	0	0	100	21	6	9	0	0	2	6	0	0	0	0
ASV_853	0	0	0	0	0	0	50	34	0	0	34	13	3	0	2	3	0	5
ASV_968	0	0	0	0	0	0	83	0	0	0	0	0	0	0	0	0	0	61
ASV_1048	0	37	2	104	0	0	0	0	0	0	0	0	0	0	0	0	0	0
ASV_1305	0	0	0	0	0	0	0	22	0	105	0	0	0	15	0	0	0	1
ASV_1441	0	0	0	0	0	0	1	0	112	0	0	4	12	0	0	9	2	3
ASV_1153	0	0	0	0	0	0	139	3	0	0	0	0	0	0	0	0	0	0
ASV_909	37	82	22	0	0	0	0	0	0	0	0	0	0	0	0	0	0	0
ASV_945	0	0	0	0	141	0	0	0	0	0	0	0	0	0	0	0	0	0
ASV_1125	59	60	9	12	0	0	0	0	0	0	0	0	0	0	0	0	0	0
ASV_877	0	0	0	0	0	0	26	28	0	17	1	6	4	20	11	6	0	21
ASV_962	0	6	2	0	0	132	0	0	0	0	0	0	0	0	0	0	0	0
ASV_1030	0	0	0	0	0	0	73	32	0	0	0	1	1	0	32	0	0	0
ASV_1158	0	0	0	0	0	0	1	20	79	7	1	4	8	2	3	13	1	0
ASV_1166	0	0	0	0	0	0	5	0	0	0	28	14	0	0	53	20	1	18
ASV_887	0	0	0	0	0	0	2	133	0	0	0	0	0	0	0	1	1	2
ASV_1105	0	124	12	1	0	0	0	0	1	0	0	0	0	0	0	0	0	0
ASV_1450	0	0	0	0	0	0	6	3	0	4	0	7	0	89	6	8	2	13
ASV_758	0	0	0	1	137	0	0	0	0	0	0	0	0	0	0	0	0	0
ASV_1184	0	5	0	2	11	3	2	0	0	0	0	0	5	0	13	44	50	2
ASV_1413	0	0	0	0	0	0	14	0	0	63	0	44	1	5	0	10	0	0
ASV_1443	0	0	0	0	0	0	17	0	1	10	0	16	17	52	0	12	5	7
ASV_1520	0	0	0	0	0	0	0	1	0	1	2	87	0	0	2	0	30	14
ASV_967	0	0	0	0	0	0	11	0	24	26	0	42	1	12	4	9	7	1
ASV_1194	0	0	0	0	0	0	4	0	1	0	0	11	54	0	0	20	32	14
ASV_1400	0	0	0	7	0	0	3	0	0	0	2	0	10	14	60	19	20	1
ASV_760	0	0	0	0	0	0	24	112	0	0	0	0	0	0	0	0	0	0
ASV_1185	3	17	0	0	85	30	0	0	0	0	0	0	0	0	0	0	0	0
ASV_1059	0	0	1	0	0	0	4	2	2	0	0	1	0	0	0	124	0	0
ASV_1109	0	0	0	0	0	0	15	82	8	1	0	0	23	0	0	2	0	3
ASV_1502	0	0	0	0	0	0	30	15	0	0	0	79	0	0	0	10	0	0
ASV_977	0	0	0	0	0	0	0	47	0	3	0	74	0	1	0	8	1	0
ASV_983	134	0	0	0	0	0	0	0	0	0	0	0	0	0	0	0	0	0
ASV_1298	0	0	0	0	0	0	1	0	3	1	0	3	51	24	7	21	12	10
ASV_1384	20	104	1	1	7	0	0	0	0	0	0	0	0	0	0	0	0	0
ASV_1442	0	0	0	0	0	0	0	2	118	0	0	0	13	0	0	0	0	0
ASV_852	0	0	0	0	0	0	126	1	0	0	0	1	0	0	0	5	0	0
ASV_923	0	0	0	0	0	0	15	32	0	0	0	13	0	0	0	35	4	34
ASV_937	2	129	0	1	0	1	0	0	0	0	0	0	0	0	0	0	0	0
ASV_1012	61	20	20	11	10	10	0	0	0	0	0	0	0	0	0	0	0	0
ASV_1027	0	0	0	0	0	4	11	0	72	0	0	0	12	0	0	8	12	13
ASV_1133	19	17	9	66	3	18	0	0	0	0	0	0	0	0	0	0	0	0
ASV_1197	0	0	0	0	0	0	5	0	3	0	44	43	5	0	11	19	0	2
ASV_1277	0	0	0	1	0	0	6	3	1	0	0	0	43	0	33	34	11	0
ASV_691	132	0	0	0	0	0	0	0	0	0	0	0	0	0	0	0	0	0
ASV_849	0	7	1	0	0	124	0	0	0	0	0	0	0	0	0	0	0	0
ASV_1022	0	0	0	2	1	128	0	0	0	0	0	0	0	0	0	0	0	0
ASV_1112	0	0	0	0	0	0	4	34	1	0	0	28	3	0	6	45	3	7
ASV_1232	0	0	0	113	14	4	0	0	0	0	0	0	0	0	0	0	0	0
ASV_1339	0	0	0	0	0	0	1	0	7	2	0	11	73	2	0	16	15	3
ASV_1157	0	0	0	0	0	0	10	106	0	3	0	0	0	9	0	0	0	1
ASV_1518	0	0	0	0	0	0	1	1	0	0	118	0	0	0	1	0	0	8
ASV_815	129	0	0	0	0	0	0	0	0	0	0	0	0	0	0	0	0	0
ASV_1078	9	63	2	0	54	0	0	0	0	0	0	0	0	0	0	0	0	0
ASV_1308	0	0	0	0	0	0	0	0	0	0	0	73	0	0	0	55	0	0
ASV_1312	17	26	0	0	83	2	0	0	0	0	0	0	0	0	0	0	0	0
ASV_1524	0	0	0	10	0	0	0	0	0	0	1	0	0	0	117	0	0	0
ASV_830	10	0	0	6	1	111	0	0	0	0	0	0	0	0	0	0	0	0
ASV_919	7	9	0	0	0	112	0	0	0	0	0	0	0	0	0	0	0	0
ASV_1046	4	14	42	35	31	1	0	0	0	0	0	0	0	0	0	0	0	0
ASV_1152	0	0	0	0	0	0	85	0	0	0	1	0	0	0	0	0	0	40
ASV_1302	0	0	0	0	0	0	15	27	0	54	0	0	0	19	1	5	0	5
ASV_1510	0	0	0	1	0	0	0	24	0	7	0	10	2	3	3	29	0	47
ASV_843	12	9	1	0	87	17	0	0	0	0	0	0	0	0	0	0	0	0
ASV_872	0	1	0	0	0	125	0	0	0	0	0	0	0	0	0	0	0	0
ASV_918	0	0	0	0	126	0	0	0	0	0	0	0	0	0	0	0	0	0
ASV_991	0	8	0	25	93	0	0	0	0	0	0	0	0	0	0	0	0	0
ASV_1267	59	29	37	0	0	0	0	0	0	0	0	0	0	0	0	0	0	0
ASV_1362	0	0	0	0	0	0	0	9	53	1	0	15	12	10	0	17	7	1
ASV_1381	19	95	0	0	7	4	0	0	0	0	0	0	0	0	0	0	0	0
ASV_1426	0	0	0	0	0	0	14	40	0	6	0	52	0	6	0	3	0	4
ASV_847	0	0	0	1	124	0	0	0	0	0	0	0	0	0	0	0	0	0
ASV_1050	0	124	0	0	0	0	0	0	0	0	0	0	0	0	0	0	0	0
ASV_1108	0	0	0	0	0	0	35	0	0	0	0	55	0	0	0	26	8	0
ASV_774	55	1	0	0	67	0	0	0	1	0	0	0	0	0	0	0	0	0
ASV_955	0	0	0	0	0	0	1	0	88	1	0	8	12	5	0	7	0	2
ASV_1080	12	85	1	0	25	0	0	0	0	0	0	0	0	0	0	0	0	0
ASV_1137	0	123	0	0	0	0	0	0	0	0	0	0	0	0	0	0	0	0
ASV_1167	0	0	0	0	0	0	1	0	0	0	121	0	0	0	1	0	0	0
ASV_1180	1	111	11	0	0	0	0	0	0	0	0	0	0	0	0	0	0	0
ASV_1085	0	122	0	0	0	0	0	0	0	0	0	0	0	0	0	0	0	0
ASV_1260	0	0	0	0	0	0	2	10	3	0	0	0	1	0	93	0	13	0
ASV_1469	1	6	2	27	35	51	0	0	0	0	0	0	0	0	0	0	0	0
ASV_1507	0	0	0	0	0	0	5	14	51	0	7	14	11	0	15	1	0	4
ASV_870	5	1	0	69	28	19	0	0	0	0	0	0	0	0	0	0	0	0
ASV_1020	0	121	0	0	0	0	0	0	0	0	0	0	0	0	0	0	0	0
ASV_1198	0	0	0	0	0	0	4	3	13	49	0	1	17	22	0	7	5	0
ASV_1269	0	6	0	0	0	115	0	0	0	0	0	0	0	0	0	0	0	0
ASV_1341	0	0	0	0	0	0	48	0	0	0	0	0	2	0	0	1	40	30
ASV_1361	0	0	0	0	0	0	0	46	0	0	66	0	0	0	9	0	0	0
ASV_891	82	0	0	0	39	0	0	0	0	0	0	0	0	0	0	0	0	0
ASV_1136	0	95	4	0	21	0	0	0	0	0	0	0	0	0	0	0	0	0
ASV_1309	0	0	0	0	0	0	6	0	0	1	0	0	3	16	10	13	68	3
ASV_1432	0	0	0	0	0	0	34	47	5	0	2	1	0	0	1	6	0	24
ASV_1517	0	0	0	0	0	0	0	0	0	0	116	0	0	0	4	0	0	0
ASV_1014	7	0	0	112	0	0	0	0	0	0	0	0	0	0	0	0	0	0
ASV_1195	0	0	0	0	0	0	62	21	0	0	1	0	0	0	32	1	1	1
ASV_1459	90	3	2	7	15	2	0	0	0	0	0	0	0	0	0	0	0	0
ASV_874	0	1	0	0	0	118	0	0	0	0	0	0	0	0	0	0	0	0
ASV_1026	0	0	0	0	0	0	82	36	0	0	0	0	0	0	0	0	0	0
ASV_1082	0	118	0	0	0	0	0	0	0	0	0	0	0	0	0	0	0	0
ASV_1289	0	0	0	0	0	0	5	18	0	23	0	1	5	37	3	2	1	23
ASV_1489	0	0	0	0	0	0	79	39	0	0	0	0	0	0	0	0	0	0
ASV_818	0	5	0	0	0	113	0	0	0	0	0	0	0	0	0	0	0	0
ASV_908	95	3	0	0	16	4	0	0	0	0	0	0	0	0	0	0	0	0
ASV_1376	74	16	27	0	0	0	0	0	0	0	0	0	0	0	0	0	0	0
ASV_754	0	7	0	0	0	110	0	0	0	0	0	0	0	0	0	0	0	0
ASV_778	0	6	0	0	0	111	0	0	0	0	0	0	0	0	0	0	0	0
ASV_1111	0	0	0	0	0	0	10	0	0	1	1	0	7	38	21	17	17	4
ASV_1334	9	0	2	99	4	2	0	0	0	0	0	0	0	0	0	0	0	0
ASV_1431	0	0	0	0	0	0	1	14	0	0	38	0	0	0	55	0	0	8
ASV_944	0	0	0	116	0	0	0	0	0	0	0	0	0	0	0	0	0	0
ASV_957	0	0	0	0	0	0	0	0	0	0	0	0	0	0	116	0	0	0
ASV_1210	0	0	0	0	0	0	5	11	1	0	0	0	8	0	1	0	0	89
ASV_1335	12	20	0	4	72	7	0	0	0	0	0	0	0	0	0	0	0	0
ASV_867	0	5	0	0	0	110	0	0	0	0	0	0	0	0	0	0	0	0
ASV_879	0	0	0	0	0	0	14	101	0	0	0	0	0	0	0	0	0	0
ASV_965	0	0	0	1	0	1	13	18	17	0	1	0	3	0	25	0	35	1
ASV_1006	0	0	0	0	0	0	0	110	1	0	0	0	2	0	0	0	1	0
ASV_1044	114	0	0	0	0	0	0	0	0	0	0	0	0	0	0	0	0	0
ASV_1094	0	0	0	0	0	0	5	0	86	0	0	0	21	1	0	0	1	0
ASV_1255	0	0	0	0	0	0	9	25	51	0	0	3	16	0	0	1	5	4
ASV_1471	0	98	0	0	14	1	1	0	0	0	0	0	0	0	0	0	0	0
ASV_1475	0	0	0	114	0	0	0	0	0	0	0	0	0	0	0	0	0	0
ASV_1374	97	0	0	10	0	6	0	0	0	0	0	0	0	0	0	0	0	0
ASV_1461	17	47	1	44	2	2	0	0	0	0	0	0	0	0	0	0	0	0
ASV_759	0	3	0	0	0	110	0	0	0	0	0	0	0	0	0	0	0	0
ASV_1087	0	0	0	111	1	0	0	0	0	0	0	0	0	0	0	0	0	0
ASV_1254	0	0	0	0	0	0	0	0	104	0	0	0	8	0	0	0	0	0
ASV_1470	0	3	0	0	0	0	4	2	0	0	0	0	0	0	2	92	7	2
ASV_1165	0	0	0	0	0	0	0	0	65	0	0	0	46	0	0	0	0	0
ASV_1263	0	0	0	0	0	0	0	0	0	0	0	0	0	1	0	0	97	13
ASV_1285	0	4	0	0	0	107	0	0	0	0	0	0	0	0	0	0	0	0
ASV_1259	0	0	0	0	0	0	0	0	0	0	76	2	0	0	32	0	0	0
ASV_1323	68	0	3	39	0	0	0	0	0	0	0	0	0	0	0	0	0	0
ASV_961	8	0	0	73	23	6	0	0	0	0	0	0	0	0	0	0	0	0
ASV_1017	109	0	0	0	0	0	0	0	0	0	0	0	0	0	0	0	0	0
ASV_1129	95	1	0	5	8	0	0	0	0	0	0	0	0	0	0	0	0	0
ASV_1369	0	0	0	0	0	0	0	0	1	1	0	0	32	9	26	0	39	1
ASV_1410	0	0	0	0	0	0	25	27	0	0	10	25	0	0	3	5	0	14
ASV_1476	0	0	0	109	0	0	0	0	0	0	0	0	0	0	0	0	0	0
ASV_1054	0	0	0	107	1	0	0	0	0	0	0	0	0	0	0	0	0	0
ASV_1104	0	5	0	0	0	103	0	0	0	0	0	0	0	0	0	0	0	0
ASV_1181	0	12	0	96	0	0	0	0	0	0	0	0	0	0	0	0	0	0
ASV_1237	0	5	1	0	0	102	0	0	0	0	0	0	0	0	0	0	0	0
ASV_1282	8	1	4	0	95	0	0	0	0	0	0	0	0	0	0	0	0	0
ASV_1495	0	0	0	0	0	0	13	2	0	19	0	0	0	68	0	0	0	6
ASV_1497	0	0	0	0	0	0	1	0	0	0	0	0	57	0	17	25	6	2
ASV_1213	0	0	0	0	0	0	0	0	0	73	0	3	0	25	4	1	0	1
ASV_1069	0	0	0	0	0	0	0	0	52	0	0	0	54	0	0	0	0	0
ASV_1250	0	0	0	0	0	0	8	0	3	0	0	0	14	7	15	15	40	4
ASV_1306	0	0	0	0	0	0	0	0	0	0	96	0	0	0	10	0	0	0
ASV_1451	0	0	0	0	0	0	0	0	0	0	0	14	0	0	0	92	0	0
ASV_958	105	0	1	0	0	0	0	0	0	0	0	0	0	0	0	0	0	0
ASV_1081	0	104	0	0	1	0	0	0	0	0	0	0	0	0	0	0	0	0
ASV_1386	0	105	0	0	0	0	0	0	0	0	0	0	0	0	0	0	0	0
ASV_1445	0	0	0	0	0	0	0	0	0	46	0	0	0	58	0	0	1	0
ASV_1192	0	0	0	0	0	0	18	38	0	0	29	0	0	1	11	0	0	7
ASV_1512	0	0	0	0	0	0	0	0	66	0	0	0	38	0	0	0	0	0
ASV_1527	0	0	0	0	0	0	2	0	0	0	0	0	2	0	0	0	99	1
ASV_1342	0	0	0	1	0	0	12	2	43	2	0	6	11	0	0	0	6	20
ASV_1405	0	0	46	1	1	54	0	0	0	0	0	0	0	0	0	0	0	1
ASV_1477	0	3	0	60	0	40	0	0	0	0	0	0	0	0	0	0	0	0
ASV_817	0	98	0	0	0	5	0	0	0	0	0	0	0	0	0	0	0	0
ASV_1253	0	0	0	0	0	0	0	10	14	53	0	4	5	7	3	2	0	3
ASV_1257	0	0	0	0	0	0	0	15	5	38	0	0	0	43	0	0	0	0
ASV_1382	0	66	35	0	0	0	0	0	0	0	0	0	0	0	0	0	0	0
ASV_1051	8	88	2	1	1	0	0	0	0	0	0	0	0	0	0	0	0	0
ASV_1131	26	0	0	74	0	0	0	0	0	0	0	0	0	0	0	0	0	0
ASV_1189	0	0	0	0	0	0	2	44	7	0	0	0	20	0	3	9	5	10
ASV_1228	0	78	5	0	17	0	0	0	0	0	0	0	0	0	0	0	0	0
ASV_1247	0	0	0	0	0	0	11	4	59	21	1	1	0	0	0	2	0	1
ASV_942	0	8	1	0	0	91	0	0	0	0	0	0	0	0	0	0	0	0
ASV_1480	0	3	5	0	0	91	0	0	0	0	0	0	0	0	0	0	0	0
ASV_1178	2	50	2	0	44	0	0	0	0	0	0	0	0	0	0	0	0	0
ASV_1242	0	0	0	0	0	0	9	0	6	12	0	11	4	22	0	8	6	20
ASV_1142	0	0	0	0	0	0	67	30	0	0	0	0	0	0	0	0	0	0
ASV_1223	12	25	6	0	53	1	0	0	0	0	0	0	0	0	0	0	0	0
ASV_1176	91	0	0	0	0	5	0	0	0	0	0	0	0	0	0	0	0	0
ASV_1047	0	4	0	0	0	91	0	0	0	0	0	0	0	0	0	0	0	0
ASV_1056	0	0	0	0	0	0	83	0	0	0	0	0	1	0	0	0	0	11
ASV_1102	0	61	0	0	34	0	0	0	0	0	0	0	0	0	0	0	0	0
ASV_1310	0	0	0	0	0	0	3	0	1	0	0	3	3	4	10	53	5	13
ASV_984	6	1	0	0	88	0	0	0	0	0	0	0	0	0	0	0	0	0
ASV_989	0	5	0	0	0	90	0	0	0	0	0	0	0	0	0	0	0	0
ASV_1358	0	0	0	0	0	0	0	2	2	2	34	14	4	17	14	3	1	1
ASV_1499	0	0	0	0	0	0	38	1	0	0	0	22	0	0	10	7	5	11
ASV_1119	0	0	0	0	0	0	0	42	0	0	0	20	5	0	0	21	0	5
ASV_1127	93	0	0	0	0	0	0	0	0	0	0	0	0	0	0	0	0	0
ASV_1256	0	0	0	0	0	0	0	0	90	0	0	1	2	0	0	0	0	0
ASV_1314	93	0	0	0	0	0	0	0	0	0	0	0	0	0	0	0	0	0
ASV_1162	0	0	0	0	0	0	0	0	88	0	0	0	4	0	0	0	0	0
ASV_1174	76	16	0	0	0	0	0	0	0	0	0	0	0	0	0	0	0	0
ASV_1320	24	0	0	58	10	0	0	0	0	0	0	0	0	0	0	0	0	0
ASV_1511	0	0	0	0	0	0	0	38	0	0	3	0	26	0	19	0	0	6
ASV_986	0	87	5	0	0	0	0	0	0	0	0	0	0	0	0	0	0	0
ASV_1366	0	0	0	0	0	0	1	1	1	47	0	9	0	17	4	11	0	0
ASV_1523	0	0	0	0	0	0	1	1	0	0	0	0	2	11	11	11	50	4
ASV_993	0	4	1	0	0	86	0	0	0	0	0	0	0	0	0	0	0	0
ASV_1045	90	0	0	0	0	0	0	0	0	0	0	0	0	0	0	0	0	0
ASV_1345	0	0	0	0	0	0	90	0	0	0	0	0	0	0	0	0	0	0
ASV_1354	0	0	0	0	0	0	7	4	4	0	33	12	1	0	2	23	0	4
ASV_1068	0	0	0	0	0	0	0	0	87	0	0	0	2	0	0	0	0	0
ASV_1079	27	33	0	2	26	1	0	0	0	0	0	0	0	0	0	0	0	0
ASV_1103	0	89	0	0	0	0	0	0	0	0	0	0	0	0	0	0	0	0
ASV_1258	0	0	0	0	0	0	0	0	0	25	0	0	0	64	0	0	0	0
ASV_1268	11	48	16	13	0	0	0	0	0	0	1	0	0	0	0	0	0	0
ASV_1053	0	0	6	82	0	0	0	0	0	0	0	0	0	0	0	0	0	0
ASV_1187	0	0	0	0	88	0	0	0	0	0	0	0	0	0	0	0	0	0
ASV_1417	0	0	0	0	0	0	1	0	0	0	0	0	0	0	8	13	66	0
ASV_1425	0	0	0	0	0	0	53	4	0	0	1	2	0	0	0	0	0	28
ASV_1023	0	0	0	0	87	0	0	0	0	0	0	0	0	0	0	0	0	0
ASV_1225	87	0	0	0	0	0	0	0	0	0	0	0	0	0	0	0	0	0
ASV_1238	0	0	0	0	0	0	69	18	0	0	0	0	0	0	0	0	0	0
ASV_1370	0	0	0	0	0	0	0	0	0	0	0	50	0	1	0	36	0	0
ASV_1175	21	0	0	65	0	0	0	0	0	0	0	0	0	0	0	0	0	0
ASV_1200	0	0	0	0	0	0	10	0	3	14	0	8	7	16	0	11	4	13
ASV_1218	29	2	0	3	0	52	0	0	0	0	0	0	0	0	0	0	0	0
ASV_1244	0	0	0	0	0	0	48	0	0	19	0	1	1	8	0	0	9	0
ASV_1415	0	0	0	0	0	0	34	32	0	0	0	0	2	0	3	1	0	14
ASV_964	0	2	2	0	0	82	0	0	0	0	0	0	0	0	0	0	0	0
ASV_1271	0	1	0	0	0	0	40	0	0	0	0	0	0	0	0	0	44	0
ASV_1392	0	1	31	0	53	0	0	0	0	0	0	0	0	0	0	0	0	0
ASV_1186	0	0	0	0	84	0	0	0	0	0	0	0	0	0	0	0	0	0
ASV_1322	65	0	0	18	1	0	0	0	0	0	0	0	0	0	0	0	0	0
ASV_1329	0	3	0	1	8	2	1	0	0	1	0	0	3	0	6	21	38	0
ASV_1503	0	0	0	0	0	0	0	44	0	0	0	40	0	0	0	0	0	0
ASV_956	0	0	0	0	0	0	1	1	3	56	0	0	2	18	0	1	1	1
ASV_1173	45	0	0	0	0	4	20	0	0	2	0	0	5	1	1	2	1	1
ASV_1286	0	1	1	0	0	80	0	0	0	0	0	0	0	0	0	0	0	0
ASV_1172	17	4	0	3	23	34	0	0	0	0	0	0	0	0	0	0	0	0
ASV_1266	27	0	1	0	51	2	0	0	0	0	0	0	0	0	0	0	0	0
ASV_1273	5	8	3	0	65	0	0	0	0	0	0	0	0	0	0	0	0	0
ASV_1357	0	0	0	0	0	0	46	0	0	0	0	0	0	0	0	0	0	35
ASV_1399	0	0	0	81	0	0	0	0	0	0	0	0	0	0	0	0	0	0
ASV_1403	0	0	0	0	81	0	0	0	0	0	0	0	0	0	0	0	0	0
ASV_911	69	0	3	0	9	0	0	0	0	0	0	0	0	0	0	0	0	0
ASV_1281	0	0	0	0	80	0	0	0	0	0	0	0	0	0	0	0	0	0
ASV_1304	0	0	0	0	0	0	3	0	0	77	0	0	0	0	0	0	0	0
ASV_1156	0	0	0	0	0	0	0	4	32	0	0	0	40	0	0	3	0	0
ASV_1188	0	2	0	0	0	77	0	0	0	0	0	0	0	0	0	0	0	0
ASV_1224	7	33	0	39	0	0	0	0	0	0	0	0	0	0	0	0	0	0
ASV_939	6	9	0	3	61	0	0	0	0	0	0	0	0	0	0	0	0	0
ASV_1049	1	3	2	4	18	50	0	0	0	0	0	0	0	0	0	0	0	0
ASV_1138	6	18	0	0	0	54	0	0	0	0	0	0	0	0	0	0	0	0
ASV_1179	0	15	0	0	63	0	0	0	0	0	0	0	0	0	0	0	0	0
ASV_1182	0	0	0	78	0	0	0	0	0	0	0	0	0	0	0	0	0	0
ASV_1231	0	0	0	77	1	0	0	0	0	0	0	0	0	0	0	0	0	0
ASV_1252	0	0	0	0	0	0	61	12	0	0	0	0	0	0	0	0	0	5
ASV_1371	0	0	0	0	0	0	2	1	0	0	0	64	0	0	0	10	1	0
ASV_1420	0	0	0	0	0	0	32	0	0	0	0	27	0	0	1	3	4	11
ASV_1395	0	0	0	77	0	0	0	0	0	0	0	0	0	0	0	0	0	0
ASV_1144	0	0	0	0	0	0	58	0	0	0	0	0	0	0	0	16	2	0
ASV_1270	5	5	0	0	66	0	0	0	0	0	0	0	0	0	0	0	0	0
ASV_1284	0	0	0	0	0	76	0	0	0	0	0	0	0	0	0	0	0	0
ASV_1350	0	0	0	0	0	0	27	21	0	2	18	7	0	0	0	1	0	0
ASV_1479	0	4	0	0	0	72	0	0	0	0	0	0	0	0	0	0	0	0
ASV_1205	0	0	0	0	0	0	0	30	0	0	0	1	0	0	0	37	1	6
ASV_1325	0	29	0	0	46	0	0	0	0	0	0	0	0	0	0	0	0	0
ASV_1338	0	1	1	0	0	73	0	0	0	0	0	0	0	0	0	0	0	0
ASV_1528	0	0	0	0	0	0	1	1	0	0	0	0	0	0	0	0	73	0
ASV_1149	0	0	0	0	0	0	54	19	0	0	0	0	0	0	0	0	0	1
ASV_1219	64	10	0	0	0	0	0	0	0	0	0	0	0	0	0	0	0	0
ASV_1326	0	64	10	0	0	0	0	0	0	0	0	0	0	0	0	0	0	0
ASV_1365	0	0	0	0	0	0	0	0	0	72	0	0	0	2	0	0	0	0
ASV_1414	0	0	0	0	0	0	31	13	4	13	1	6	0	2	0	1	0	3
ASV_926	0	0	0	0	0	0	71	0	0	0	0	0	3	0	0	0	0	0
ASV_1177	7	0	0	0	0	14	8	0	0	0	0	0	0	0	0	0	44	0
ASV_1234	3	0	0	67	3	0	0	0	0	0	0	0	0	0	0	0	0	0
ASV_1241	0	0	0	0	0	0	20	0	40	1	0	2	7	0	0	0	0	3
ASV_1249	0	0	0	0	0	0	2	19	0	11	0	0	0	8	2	2	0	29
ASV_1355	0	0	0	0	0	0	8	1	0	0	4	0	30	0	30	0	0	0
ASV_1379	54	2	6	0	11	0	0	0	0	0	0	0	0	0	0	0	0	0
ASV_1398	0	4	0	69	0	0	0	0	0	0	0	0	0	0	0	0	0	0
ASV_1505	0	0	0	0	0	0	0	18	0	25	0	9	0	9	0	12	0	0
ASV_1077	68	0	0	4	0	0	0	0	0	0	0	0	0	0	0	0	0	0
ASV_1099	70	1	1	0	0	0	0	0	0	0	0	0	0	0	0	0	0	0
ASV_1262	0	0	0	0	0	0	1	0	0	0	0	0	0	1	0	0	70	0
ASV_1291	0	0	0	0	0	0	1	6	6	0	7	0	24	0	4	0	0	24
ASV_1396	1	0	0	68	1	2	0	0	0	0	0	0	0	0	0	0	0	0
ASV_1488	0	0	0	0	0	0	72	0	0	0	0	0	0	0	0	0	0	0
ASV_1508	0	0	0	0	0	0	0	48	0	10	0	0	0	14	0	0	0	0
ASV_1514	0	0	0	0	0	0	0	0	36	0	0	0	36	0	0	0	0	0
ASV_1493	0	0	0	3	2	3	25	34	0	1	0	0	1	0	1	0	1	0
ASV_1207	0	0	0	0	0	0	0	70	0	0	0	0	0	0	0	0	0	0
ASV_1236	1	0	0	0	1	68	0	0	0	0	0	0	0	0	0	0	0	0
ASV_1288	0	0	0	0	0	0	70	0	0	0	0	0	0	0	0	0	0	0
ASV_1393	0	0	0	70	0	0	0	0	0	0	0	0	0	0	0	0	0	0
ASV_1428	0	0	0	0	0	0	13	27	12	2	2	2	5	0	2	0	1	4
ASV_1463	26	1	0	14	29	0	0	0	0	0	0	0	0	0	0	0	0	0
ASV_1272	1	6	1	3	13	45	0	0	0	0	0	0	0	0	0	0	0	0
ASV_1290	0	0	0	0	0	0	68	0	0	0	0	1	0	0	0	0	0	0
ASV_1293	0	0	0	0	0	0	21	29	0	0	0	0	0	0	0	0	2	17
ASV_1378	69	0	0	0	0	0	0	0	0	0	0	0	0	0	0	0	0	0
ASV_1486	0	0	0	0	0	0	13	40	11	0	0	0	1	0	2	0	0	2
ASV_1321	67	0	0	0	1	0	0	0	0	0	0	0	0	0	0	0	0	0
ASV_1427	0	0	0	0	1	0	1	0	23	0	0	2	26	0	0	15	0	0
ASV_1522	0	0	0	0	0	0	0	0	2	2	0	0	41	22	1	0	0	0
ASV_1147	0	0	0	0	0	0	67	0	0	0	0	0	0	0	0	0	0	0
ASV_1388	0	2	2	0	0	63	0	0	0	0	0	0	0	0	0	0	0	0
ASV_1043	66	0	0	0	0	0	0	0	0	0	0	0	0	0	0	0	0	0
ASV_1216	14	5	7	31	1	8	0	0	0	0	0	0	0	0	0	0	0	0
ASV_1227	0	66	0	0	0	0	0	0	0	0	0	0	0	0	0	0	0	0
ASV_1375	34	0	0	32	0	0	0	0	0	0	0	0	0	0	0	0	0	0
ASV_1438	0	0	0	0	0	0	0	0	65	0	0	0	1	0	0	0	0	0
ASV_1439	0	0	0	0	0	0	0	0	64	0	0	0	2	0	0	0	0	0
ASV_1359	0	0	0	0	0	0	1	33	9	0	0	6	4	0	5	2	0	5
ASV_1436	0	0	0	0	0	0	0	65	0	0	0	0	0	0	0	0	0	0
ASV_1437	0	0	0	0	0	0	2	2	9	30	0	2	3	12	0	3	2	0
ASV_1454	19	0	30	0	16	0	0	0	0	0	0	0	0	0	0	0	0	0
ASV_1456	62	0	0	0	0	3	0	0	0	0	0	0	0	0	0	0	0	0
ASV_1494	0	0	0	0	0	0	10	0	17	0	0	16	4	0	2	1	13	2
ASV_1303	0	0	0	0	0	0	0	0	57	0	0	0	1	0	0	0	0	6
ASV_1328	0	46	18	0	0	0	0	0	0	0	0	0	0	0	0	0	0	0
ASV_1088	0	0	0	61	0	2	0	0	0	0	0	0	0	0	0	0	0	0
ASV_1226	0	2	2	0	0	59	0	0	0	0	0	0	0	0	0	0	0	0
ASV_1311	2	57	0	0	4	0	0	0	0	0	0	0	0	0	0	0	0	0
ASV_1368	0	0	0	0	0	0	0	0	2	10	0	25	1	3	2	8	10	2
ASV_1248	0	0	0	0	0	0	62	0	0	0	0	0	0	0	0	0	0	0
ASV_1387	0	62	0	0	0	0	0	0	0	0	0	0	0	0	0	0	0	0
ASV_1422	0	0	0	0	0	0	3	8	0	0	0	8	6	0	10	21	1	5
ASV_1203	0	0	0	0	0	0	40	4	0	0	4	11	0	0	2	0	0	0
ASV_1278	0	0	0	61	0	0	0	0	0	0	0	0	0	0	0	0	0	0
ASV_1316	5	48	1	0	7	0	0	0	0	0	0	0	0	0	0	0	0	0
ASV_1319	9	52	0	0	0	0	0	0	0	0	0	0	0	0	0	0	0	0
ASV_1408	0	0	0	0	0	3	1	0	35	0	0	0	4	0	0	2	6	10
ASV_1421	0	0	0	0	0	0	61	0	0	0	0	0	0	0	0	0	0	0
ASV_1430	0	0	0	0	0	0	5	56	0	0	0	0	0	0	0	0	0	0
ASV_1406	0	1	0	0	0	58	0	0	0	0	0	0	0	0	0	0	0	0
ASV_1483	0	0	0	1	0	58	0	0	0	0	0	0	0	0	0	0	0	0
ASV_1283	0	1	0	0	0	57	0	0	0	0	0	0	0	0	0	0	0	0
ASV_1467	0	1	0	0	1	1	0	5	12	0	0	1	26	0	0	1	2	8
ASV_1485	0	1	1	0	0	56	0	0	0	0	0	0	0	0	0	0	0	0
ASV_1128	52	5	0	0	0	0	0	0	0	0	0	0	0	0	0	0	0	0
ASV_1313	4	48	0	0	5	0	0	0	0	0	0	0	0	0	0	0	0	0
ASV_1346	0	1	0	0	0	0	35	14	1	0	0	3	0	0	0	3	0	0
ASV_1107	0	1	0	0	0	55	0	0	0	0	0	0	0	0	0	0	0	0
ASV_1171	12	0	0	0	44	0	0	0	0	0	0	0	0	0	0	0	0	0
ASV_1383	0	2	0	0	0	54	0	0	0	0	0	0	0	0	0	0	0	0
ASV_1455	56	0	0	0	0	0	0	0	0	0	0	0	0	0	0	0	0	0
ASV_1274	0	4	0	0	0	51	0	0	0	0	0	0	0	0	0	0	0	0
ASV_1404	2	1	1	0	25	26	0	0	0	0	0	0	0	0	0	0	0	0
ASV_1423	0	0	0	0	0	0	1	41	7	0	0	3	2	0	1	0	0	0
ASV_1466	0	55	0	0	0	0	0	0	0	0	0	0	0	0	0	0	0	0
ASV_1220	11	14	5	1	7	16	0	0	0	0	0	0	0	0	0	0	0	0
ASV_1317	44	10	0	0	0	0	0	0	0	0	0	0	0	0	0	0	0	0
ASV_1265	5	0	1	46	1	0	0	0	0	0	0	0	0	0	0	0	0	0
ASV_1089	0	1	1	0	0	50	0	0	0	0	0	0	0	0	0	0	0	0
ASV_1245	0	0	0	0	0	0	52	0	0	0	0	0	0	0	0	0	0	0
ASV_1473	3	0	0	39	10	0	0	0	0	0	0	0	0	0	0	0	0	0
ASV_1504	0	0	0	0	0	0	0	52	0	0	0	0	0	0	0	0	0	0
ASV_1394	3	4	0	1	2	41	0	0	0	0	0	0	0	0	0	0	0	0
ASV_1132	50	0	0	0	0	0	0	0	0	0	0	0	0	0	0	0	0	0
ASV_1275	0	0	0	43	6	1	0	0	0	0	0	0	0	0	0	0	0	0
ASV_1411	0	0	0	0	0	0	6	2	15	0	0	3	2	0	0	20	2	0
ASV_1444	0	0	0	0	0	0	0	0	0	47	0	1	0	2	0	0	0	0
ASV_1478	0	0	0	0	50	0	0	0	0	0	0	0	0	0	0	0	0	0
ASV_1462	6	7	0	0	1	35	0	0	0	0	0	0	0	0	0	0	0	0
ASV_1332	0	28	0	0	20	0	0	0	0	0	0	0	0	0	0	0	0	0
ASV_1377	46	0	0	0	0	0	0	0	0	0	0	0	0	0	0	0	0	0
ASV_1402	0	0	0	0	46	0	0	0	0	0	0	0	0	0	0	0	0	0
ASV_1276	1	0	0	42	0	2	0	0	0	0	0	0	0	0	0	0	0	0
ASV_1434	0	0	0	0	0	0	3	1	0	0	0	0	0	0	0	1	1	39
ASV_1472	0	0	0	45	0	0	0	0	0	0	0	0	0	0	0	0	0	0
ASV_1389	0	3	0	0	0	41	0	0	0	0	0	0	0	0	0	0	0	0
ASV_1324	3	0	0	2	1	37	0	0	0	0	0	0	0	0	0	0	0	0
ASV_1347	0	0	0	0	0	0	6	28	0	0	7	0	0	0	2	0	0	0
ASV_1435	0	0	0	0	0	0	0	43	0	0	0	0	0	0	0	0	0	0
ASV_1460	43	0	0	0	0	0	0	0	0	0	0	0	0	0	0	0	0	0
ASV_1501	0	0	0	0	0	0	26	0	0	0	0	0	0	0	0	0	17	0
ASV_1385	0	42	0	0	0	0	0	0	0	0	0	0	0	0	0	0	0	0
ASV_1279	0	0	0	40	0	0	0	0	0	0	0	0	0	0	0	0	0	0
ASV_1484	0	2	0	0	0	38	0	0	0	0	0	0	0	0	0	0	0	0
ASV_1457	8	0	0	0	0	31	0	0	0	0	0	0	0	0	0	0	0	0
ASV_1491	0	0	0	0	0	0	9	28	0	0	0	0	0	0	0	0	0	0
ASV_1208	0	0	0	0	0	0	0	35	0	0	0	0	0	0	0	0	0	0
ASV_1336	1	0	4	0	29	1	0	0	0	0	0	0	0	0	0	0	0	0
ASV_1397	0	0	0	35	0	0	0	0	0	0	0	0	0	0	0	0	0	0
ASV_1474	0	0	0	32	0	0	0	0	0	0	0	0	0	0	0	0	0	0
ASV_1416	0	0	0	0	0	0	14	0	10	0	0	0	5	0	0	0	2	0
ASV_1458	21	0	1	4	0	2	0	0	0	0	0	0	0	0	0	0	0	0
ASV_1211	0	0	0	0	0	0	0	12	0	4	1	1	0	1	0	1	0	1
ASV_1465	0	13	2	0	0	0	0	0	0	0	0	0	0	0	0	0	0	0
