Class	KO	KO	KO	KO	KO	KO	OE	OE	OE	OE	OE	OE	WT	WT	WT	WT	WT	WT
Bacteria	65.7642571401991	64.6558458467147	71.8546637744035	72.5716114578333	74.9772864930345	69.0036900369004	57.7515781656146	61.5933752141633	66.9131744727472	66.0725652450668	63.9900735619959	58.7586339217191	68.7715072264281	72.292913120418	64.179505553565	66.808105299619	72.8108288770053	67.2219836839845
Bacteria|Actinobacteria	15.2944459949763	25.1280270809826	18.244499535172	19.4111057769243	10.2513628104179	13.9550486413955	15.8373561084293	19.4269940986103	22.2496119784534	18.1413112667091	19.1349818310733	15.8000767459708	22.1782518926359	18.1258953400185	19.1956288068793	22.0644267405611	24.2145721925134	19.6565049377415
Bacteria|Bacteroidetes	1.5908456600614	1.15441367936811	6.74775333126743	2.12834053448552	3.90672319806178	1.61019792016102	1.79168213887857	7.15781458214354	6.18095498950059	4.75584250250068	2.14481964016662	1.48695318495779	3.51858224363386	4.12909749726131	3.00071658903619	1.72324211984759	3.53442513368984	4.3623872906827
Bacteria|Chloroflexi	0.576797841659689	0.529467928131239	0.232414006817478	0.440070411265803	0.567837674136887	0.276752767527675	0.445599702933531	1.14220445459737	0.22824796859308	0.691097572065109	0.94832934503235	0.613967766692249	2.72711631108052	0.210668239656189	0.618058043711931	0.545549012816072	1.12800802139037	0.893087161872048
Bacteria|Firmicutes	1.0884733463578	0.920059022654284	0.472575147195538	2.36037766042567	0.174136886735312	1.01476014760148	2.40438173041218	1.25642490005711	1.72555464256368	1.80958443211785	0.868563325356731	2.53261703760553	0.292498279421886	0.24437515800118	0.591185954854891	0.458953931416696	0.225601604278075	0.566766852726492
Bacteria|Proteobacteria	47.2136942971439	36.9238781355785	46.157421753951	48.231717074732	60.0772259236826	52.1469305602147	37.272558484961	32.609937178755	36.5288048936364	40.6747294716741	40.8933794203669	38.3250191864927	40.0550584996559	49.5828768854807	40.7739161590828	42.0159334949775	43.7082219251337	41.7432374409618
Bacteria|Actinobacteria|Actinobacteria	15.1176853660806	24.9891502473744	18.1747753331267	19.3871019363098	10.1529376135675	13.8208654813821	15.5681396212403	19.2747001713307	22.1035332785538	18.0230972083295	18.966586900647	15.4930928626247	22.1352374397798	18.1006151512598	19.1150125403081	22.0038101835816	24.1226604278075	19.553456419064
Bacteria|Actinobacteria|Thermoleophilia	0.176760628895711	0.138876833608194	0.0697242020452433	0.0240038406144983	0.0984251968503937	0.134183160013418	0.269216487189009	0.15229392727965	0.146078699899571	0.118214058379558	0.168394930426305	0.306983883346124	0.0430144528561597	0.0252801887587427	0.0806162665711215	0.0606165569795636	0.0919117647058823	0.103048518677544
Bacteria|Bacteroidetes|Chitinophagia	0.0930319099451112	0.0607586147035848	0.0542299349240781	0.0480076812289966	0.0227135069654755	0.0419322375041932	0.306349795766803	0.180849038644584	0.365196749748927	0.290988451395835	0.194983603651511	0.134305448963929	0.258086717136958	0.337069183449903	0.250806162665711	0.277104260478005	0.158756684491979	0.077286389008158
Bacteria|Bacteroidetes|Cytophagia	0.120941482928645	0.0173596042010242	0.0232414006817478	0.0480076812289966	0.0227135069654755	0	0.297066468622354	0.180849038644584	0.136948781155848	0.154587614804037	0.141806257201099	0.0959324635456638	0.0774260151410874	0.143254402966209	0.179147259046937	0.199168687218566	0.0668449197860962	0.137398024903392
Bacteria|Bacteroidetes|Flavobacteriia	1.37687226718765	1.0762954604635	6.67028199566161	2.03232517202752	3.86129618413083	1.56826568265683	1.18826587448942	6.79611650485437	5.67880945859582	4.31026643630081	1.80802977931401	1.2567152724482	3.18306951135582	3.6487739108452	2.57076316732354	1.24696917215102	3.30882352941176	4.14770287677115
Bacteria|Chloroflexi|Chloroflexia	0.576797841659689	0.529467928131239	0.232414006817478	0.440070411265803	0.567837674136887	0.276752767527675	0.445599702933531	1.14220445459737	0.22824796859308	0.691097572065109	0.94832934503235	0.613967766692249	2.72711631108052	0.210668239656189	0.618058043711931	0.545549012816072	1.12800802139037	0.893087161872048
Bacteria|Firmicutes|Bacilli	1.0884733463578	0.920059022654284	0.472575147195538	2.36037766042567	0.174136886735312	1.01476014760148	2.40438173041218	1.25642490005711	1.72555464256368	1.80958443211785	0.868563325356731	2.53261703760553	0.292498279421886	0.24437515800118	0.591185954854891	0.458953931416696	0.225601604278075	0.566766852726492
Bacteria|Proteobacteria|Alphaproteobacteria	10.6428504977207	11.2143043138616	15.3005887821506	13.8662185949752	16.1417322834646	14.550486413955	11.3627924248051	10.1465829050067	7.77869076965215	9.54805856142584	11.6281130904901	11.0514198004605	8.74913971094288	10.2469031768771	9.96058760300967	9.9584343609283	11.1129679144385	10.0815800772864
Bacteria|Proteobacteria|Betaproteobacteria	31.1284770676342	21.0571998958424	26.2860241710567	30.2928468554969	39.5366444579043	31.4659510231466	19.0308206461196	16.5619645916619	23.5095407650872	24.5703373647358	22.316759727023	19.6181887950883	26.18719889883	33.765905452094	24.1400931565747	25.7880152407343	26.4705882352941	24.5856590811507
Bacteria|Proteobacteria|Deltaproteobacteria	1.06986696436878	1.09365506466453	1.10784009916331	0.66410625700112	0.726832222895215	1.7359946326736	1.36464909023394	0.742432895488292	1.08646033050306	1.31854142038738	0.983780909332624	1.30468150422103	1.41947694425327	0.884806606555996	1.11967036904335	0.969864911673017	0.977606951871658	1.25375697724345
Bacteria|Proteobacteria|Gammaproteobacteria	2.92120197227649	2.30014755663571	2.35512860241711	2.44839174267883	2.74833434282253	3.14491781281449	3.66691422205719	3.94060536836094	2.92157399799142	4.11021187596617	4.25418771603297	4.55679201841903	2.40880935994494	3.05047611022162	3.45754209960588	3.62833391063388	3.41744652406417	3.88149420352082
Bacteria|Proteobacteria|Unassigned	1.45129779514373	1.25857130457426	1.10784009916331	0.960153624579933	0.923682616596002	1.24958067762496	1.84738210174527	1.2183514182372	1.23253903040263	1.12758024915886	1.71053797748826	1.79393706830391	1.29043358568479	1.63478553973203	2.09602293084916	1.67128507100797	1.72961229946524	1.94074710176041
Bacteria|Actinobacteria|Actinobacteria|Geodermatophilales	0.437249976742022	0.65966495963892	0.557793616361946	0.408065290446471	0.174136886735312	0.452868165045287	0.38989974006684	0.513992004568818	0.60257463708573	0.391015731563154	0.425418771603297	0.508442056792018	0.662422573984859	0.387629560967389	0.474740236474382	0.458953931416695	0.827205882352941	0.704164877629884
Bacteria|Actinobacteria|Actinobacteria|Micrococcales	0.781468043538934	1.70124121170037	0.883173225906415	1.24819971195391	0.439127801332526	0.603824220060382	1.32751578165615	1.05653912050257	1.06820049301561	1.31854142038738	1.19649029513427	0.911358403683807	1.57432897453544	1.49153113676582	1.47796488713723	1.4028403186699	1.30347593582888	1.25375697724345
Bacteria|Actinobacteria|Actinobacteria|Micromonosporales	3.20029770211182	5.07768422879958	2.92066935233963	3.38454152664426	1.43852210781345	3.60617242536062	3.61121425919049	4.94955263658862	5.60577010864603	3.51004819496226	4.42258264645927	3.59746738296239	4.21541637990365	3.42967894160276	4.03977069150842	3.56771735365431	4.63736631016043	4.06182911120653
Bacteria|Actinobacteria|Actinobacteria|Propionibacteriales	1.46060098613825	2.56922142175158	2.18469166408429	1.67226756281005	1.67322834645669	2.04629319020463	1.58744894170071	2.2177803160099	1.7712042362823	1.4185687005547	2.28662589736772	1.83231005372218	1.80660701995871	1.87916069773321	1.95270512361161	2.07828195358504	2.23930481283422	1.85487333619579
Bacteria|Actinobacteria|Actinobacteria|Pseudonocardiales	5.15396781095916	10.6501171773284	7.95630616671831	8.77740438470155	4.87583282858873	4.67125125796712	5.58856294095804	5.92042642299638	4.23628229708756	5.65608802400655	6.38128157404946	4.93092862624712	8.57708189951824	5.85657706244207	6.85238265854532	7.69830273640457	9.28308823529412	7.57406612279948
Bacteria|Actinobacteria|Actinobacteria|Streptomycetales	2.91189878128198	2.67337904695773	3.10660055779362	2.10433669387102	1.09024833434282	1.55149278765515	2.06089862606758	3.02684180468304	8.04345841322012	4.52850777484769	2.89816538154746	2.65732924021489	3.77666896077082	3.42967894160276	3.14403439627374	5.51610668514028	4.25300802139037	2.89394589952769
Bacteria|Actinobacteria|Actinobacteria|Streptosporangiales	1.04195739138525	1.38008853398143	0.41834521227146	1.62425988158105	0.370987280436099	0.696075142569607	0.770516152989231	1.31353512278698	0.520405368392221	0.936619077930345	1.12558716653372	0.709900230237912	1.29903647625602	1.50838459593832	0.841992117520602	1.06511950121233	1.42045454545455	0.918849291541434
Bacteria|Actinobacteria|Actinobacteria|Unassigned	0.130244673923156	0.277753667216387	0.147195537651069	0.168026884301488	0.0908540278619019	0.192888292519289	0.232083178611214	0.276032743194365	0.255637724824249	0.263708284077476	0.230435167951786	0.34535686876439	0.22367515485203	0.117974214207466	0.331422429236833	0.216487703498441	0.158756684491979	0.291970802919708
Bacteria|Actinobacteria|Thermoleophilia|Solirubrobacterales	0.176760628895711	0.138876833608194	0.0697242020452433	0.0240038406144983	0.0984251968503937	0.134183160013418	0.269216487189009	0.15229392727965	0.146078699899571	0.118214058379558	0.168394930426305	0.306983883346124	0.0430144528561597	0.0252801887587427	0.0806162665711215	0.0606165569795636	0.0919117647058823	0.103048518677544
Bacteria|Bacteroidetes|Chitinophagia|Chitinophagales	0.0930319099451112	0.0607586147035848	0.0542299349240781	0.0480076812289966	0.0227135069654755	0.0419322375041932	0.306349795766803	0.180849038644584	0.365196749748927	0.290988451395835	0.194983603651511	0.134305448963929	0.258086717136958	0.337069183449903	0.250806162665711	0.277104260478005	0.158756684491979	0.077286389008158
Bacteria|Bacteroidetes|Cytophagia|Cytophagales	0.120941482928645	0.0173596042010242	0.0232414006817478	0.0480076812289966	0.0227135069654755	0	0.297066468622354	0.180849038644584	0.136948781155848	0.154587614804037	0.141806257201099	0.0959324635456638	0.0774260151410874	0.143254402966209	0.179147259046937	0.199168687218566	0.0668449197860962	0.137398024903392
Bacteria|Bacteroidetes|Flavobacteriia|Flavobacteriales	1.37687226718765	1.0762954604635	6.67028199566161	2.03232517202752	3.86129618413083	1.56826568265683	1.18826587448942	6.79611650485437	5.67880945859582	4.31026643630081	1.80802977931401	1.2567152724482	3.18306951135582	3.6487739108452	2.57076316732354	1.24696917215102	3.30882352941176	4.14770287677115
Bacteria|Chloroflexi|Chloroflexia|Herpetosiphonales	0.576797841659689	0.529467928131239	0.232414006817478	0.440070411265803	0.567837674136887	0.276752767527675	0.445599702933531	1.14220445459737	0.22824796859308	0.691097572065109	0.94832934503235	0.613967766692249	2.72711631108052	0.210668239656189	0.618058043711931	0.545549012816072	1.12800802139037	0.893087161872048
Bacteria|Firmicutes|Bacilli|Bacillales	0.548888268676156	0.720423574342505	0.247908273938643	2.06433029284686	0.16656571774682	0.888963435088896	2.09803193464538	0.961355415952789	1.23253903040263	1.40038192234246	0.620402375254808	2.45587106676899	0.258086717136958	0.193814780483694	0.591185954854891	0.207828195358504	0.175467914438503	0.549592099613568
Bacteria|Firmicutes|Bacilli|Unassigned	0.539585077681645	0.199635448311779	0.224666873256895	0.296047367578813	0.00757116898849182	0.12579671251258	0.306349795766803	0.295069484104321	0.493015612161052	0.409202509775393	0.248160950101923	0.0767459708365311	0.0344115622849277	0.0505603775174855	0	0.251125736058192	0.0501336898395722	0.017174753112924
Bacteria|Proteobacteria|Alphaproteobacteria|Caulobacterales	1.20941482928645	1.16309348146862	0.968391695072823	0.680108817410786	0.916111447607511	2.2140221402214	0.891199405867063	0.694841043213402	0.529535287135944	0.909338910611985	0.957192236107418	0.968917881811205	0.825877494838266	0.893233336142243	0.976352561805804	0.831312781434015	0.61831550802139	0.790038643194504
Bacteria|Proteobacteria|Alphaproteobacteria|Rhizobiales	7.2843985487022	7.56010762954605	11.0396653238302	10.3376540246439	11.9473046638401	9.79537068097954	8.16004455997029	7.45288406624786	5.68793937733954	6.69273438210421	8.56155277851635	7.83768227168074	6.21988988300069	7.43237549507036	7.13901827302042	7.06615864218912	8.2971256684492	7.60841562902533
Bacteria|Proteobacteria|Alphaproteobacteria|Rhodospirillales	0.818680807516978	1.38008853398143	0.619770684846607	0.52008321331413	0.598122350090854	0.687688695068769	1.2810991459339	0.989910527317723	0.657354149548069	0.863871965081386	0.74448285030577	1.03607060629317	0.791465932553338	0.379202831381141	0.716589036187746	0.450294423276758	0.584893048128342	0.583941605839416
Bacteria|Proteobacteria|Alphaproteobacteria|Sphingomonadales	1.21871802028096	1.09365506466453	2.57204834211342	2.24835973755801	2.64990914597214	1.76115397517612	0.937616041589306	0.961355415952789	0.757783255729024	0.991179412567064	1.25853053265975	1.10322333077513	0.80006882312457	1.32299654504087	0.913651021139377	1.34222376169034	1.45387700534759	0.94461142121082
Bacteria|Proteobacteria|Alphaproteobacteria|Unassigned	0.111638291934133	0.0173596042010242	0.100712736287574	0.0800128020483277	0.0302846759539673	0.0922509225092251	0.0928332714444857	0.0475918522748905	0.146078699899571	0.0909338910611985	0.106354692900824	0.10552570990023	0.111837577426015	0.219094969242437	0.214976710856324	0.268444752338067	0.158756684491979	0.154572778016316
Bacteria|Proteobacteria|Betaproteobacteria|Burkholderiales	31.0447483486836	20.8662442496311	26.224047102572	30.2288366138582	39.4382192610539	31.3066085206307	18.956554028964	16.4953359984771	23.3999817401625	24.3884695826134	22.2813081627227	19.5702225633154	26.0495526496903	33.7069183449903	23.8265854532426	25.6494631104953	26.3118315508021	24.4826105624732
Bacteria|Proteobacteria|Betaproteobacteria|Nitrosomonadales	0.0837287189506001	0.190955646211266	0.0619770684846607	0.0640102416386622	0.0984251968503937	0.159342502515934	0.0742666171555886	0.0666285931848467	0.109559024924678	0.181867782122397	0.0354515643002747	0.0479662317728319	0.137646249139711	0.058987107103733	0.313507703332139	0.138552130239002	0.158756684491979	0.103048518677544
Bacteria|Proteobacteria|Deltaproteobacteria|Deltaproteobacteria_incertae_sedis	0.139547864917667	0.130197031507682	0.123954136969321	0.072011521843495	0.0302846759539673	0.12579671251258	0.232083178611214	0.190367409099562	0.127818862412125	0.100027280167318	0.168394930426305	0.316577129700691	0.103234686854783	0.126400943793714	0.134360444285202	0.0692760651195012	0.142045454545455	0.120223271790468
Bacteria|Proteobacteria|Deltaproteobacteria|Myxococcales	0.930319099451112	0.963458033156844	0.983885962193988	0.592094735157625	0.696547546941248	1.61019792016102	1.13256591162273	0.55206548638873	0.958641468090934	1.21851414022006	0.815385978906319	0.988104374520338	1.31624225739849	0.758405662762282	0.985309924758151	0.900588846553516	0.835561497326203	1.13353370545298
Bacteria|Proteobacteria|Gammaproteobacteria|Cellvibrionales	0.130244673923156	0.0607586147035848	0.0852184691664084	0.104016642662826	0.16656571774682	0.0922509225092251	0.0928332714444857	0.0571102227298686	0.109559024924678	0.154587614804037	0.0974918018257556	0.0671527244819647	0.180660701995871	0.176961321311199	0.0806162665711215	0.0779355732594389	0.150401069518717	0.12881064834693
Bacteria|Proteobacteria|Gammaproteobacteria|Chromatiales	0.483765931714578	0.49474871972919	0.278896808180973	0.408065290446471	0.143852210781345	0.394163032539416	0.789082807278128	0.428326670474015	0.757783255729024	0.518323179048832	0.611539484179739	0.594781273983116	0.498967653131452	0.480323586416112	0.501612325331422	0.502251472116384	0.467914438502674	0.64405324173465
Bacteria|Proteobacteria|Gammaproteobacteria|Gammaproteobacteria_incertae_sedis	0.511675504698111	0.45134970922663	0.348621010226216	0.37606016962714	0.476983646274985	0.377390137537739	0.575566282955811	0.399771559109081	0.419976262211266	0.436482677093753	0.460870335903572	0.527628549501151	0.404335856847901	0.438189938484874	0.806162665711215	0.675441634915137	0.384358288770054	0.583941605839416
Bacteria|Proteobacteria|Gammaproteobacteria|Nevskiales	0.576797841659689	0.572866938633799	0.619770684846607	0.304048647783645	0.204421562689279	0.427708822542771	0.90976606015596	0.618694079573577	0.520405368392221	0.536509957261071	0.682442612780289	0.757866462010744	0.473158981417756	0.792112581107272	0.680759584378359	0.762036716314513	0.568181818181818	0.72992700729927
Bacteria|Proteobacteria|Gammaproteobacteria|Pseudomonadales	0.223276583868267	0.138876833608194	0.162689804772234	0.200032005120819	0.681405208964264	0.209661187520966	0.696249535833643	1.56101275461641	0.292157399799142	1.70046376284441	0.94832934503235	1.36224098234843	0.120440467997247	0.126400943793714	0.376209243998567	0.181849670938691	0.718582887700535	0.4293688278231
Bacteria|Proteobacteria|Gammaproteobacteria|Xanthomonadales	0.99544143641269	0.581546740734311	0.859931825224667	1.05616898703793	1.07510599636584	1.64374371016437	0.603416264389157	0.875690081857986	0.821692686935086	0.763844684914067	1.45351413631126	1.24712202609363	0.731245698554714	1.03648773910845	1.01218201361519	1.42881884308971	1.12800802139037	1.36539287247746
Bacteria|Proteobacteria|Unassigned|Unassigned	1.45129779514373	1.25857130457426	1.10784009916331	0.960153624579933	0.923682616596002	1.24958067762496	1.84738210174527	1.2183514182372	1.23253903040263	1.12758024915886	1.71053797748826	1.79393706830391	1.29043358568479	1.63478553973203	2.09602293084916	1.67128507100797	1.72961229946524	1.94074710176041
Bacteria|Actinobacteria|Actinobacteria|Geodermatophilales|Geodermatophilaceae	0.437249976742022	0.65966495963892	0.557793616361946	0.408065290446471	0.174136886735312	0.452868165045287	0.38989974006684	0.513992004568818	0.60257463708573	0.391015731563154	0.425418771603297	0.508442056792018	0.662422573984859	0.387629560967389	0.474740236474382	0.458953931416695	0.827205882352941	0.704164877629884
Bacteria|Actinobacteria|Actinobacteria|Micrococcales|Intrasporangiaceae	0.3349148758024	0.78118218904609	0.333126743105051	0.672107537205953	0.0984251968503937	0.218047635021805	0.705532862978091	0.437845040928993	0.529535287135944	0.754751295807948	0.602676593104671	0.412509593246355	1.11837577426015	1.12075503497093	0.824077391615908	0.796674748874264	0.877339572192513	0.51524259338772
Bacteria|Actinobacteria|Actinobacteria|Micrococcales|Microbacteriaceae	0.446553167736534	0.920059022654284	0.550046482801363	0.57609217474796	0.340702604482132	0.385776585038578	0.621982918678054	0.618694079573577	0.538665205879668	0.563790124579431	0.593813702029602	0.498848810437452	0.455953200275292	0.370776101794893	0.653887495521319	0.606165569795636	0.426136363636364	0.738514383855732
Bacteria|Actinobacteria|Actinobacteria|Micromonosporales|Micromonosporaceae	3.20029770211182	5.07768422879958	2.92066935233963	3.38454152664426	1.43852210781345	3.60617242536062	3.61121425919049	4.94955263658862	5.60577010864603	3.51004819496226	4.42258264645927	3.59746738296239	4.21541637990365	3.42967894160276	4.03977069150842	3.56771735365431	4.63736631016043	4.06182911120653
Bacteria|Actinobacteria|Actinobacteria|Propionibacteriales|Kribbellaceae	0.427946785747511	1.03289644996094	0.565540749922529	0.352056329012642	0.287704421562689	0.402549480040255	0.696249535833643	0.675804302303446	0.556925043367114	0.491043011730472	0.682442612780289	0.681120491174213	0.645216792842395	0.926940254487233	0.573271228950197	0.813993765154139	1.17814171122995	0.626878488621726
Bacteria|Actinobacteria|Actinobacteria|Propionibacteriales|Nocardioidaceae	1.03265420039073	1.53632497179064	1.61915091416176	1.32021123379741	1.385523924894	1.64374371016437	0.891199405867063	1.54197601370645	1.21427919291518	0.927525688824225	1.60418328458743	1.15118956254797	1.16139022711631	0.952220443245976	1.37943389466141	1.2642881884309	1.06116310160428	1.22799484757407
Bacteria|Actinobacteria|Actinobacteria|Pseudonocardiales|Pseudonocardiaceae	5.15396781095916	10.6501171773284	7.95630616671831	8.77740438470155	4.87583282858873	4.67125125796712	5.58856294095804	5.92042642299638	4.23628229708756	5.65608802400655	6.38128157404946	4.93092862624712	8.57708189951824	5.85657706244207	6.85238265854532	7.69830273640457	9.28308823529412	7.57406612279948
Bacteria|Actinobacteria|Actinobacteria|Streptomycetales|Streptomycetaceae	2.91189878128198	2.67337904695773	3.10660055779362	2.10433669387102	1.09024833434282	1.55149278765515	2.06089862606758	3.02684180468304	8.04345841322012	4.52850777484769	2.89816538154746	2.65732924021489	3.77666896077082	3.42967894160276	3.14403439627374	5.51610668514028	4.25300802139037	2.89394589952769
Bacteria|Actinobacteria|Actinobacteria|Streptosporangiales|Streptosporangiaceae	0.0465159549725556	0.381911292422533	0.20917260613573	0.23203712594015	0.0227135069654755	0.0670915800067092	0.185666542888971	0.266514372739387	0.118688943668401	0.127307447485678	0.274749623327129	0.0383729854182655	0.0946317962835513	0.252801887587427	0.143317807237549	0.0692760651195012	0.0417780748663102	0.188922284242164
Bacteria|Actinobacteria|Actinobacteria|Streptosporangiales|Thermomonosporaceae	0.99544143641269	0.998177241558892	0.20917260613573	1.3922227556409	0.348273773470624	0.628983562562898	0.58484961010026	1.04702075004759	0.40171642472382	0.809311630444667	0.850837543206594	0.671527244819647	1.20440467997247	1.25558270835089	0.698674310283053	0.99584343609283	1.37867647058824	0.72992700729927
Bacteria|Actinobacteria|Actinobacteria|Unassigned|Unassigned	0.130244673923156	0.277753667216387	0.147195537651069	0.168026884301488	0.0908540278619019	0.192888292519289	0.232083178611214	0.276032743194365	0.255637724824249	0.263708284077476	0.230435167951786	0.34535686876439	0.22367515485203	0.117974214207466	0.331422429236833	0.216487703498441	0.158756684491979	0.291970802919708
Bacteria|Actinobacteria|Thermoleophilia|Solirubrobacterales|Conexibacteraceae	0.176760628895711	0.138876833608194	0.0697242020452433	0.0240038406144983	0.0984251968503937	0.134183160013418	0.269216487189009	0.15229392727965	0.146078699899571	0.118214058379558	0.168394930426305	0.306983883346124	0.0430144528561597	0.0252801887587427	0.0806162665711215	0.0606165569795636	0.0919117647058823	0.103048518677544
Bacteria|Bacteroidetes|Chitinophagia|Chitinophagales|Chitinophagaceae	0.0930319099451112	0.0607586147035848	0.0542299349240781	0.0480076812289966	0.0227135069654755	0.0419322375041932	0.306349795766803	0.180849038644584	0.365196749748927	0.290988451395835	0.194983603651511	0.134305448963929	0.258086717136958	0.337069183449903	0.250806162665711	0.277104260478005	0.158756684491979	0.077286389008158
Bacteria|Bacteroidetes|Cytophagia|Cytophagales|Fulvivirgaceae	0.120941482928645	0.0173596042010242	0.0232414006817478	0.0480076812289966	0.0227135069654755	0	0.297066468622354	0.180849038644584	0.136948781155848	0.154587614804037	0.141806257201099	0.0959324635456638	0.0774260151410874	0.143254402966209	0.179147259046937	0.199168687218566	0.0668449197860962	0.137398024903392
Bacteria|Bacteroidetes|Flavobacteriia|Flavobacteriales|Flavobacteriaceae	1.37687226718765	1.0762954604635	6.67028199566161	2.03232517202752	3.86129618413083	1.56826568265683	1.18826587448942	6.79611650485437	5.67880945859582	4.31026643630081	1.80802977931401	1.2567152724482	3.18306951135582	3.6487739108452	2.57076316732354	1.24696917215102	3.30882352941176	4.14770287677115
Bacteria|Chloroflexi|Chloroflexia|Herpetosiphonales|Herpetosiphonaceae	0.576797841659689	0.529467928131239	0.232414006817478	0.440070411265803	0.567837674136887	0.276752767527675	0.445599702933531	1.14220445459737	0.22824796859308	0.691097572065109	0.94832934503235	0.613967766692249	2.72711631108052	0.210668239656189	0.618058043711931	0.545549012816072	1.12800802139037	0.893087161872048
Bacteria|Firmicutes|Bacilli|Bacillales|Bacillaceae	0.474462740720067	0.460029511327142	0.178184071893399	0.240038406144983	0.143852210781345	0.49480040254948	1.99591533605644	0.837616600038073	1.11385008673423	1.22760752932618	0.531773464504121	2.3119723714505	0.215072264280798	0.101120755034971	0.277678251522752	0.129892622099065	0.0919117647058823	0.249033920137398
Bacteria|Firmicutes|Bacilli|Bacillales|Paenibacillaceae	0.0744255279560889	0.260394063015363	0.0697242020452433	1.82429188670187	0.0227135069654755	0.394163032539416	0.102116598588934	0.123738815914715	0.118688943668401	0.172774393016277	0.0886289107506869	0.143898695318496	0.0430144528561597	0.0926940254487233	0.313507703332139	0.0779355732594389	0.0835561497326203	0.30055817947617
Bacteria|Firmicutes|Bacilli|Unassigned|Unassigned	0.539585077681645	0.199635448311779	0.224666873256895	0.296047367578813	0.00757116898849182	0.12579671251258	0.306349795766803	0.295069484104321	0.493015612161052	0.409202509775393	0.248160950101923	0.0767459708365311	0.0344115622849277	0.0505603775174855	0	0.251125736058192	0.0501336898395722	0.017174753112924
Bacteria|Proteobacteria|Alphaproteobacteria|Caulobacterales|Caulobacteraceae	1.20941482928645	1.16309348146862	0.968391695072823	0.680108817410786	0.916111447607511	2.2140221402214	0.891199405867063	0.694841043213402	0.529535287135944	0.909338910611985	0.957192236107418	0.968917881811205	0.825877494838266	0.893233336142243	0.976352561805804	0.831312781434015	0.61831550802139	0.790038643194504
Bacteria|Proteobacteria|Alphaproteobacteria|Rhizobiales|Boseaceae	0.195367010884733	0.0433990105025605	0.542299349240781	0.120019203072492	0.454270139309509	0.209661187520966	0.12996658002228	0.295069484104321	0.0912991874372318	0.145494225697918	0.230435167951786	0.0863392171910975	0.249483826565726	0.101120755034971	0.125403081332856	0.251125736058192	0.45120320855615	0.223271790468012
Bacteria|Proteobacteria|Alphaproteobacteria|Rhizobiales|Bradyrhizobiaceae	2.13973392873756	2.76885687006336	2.81995661605206	2.15234437510002	1.95336159903089	2.54109359275411	2.97994801336799	2.02741290691034	1.75294439879485	1.74593070837501	2.44615793671896	2.56139677666922	1.75498967653131	1.60107862138704	2.35578645646722	2.39002424662279	1.72961229946524	2.31000429368828
Bacteria|Proteobacteria|Alphaproteobacteria|Rhizobiales|Devosiaceae	1.38617545818216	1.13705407516709	1.61915091416176	1.3682189150264	2.36977589339794	1.55149278765515	1.19754920163387	1.48486579097658	0.794302930703917	1.0548331363099	1.3028449880351	0.930544896392939	0.636613902271163	0.935366984073481	1.34360444285202	0.7360581918947	1.01938502673797	1.41691713181623
Bacteria|Proteobacteria|Alphaproteobacteria|Rhizobiales|Hyphomicrobiaceae	0.139547864917667	0.190955646211266	0.193678339014565	0.0640102416386622	0.174136886735312	0.142569607514257	0.232083178611214	0.0666285931848467	0.109559024924678	0.109120669273438	0.177257821501374	0.134305448963929	0.0430144528561597	0.0758405662762282	0.0806162665711215	0.121233113959127	0.0417780748663102	0.111635895234006
Bacteria|Proteobacteria|Alphaproteobacteria|Rhizobiales|Phyllobacteriaceae	0.316308493813378	0.32983247981946	0.333126743105051	0.456072971675468	0.219563900666263	0.402549480040255	0.287783141477906	0.333142965924234	0.283027481055419	0.227334727652996	0.274749623327129	0.431696085955487	0.240880935994494	0.252801887587427	0.349337155141526	0.372358850017319	0.392713903743315	0.266208673250322
Bacteria|Proteobacteria|Alphaproteobacteria|Rhizobiales|Rhizobiaceae	2.44673923155642	2.23938894193212	4.32290052680508	4.08865418466955	5.60266505148395	4.10935927541094	2.20014853323431	2.41766609556444	2.06336163608144	2.60070928435028	3.27926969777541	2.75326170376055	2.52064693737096	3.38754529367153	1.94374776065926	2.39868375476273	3.91042780748663	2.49892657793044
Bacteria|Proteobacteria|Alphaproteobacteria|Rhizobiales|Unassigned	0.660526560610289	0.850620605850187	1.20855283545088	2.08833413346135	1.17353119321623	0.838644750083864	1.13256591162273	0.828098229583095	0.593444718342007	0.809311630444667	0.850837543206594	0.940138142747506	0.774260151410874	1.07862138703969	0.940523109996417	0.796674748874264	0.752005347593583	0.781451266638042
Bacteria|Proteobacteria|Alphaproteobacteria|Rhodospirillales|Reyranellaceae	0.130244673923156	0.147556635708706	0.216919739696312	0.104016642662826	0.0227135069654755	0.150956055015096	0.204233197177869	0.085665334094803	0.136948781155848	0.136400836591798	0.0886289107506869	0.172678434382195	0.103234686854783	0.0758405662762282	0.134360444285202	0.0606165569795636	0.0584893048128342	0.077286389008158
Bacteria|Proteobacteria|Alphaproteobacteria|Rhodospirillales|Rhodospirillaceae	0.2511861568518	0.338512281919972	0.100712736287574	0.168026884301488	0.105996365838886	0.100637370010064	0.612699591533606	0.437845040928993	0.356066831005204	0.345548786032554	0.372241425152885	0.479662317728319	0.387130075705437	0.227521698828685	0.34037979218918	0.29442327675788	0.167112299465241	0.231859167024474
Bacteria|Proteobacteria|Alphaproteobacteria|Rhodospirillales|Unassigned	0.437249976742022	0.894019616352747	0.302138208862721	0.248039686349816	0.469412477286493	0.436095270043609	0.464166357222428	0.466400152293927	0.164338537387017	0.381922342457034	0.283612514402198	0.383729854182655	0.301101169993118	0.0758405662762282	0.241848799713364	0.0952545895393142	0.359291443850267	0.274796049806784
Bacteria|Proteobacteria|Alphaproteobacteria|Sphingomonadales|Erythrobacteraceae	0.130244673923156	0.112837427306657	0.092965602726991	0.160025604096655	0.24984857662023	0.159342502515934	0.120683252877831	0.123738815914715	0.0639094312060623	0.109120669273438	0.0974918018257556	0.0575594781273983	0.0516173434273916	0.143254402966209	0.179147259046937	0.129892622099065	0.175467914438503	0.060111635895234
Bacteria|Proteobacteria|Alphaproteobacteria|Sphingomonadales|Sphingomonadaceae	1.0884733463578	0.980817637357868	2.47908273938643	2.08833413346135	2.40006056935191	1.60181147266018	0.816932788711474	0.837616600038073	0.693873824522962	0.882058743293626	1.161038730834	1.04566385264774	0.748451479697178	1.17974214207466	0.73450376209244	1.21233113959127	1.27840909090909	0.884499785315586
Bacteria|Proteobacteria|Alphaproteobacteria|Unassigned|Unassigned	0.111638291934133	0.0173596042010242	0.100712736287574	0.0800128020483277	0.0302846759539673	0.0922509225092251	0.0928332714444857	0.0475918522748905	0.146078699899571	0.0909338910611985	0.106354692900824	0.10552570990023	0.111837577426015	0.219094969242437	0.214976710856324	0.268444752338067	0.158756684491979	0.154572778016316
Bacteria|Proteobacteria|Betaproteobacteria|Burkholderiales|Alcaligenaceae	0.158154246906689	0.208315250412291	0.092965602726991	0.192030724915987	0.143852210781345	0.109023817510902	0.12996658002228	0.0380734818199124	0.109559024924678	0.100027280167318	0.20384649472658	0.10552570990023	0.129043358568479	0.109547484621219	0.17018989609459	0.103914097679252	0.133689839572192	0.111635895234006
Bacteria|Proteobacteria|Betaproteobacteria|Burkholderiales|Burkholderiales_incertae_sedis	0.0279095729835334	0.0954778231056332	0.557793616361946	0.168026884301488	0.0605693519079346	0.142569607514257	0.157816561455626	0.0761469636398249	0.100429106180955	0.063653723742839	0.0531773464504121	0.00959324635456638	0.0344115622849277	0.0842672958624758	0.0985309924758151	0.0346380325597506	0.0668449197860962	0.08587376556462
Bacteria|Proteobacteria|Betaproteobacteria|Burkholderiales|Comamonadaceae	25.4163177970044	16.1965107195556	21.9166408428881	22.8116498639782	32.2607510599637	23.1549815498155	14.3334571110286	13.0972777460499	18.1959280562403	19.5962535236883	18.2221040503412	14.8503453568688	19.8038540949759	25.7352321564001	18.9448226442135	20.7741600277104	21.6911764705882	19.4675826534994
Bacteria|Proteobacteria|Betaproteobacteria|Burkholderiales|Oxalobacteraceae	5.442366731789	4.36594045655759	3.65664704059498	7.05712914066251	6.97304663840097	7.90003354579	4.33531377645748	3.28383780696745	4.99406555281658	4.628535055015	3.80218027120447	4.60475825019186	6.08224363386098	7.77787140810651	4.61304192045862	4.7367509525459	4.42012032085561	4.81751824817518
Bacteria|Proteobacteria|Betaproteobacteria|Nitrosomonadales|Methylophilaceae	0.0837287189506001	0.190955646211266	0.0619770684846607	0.0640102416386622	0.0984251968503937	0.159342502515934	0.0742666171555886	0.0666285931848467	0.109559024924678	0.181867782122397	0.0354515643002747	0.0479662317728319	0.137646249139711	0.058987107103733	0.313507703332139	0.138552130239002	0.158756684491979	0.103048518677544
Bacteria|Proteobacteria|Deltaproteobacteria|Deltaproteobacteria_incertae_sedis|Unassigned	0.139547864917667	0.130197031507682	0.123954136969321	0.072011521843495	0.0302846759539673	0.12579671251258	0.232083178611214	0.190367409099562	0.127818862412125	0.100027280167318	0.168394930426305	0.316577129700691	0.103234686854783	0.126400943793714	0.134360444285202	0.0692760651195012	0.142045454545455	0.120223271790468
Bacteria|Proteobacteria|Deltaproteobacteria|Myxococcales|Anaeromyxobacteraceae	0.204670201879245	0.0694384168040969	0.216919739696312	0.256040966554649	0.227135069654755	0.192888292519289	0.102116598588934	0.123738815914715	0.419976262211266	0.245521505865236	0.168394930426305	0.201458173445894	0.215072264280798	0.320215724277408	0.259763525618058	0.242466227918254	0.259024064171123	0.317732932589094
Bacteria|Proteobacteria|Deltaproteobacteria|Myxococcales|Polyangiaceae	0.725648897571867	0.894019616352747	0.766966222497676	0.336053768602976	0.469412477286493	1.41730962764173	1.03044931303379	0.428326670474015	0.538665205879668	0.972992634354824	0.646991048480014	0.786646201074444	1.10116999311769	0.438189938484874	0.725546399140093	0.658122618635262	0.57653743315508	0.81580077286389
Bacteria|Proteobacteria|Gammaproteobacteria|Cellvibrionales|Unassigned	0.130244673923156	0.0607586147035848	0.0852184691664084	0.104016642662826	0.16656571774682	0.0922509225092251	0.0928332714444857	0.0571102227298686	0.109559024924678	0.154587614804037	0.0974918018257556	0.0671527244819647	0.180660701995871	0.176961321311199	0.0806162665711215	0.0779355732594389	0.150401069518717	0.12881064834693
Bacteria|Proteobacteria|Gammaproteobacteria|Chromatiales|Ectothiorhodospiraceae	0.130244673923156	0.173596042010242	0.0774713356058258	0.0320051208193311	0.0151423379769836	0.0754780275075478	0.25993316004456	0.085665334094803	0.17346845613074	0.0727471128489588	0.13294336612603	0.249424405218726	0.163454920853407	0.0337069183449903	0.134360444285202	0.0519570488396259	0.0752005347593583	0.137398024903392
Bacteria|Proteobacteria|Gammaproteobacteria|Chromatiales|Unassigned	0.353521257791422	0.321152677718948	0.201425472575147	0.37606016962714	0.128709872804361	0.318685005031869	0.529149647233568	0.342661336379212	0.584314799598284	0.445576066199873	0.478596118053709	0.34535686876439	0.335512732278045	0.446616668071122	0.36725188104622	0.450294423276758	0.392713903743315	0.506655216831258
Bacteria|Proteobacteria|Gammaproteobacteria|Gammaproteobacteria_incertae_sedis|Unassigned	0.511675504698111	0.45134970922663	0.348621010226216	0.37606016962714	0.476983646274985	0.377390137537739	0.575566282955811	0.399771559109081	0.419976262211266	0.436482677093753	0.460870335903572	0.527628549501151	0.404335856847901	0.438189938484874	0.806162665711215	0.675441634915137	0.384358288770054	0.583941605839416
Bacteria|Proteobacteria|Gammaproteobacteria|Nevskiales|Nevskiaceae	0.576797841659689	0.572866938633799	0.619770684846607	0.304048647783645	0.204421562689279	0.427708822542771	0.90976606015596	0.618694079573577	0.520405368392221	0.536509957261071	0.682442612780289	0.757866462010744	0.473158981417756	0.792112581107272	0.680759584378359	0.762036716314513	0.568181818181818	0.72992700729927
Bacteria|Proteobacteria|Gammaproteobacteria|Pseudomonadales|Pseudomonadaceae	0.223276583868267	0.138876833608194	0.162689804772234	0.200032005120819	0.681405208964264	0.209661187520966	0.696249535833643	1.56101275461641	0.292157399799142	1.70046376284441	0.94832934503235	1.36224098234843	0.120440467997247	0.126400943793714	0.376209243998567	0.181849670938691	0.718582887700535	0.4293688278231
Bacteria|Proteobacteria|Gammaproteobacteria|Xanthomonadales|Xanthomonadaceae	0.99544143641269	0.581546740734311	0.859931825224667	1.05616898703793	1.07510599636584	1.64374371016437	0.603416264389157	0.875690081857986	0.821692686935086	0.763844684914067	1.45351413631126	1.24712202609363	0.731245698554714	1.03648773910845	1.01218201361519	1.42881884308971	1.12800802139037	1.36539287247746
Bacteria|Proteobacteria|Unassigned|Unassigned|Unassigned	1.45129779514373	1.25857130457426	1.10784009916331	0.960153624579933	0.923682616596002	1.24958067762496	1.84738210174527	1.2183514182372	1.23253903040263	1.12758024915886	1.71053797748826	1.79393706830391	1.29043358568479	1.63478553973203	2.09602293084916	1.67128507100797	1.72961229946524	1.94074710176041
Bacteria|Actinobacteria|Actinobacteria|Geodermatophilales|Geodermatophilaceae|Blastococcus	0.2511861568518	0.486068917628678	0.356368143786799	0.264042246759482	0.105996365838886	0.251593425025159	0.287783141477906	0.418808300019037	0.410846343467543	0.290988451395835	0.292475405477267	0.45088257866462	0.481761871988988	0.286508805932418	0.385166606950914	0.337720817457568	0.643382352941177	0.532417346500644
Bacteria|Actinobacteria|Actinobacteria|Geodermatophilales|Geodermatophilaceae|Unassigned	0.186063819890222	0.173596042010242	0.201425472575147	0.14402304368699	0.0681405208964264	0.201274740020127	0.102116598588934	0.0951837045497811	0.191728293618187	0.100027280167318	0.13294336612603	0.0575594781273983	0.180660701995871	0.101120755034971	0.0895736295234683	0.121233113959127	0.183823529411765	0.17174753112924
Bacteria|Actinobacteria|Actinobacteria|Micrococcales|Intrasporangiaceae|Oryzihumus	0.3349148758024	0.78118218904609	0.333126743105051	0.672107537205953	0.0984251968503937	0.218047635021805	0.705532862978091	0.437845040928993	0.529535287135944	0.754751295807948	0.602676593104671	0.412509593246355	1.11837577426015	1.12075503497093	0.824077391615908	0.796674748874264	0.877339572192513	0.51524259338772
Bacteria|Actinobacteria|Actinobacteria|Micrococcales|Microbacteriaceae|Agromyces	0.446553167736534	0.920059022654284	0.550046482801363	0.57609217474796	0.340702604482132	0.385776585038578	0.621982918678054	0.618694079573577	0.538665205879668	0.563790124579431	0.593813702029602	0.498848810437452	0.455953200275292	0.370776101794893	0.653887495521319	0.606165569795636	0.426136363636364	0.738514383855732
Bacteria|Actinobacteria|Actinobacteria|Micromonosporales|Micromonosporaceae|Actinoplanes	2.41882965857289	4.01006857043659	2.26216299969011	2.65642502800448	1.17353119321623	2.97718886279772	2.56219829186781	3.50276032743194	3.90760522231352	2.64617622988088	3.57174510325268	2.83000767459708	3.32071576049553	2.72183365635797	3.12611967036904	2.74506408036024	3.98562834224599	3.17732932589094
Bacteria|Actinobacteria|Actinobacteria|Micromonosporales|Micromonosporaceae|Catellatospora	0.148851055912178	0.216995052512803	0.100712736287574	0.168026884301488	0.0454270139309509	0.0922509225092251	0.269216487189009	0.304587854559299	0.20085821236191	0.100027280167318	0.248160950101923	0.115118956254797	0.232278045423262	0.126400943793714	0.206019347903977	0.0952545895393142	0.100267379679144	0.231859167024474
Bacteria|Actinobacteria|Actinobacteria|Micromonosporales|Micromonosporaceae|Dactylosporangium	0.102335100939622	0.225674854613315	0.092965602726991	0.0960153624579933	0.0302846759539673	0.0838644750083864	0.232083178611214	0.171330668189606	0.127818862412125	0.136400836591798	0.115217583975893	0.163085188027629	0.146249139710943	0.109547484621219	0.116445718380509	0.103914097679252	0.158756684491979	0.120223271790468
Bacteria|Actinobacteria|Actinobacteria|Micromonosporales|Micromonosporaceae|Micromonospora	0.2511861568518	0.243034458814339	0.325379609544469	0.112017922867659	0.113567534827377	0.243206977524321	0.185666542888971	0.55206548638873	1.022550899297	0.436482677093753	0.301338296552335	0.21105141980046	0.240880935994494	0.269655346759922	0.232891436761018	0.346380325597506	0.200534759358289	0.154572778016316
Bacteria|Actinobacteria|Actinobacteria|Micromonosporales|Micromonosporaceae|Unassigned	0.148851055912178	0.225674854613315	0.0774713356058258	0.128020483277324	0.0605693519079346	0.142569607514257	0.222799851466766	0.228440890919475	0.246507806080526	0.136400836591798	0.13294336612603	0.201458173445894	0.180660701995871	0.143254402966209	0.223934073808671	0.173190162798753	0.12533422459893	0.180334907685702
Bacteria|Actinobacteria|Actinobacteria|Micromonosporales|Micromonosporaceae|Virgisporangium	0.130244673923156	0.156236437809218	0.0619770684846607	0.224035845735318	0.0151423379769836	0.0670915800067092	0.139249907166729	0.190367409099562	0.100429106180955	0.0545603346367191	0.0531773464504121	0.0767459708365311	0.0946317962835513	0.058987107103733	0.134360444285202	0.103914097679252	0.0668449197860962	0.197509660798626
Bacteria|Actinobacteria|Actinobacteria|Propionibacteriales|Kribbellaceae|Kribbella	0.427946785747511	1.03289644996094	0.565540749922529	0.352056329012642	0.287704421562689	0.402549480040255	0.696249535833643	0.675804302303446	0.556925043367114	0.491043011730472	0.682442612780289	0.681120491174213	0.645216792842395	0.926940254487233	0.573271228950197	0.813993765154139	1.17814171122995	0.626878488621726
Bacteria|Actinobacteria|Actinobacteria|Propionibacteriales|Nocardioidaceae|Aeromicrobium	0.130244673923156	0.269073865115875	0.232414006817478	0.256040966554649	0.181708055723804	0.18450184501845	0.0742666171555886	0.085665334094803	0.136948781155848	0.127307447485678	0.0709031286005495	0.134305448963929	0.103234686854783	0.0842672958624758	0.152275170189896	0.190509179078628	0.12533422459893	0.120223271790468
Bacteria|Actinobacteria|Actinobacteria|Propionibacteriales|Nocardioidaceae|Nocardioides	0.902409526467578	1.26725110667477	1.38673690734428	1.06417026724276	1.2038158691702	1.45924186514592	0.816932788711474	1.45631067961165	1.07733041175934	0.800218241338547	1.53328015598688	1.01688411358404	1.05815554026153	0.8679531473835	1.22715872447152	1.07377900935227	0.935828877005348	1.1077715757836
Bacteria|Actinobacteria|Actinobacteria|Pseudonocardiales|Pseudonocardiaceae|Actinocrispum	0.418643594753	0.399270896623557	3.07561202355129	0.192030724915987	0.0605693519079346	0.159342502515934	0.993316004455997	0.580620597753665	0.283027481055419	0.60016368100391	0.593813702029602	0.479662317728319	0.464556090846524	0.0926940254487233	0.886778932282336	0.744717700034638	0.626671122994652	1.13353370545298
Bacteria|Actinobacteria|Actinobacteria|Pseudonocardiales|Pseudonocardiaceae|Actinophytocola	0.651223369615778	0.894019616352747	0.395103811589712	1.50424067850856	0.143852210781345	0.293525662529353	0.863349424433717	1.04702075004759	1.06820049301561	0.563790124579431	0.797660196756182	0.546815042210284	1.51410874053682	0.674138366899806	0.627015406664278	0.614825077935573	0.158756684491979	2.04379562043796
Bacteria|Actinobacteria|Actinobacteria|Pseudonocardiales|Pseudonocardiaceae|Amycolatopsis	0.967531863429156	3.03793073517924	1.48744964363186	1.16018562970075	1.09024833434282	1.40892318014089	0.6498329001114	0.951837045497811	0.40171642472382	1.1003000818405	0.974918018257556	0.633154259401381	1.43668272539573	1.52523805511081	0.913651021139377	1.92241080706616	5.28910427807487	0.841562902533276
Bacteria|Actinobacteria|Actinobacteria|Pseudonocardiales|Pseudonocardiaceae|Kibdelosporangium	0.241882965857289	0.2864334693169	0.0542299349240781	3.55256841094575	1.43095093882495	0.0838644750083864	0.362049758633494	0.561583856843708	0.237377887336803	0.58197690279167	0.265886732252061	0.306983883346124	0.946317962835513	0.126400943793714	0.358294518093873	0.372358850017319	0.217245989304813	0.566766852726492
Bacteria|Actinobacteria|Actinobacteria|Pseudonocardiales|Pseudonocardiaceae|Lentzea	2.69792538840822	5.74602899053902	2.85869228385497	2.19235077612418	2.08964264082374	2.59141227775914	2.54363163757891	2.54140491147915	2.06336163608144	2.64617622988088	3.58947088540282	2.83000767459708	4.1207845836201	3.26114434987781	3.90541024722322	3.71492899203325	2.90775401069519	2.73937312151138
Bacteria|Actinobacteria|Actinobacteria|Pseudonocardiales|Pseudonocardiaceae|Pseudonocardia	0.176760628895711	0.2864334693169	0.0852184691664084	0.176028164506321	0.0605693519079346	0.134183160013418	0.176383215744523	0.237959261374453	0.182598374874464	0.163681003910157	0.159532039351236	0.134305448963929	0.0946317962835513	0.176961321311199	0.161232533142243	0.329061309317631	0.0835561497326203	0.249033920137398
Bacteria|Actinobacteria|Actinobacteria|Streptomycetales|Streptomycetaceae|Streptomyces	2.91189878128198	2.67337904695773	3.10660055779362	2.10433669387102	1.09024833434282	1.55149278765515	2.06089862606758	3.02684180468304	8.04345841322012	4.52850777484769	2.89816538154746	2.65732924021489	3.77666896077082	3.42967894160276	3.14403439627374	5.51610668514028	4.25300802139037	2.89394589952769
Bacteria|Actinobacteria|Actinobacteria|Streptosporangiales|Streptosporangiaceae|Nonomuraea	0.0465159549725556	0.381911292422533	0.20917260613573	0.23203712594015	0.0227135069654755	0.0670915800067092	0.185666542888971	0.266514372739387	0.118688943668401	0.127307447485678	0.274749623327129	0.0383729854182655	0.0946317962835513	0.252801887587427	0.143317807237549	0.0692760651195012	0.0417780748663102	0.188922284242164
Bacteria|Actinobacteria|Actinobacteria|Streptosporangiales|Thermomonosporaceae|Actinocorallia	0.99544143641269	0.998177241558892	0.20917260613573	1.3922227556409	0.348273773470624	0.628983562562898	0.58484961010026	1.04702075004759	0.40171642472382	0.809311630444667	0.850837543206594	0.671527244819647	1.20440467997247	1.25558270835089	0.698674310283053	0.99584343609283	1.37867647058824	0.72992700729927
Bacteria|Actinobacteria|Actinobacteria|Unassigned|Unassigned|Unassigned	0.130244673923156	0.277753667216387	0.147195537651069	0.168026884301488	0.0908540278619019	0.192888292519289	0.232083178611214	0.276032743194365	0.255637724824249	0.263708284077476	0.230435167951786	0.34535686876439	0.22367515485203	0.117974214207466	0.331422429236833	0.216487703498441	0.158756684491979	0.291970802919708
Bacteria|Actinobacteria|Thermoleophilia|Solirubrobacterales|Conexibacteraceae|Conexibacter	0.176760628895711	0.138876833608194	0.0697242020452433	0.0240038406144983	0.0984251968503937	0.134183160013418	0.269216487189009	0.15229392727965	0.146078699899571	0.118214058379558	0.168394930426305	0.306983883346124	0.0430144528561597	0.0252801887587427	0.0806162665711215	0.0606165569795636	0.0919117647058823	0.103048518677544
Bacteria|Bacteroidetes|Chitinophagia|Chitinophagales|Chitinophagaceae|Niastella	0.0930319099451112	0.0607586147035848	0.0542299349240781	0.0480076812289966	0.0227135069654755	0.0419322375041932	0.306349795766803	0.180849038644584	0.365196749748927	0.290988451395835	0.194983603651511	0.134305448963929	0.258086717136958	0.337069183449903	0.250806162665711	0.277104260478005	0.158756684491979	0.077286389008158
Bacteria|Bacteroidetes|Cytophagia|Cytophagales|Fulvivirgaceae|Chryseolinea	0.120941482928645	0.0173596042010242	0.0232414006817478	0.0480076812289966	0.0227135069654755	0	0.297066468622354	0.180849038644584	0.136948781155848	0.154587614804037	0.141806257201099	0.0959324635456638	0.0774260151410874	0.143254402966209	0.179147259046937	0.199168687218566	0.0668449197860962	0.137398024903392
Bacteria|Bacteroidetes|Flavobacteriia|Flavobacteriales|Flavobacteriaceae|Flavobacterium	1.37687226718765	1.0762954604635	6.67028199566161	2.03232517202752	3.86129618413083	1.56826568265683	1.18826587448942	6.79611650485437	5.67880945859582	4.31026643630081	1.80802977931401	1.2567152724482	3.18306951135582	3.6487739108452	2.57076316732354	1.24696917215102	3.30882352941176	4.14770287677115
Bacteria|Chloroflexi|Chloroflexia|Herpetosiphonales|Herpetosiphonaceae|Herpetosiphon	0.576797841659689	0.529467928131239	0.232414006817478	0.440070411265803	0.567837674136887	0.276752767527675	0.445599702933531	1.14220445459737	0.22824796859308	0.691097572065109	0.94832934503235	0.613967766692249	2.72711631108052	0.210668239656189	0.618058043711931	0.545549012816072	1.12800802139037	0.893087161872048
Bacteria|Firmicutes|Bacilli|Bacillales|Bacillaceae|Unassigned	0.474462740720067	0.460029511327142	0.178184071893399	0.240038406144983	0.143852210781345	0.49480040254948	1.99591533605644	0.837616600038073	1.11385008673423	1.22760752932618	0.531773464504121	2.3119723714505	0.215072264280798	0.101120755034971	0.277678251522752	0.129892622099065	0.0919117647058823	0.249033920137398
Bacteria|Firmicutes|Bacilli|Bacillales|Paenibacillaceae|Unassigned	0.0744255279560889	0.260394063015363	0.0697242020452433	1.82429188670187	0.0227135069654755	0.394163032539416	0.102116598588934	0.123738815914715	0.118688943668401	0.172774393016277	0.0886289107506869	0.143898695318496	0.0430144528561597	0.0926940254487233	0.313507703332139	0.0779355732594389	0.0835561497326203	0.30055817947617
Bacteria|Firmicutes|Bacilli|Unassigned|Unassigned|Unassigned	0.539585077681645	0.199635448311779	0.224666873256895	0.296047367578813	0.00757116898849182	0.12579671251258	0.306349795766803	0.295069484104321	0.493015612161052	0.409202509775393	0.248160950101923	0.0767459708365311	0.0344115622849277	0.0505603775174855	0	0.251125736058192	0.0501336898395722	0.017174753112924
Bacteria|Proteobacteria|Alphaproteobacteria|Caulobacterales|Caulobacteraceae|Aquidulcibacter	0.111638291934133	0.0867980210051211	0.131701270529904	0.0640102416386622	0.0378558449424591	0.100637370010064	0.176383215744523	0.114220445459737	0.136948781155848	0.127307447485678	0.0974918018257556	0.153491941673062	0.0516173434273916	0.134827673379961	0.152275170189896	0.129892622099065	0.0250668449197861	0.154572778016316
Bacteria|Proteobacteria|Alphaproteobacteria|Caulobacterales|Caulobacteraceae|Phenylobacterium	0.790771234533445	0.650985157538408	0.782460489618841	0.568090894543127	0.863113264688068	0.897349882589735	0.58484961010026	0.428326670474015	0.273897562311695	0.472856233518232	0.735619959230701	0.55640828856485	0.584996558843771	0.724698744417292	0.492654962379076	0.545549012816072	0.584893048128342	0.609703735508802
Bacteria|Proteobacteria|Alphaproteobacteria|Caulobacterales|Caulobacteraceae|Unassigned	0.307005302818867	0.425310302925093	0.0542299349240781	0.0480076812289966	0.0151423379769836	1.2160348876216	0.12996658002228	0.15229392727965	0.118688943668401	0.309175229608075	0.124080475050962	0.259017651573292	0.189263592567103	0.0337069183449903	0.331422429236833	0.155871146518878	0.00835561497326203	0.025762129669386
Bacteria|Proteobacteria|Alphaproteobacteria|Rhizobiales|Boseaceae|Bosea	0.195367010884733	0.0433990105025605	0.542299349240781	0.120019203072492	0.454270139309509	0.209661187520966	0.12996658002228	0.295069484104321	0.0912991874372318	0.145494225697918	0.230435167951786	0.0863392171910975	0.249483826565726	0.101120755034971	0.125403081332856	0.251125736058192	0.45120320855615	0.223271790468012
Bacteria|Proteobacteria|Alphaproteobacteria|Rhizobiales|Bradyrhizobiaceae|Bradyrhizobium	1.77690947995162	2.32618696293724	1.94453052370623	1.63226116178589	1.68079951544518	2.09661187520966	2.57148161901225	1.70378831144108	1.50643659271432	1.4185687005547	2.19799698661703	2.18726016884114	1.57432897453544	1.43254402966209	1.95270512361161	1.99168687218566	1.63770053475936	1.99227136109918
Bacteria|Proteobacteria|Alphaproteobacteria|Rhizobiales|Bradyrhizobiaceae|Pseudorhodoplanes	0.232579774862778	0.269073865115875	0.356368143786799	0.448071691470635	0.174136886735312	0.335457900033546	0.343483104344597	0.19988577955454	0.191728293618187	0.245521505865236	0.20384649472658	0.287797390636992	0.146249139710943	0.0842672958624758	0.34037979218918	0.320401801177693	0.0752005347593583	0.240446543580936
Bacteria|Proteobacteria|Alphaproteobacteria|Rhizobiales|Bradyrhizobiaceae|Rhodoplanes	0.130244673923156	0.173596042010242	0.519057948559033	0.072011521843495	0.0984251968503937	0.109023817510902	0.06498329001114	0.123738815914715	0.0547795124623391	0.0818405019550787	0.0443144553753434	0.0863392171910975	0.0344115622849277	0.0842672958624758	0.0627015406664278	0.0779355732594389	0.0167112299465241	0.077286389008158
Bacteria|Proteobacteria|Alphaproteobacteria|Rhizobiales|Devosiaceae|Devosia	1.13498930133036	0.850620605850187	1.31701270529904	1.20019203072492	2.11235614778922	1.34183160013418	0.835499443000371	1.28498001142204	0.538665205879668	0.882058743293626	0.983780909332624	0.709900230237912	0.507570543702684	0.699418555658549	0.895736295234683	0.640803602355386	0.860628342245989	1.16788321167883
Bacteria|Proteobacteria|Alphaproteobacteria|Rhizobiales|Devosiaceae|Unassigned	0.2511861568518	0.2864334693169	0.302138208862721	0.168026884301488	0.257419745608722	0.209661187520966	0.362049758633494	0.19988577955454	0.255637724824249	0.172774393016277	0.319064078702473	0.220644666155027	0.129043358568479	0.235948428414932	0.447868147617342	0.0952545895393142	0.158756684491979	0.249033920137398
Bacteria|Proteobacteria|Alphaproteobacteria|Rhizobiales|Hyphomicrobiaceae|Hyphomicrobium	0.139547864917667	0.190955646211266	0.193678339014565	0.0640102416386622	0.174136886735312	0.142569607514257	0.232083178611214	0.0666285931848467	0.109559024924678	0.109120669273438	0.177257821501374	0.134305448963929	0.0430144528561597	0.0758405662762282	0.0806162665711215	0.121233113959127	0.0417780748663102	0.111635895234006
Bacteria|Proteobacteria|Alphaproteobacteria|Rhizobiales|Phyllobacteriaceae|Mesorhizobium	0.316308493813378	0.32983247981946	0.333126743105051	0.456072971675468	0.219563900666263	0.402549480040255	0.287783141477906	0.333142965924234	0.283027481055419	0.227334727652996	0.274749623327129	0.431696085955487	0.240880935994494	0.252801887587427	0.349337155141526	0.372358850017319	0.392713903743315	0.266208673250322
Bacteria|Proteobacteria|Alphaproteobacteria|Rhizobiales|Rhizobiaceae|Ensifer	0.2511861568518	0.234354656713827	0.519057948559033	0.440070411265803	0.598122350090854	0.469641060046964	0.19494987003342	0.218922520464497	0.20085821236191	0.200054560334637	0.230435167951786	0.287797390636992	0.180660701995871	0.362349372208646	0.125403081332856	0.277104260478005	0.317513368983957	0.334907685702018
Bacteria|Proteobacteria|Alphaproteobacteria|Rhizobiales|Rhizobiaceae|Pararhizobium	1.0047446274072	1.11969447096606	1.79733498605516	2.11233797407585	2.82404603270745	2.01274740020127	0.6498329001114	0.628212450028555	0.748653336985301	0.963899245248704	1.23194185943455	0.988104374520338	1.18719889883001	1.69377264683576	0.743461125044787	0.813993765154139	1.58756684491979	0.798626019750966
Bacteria|Proteobacteria|Alphaproteobacteria|Rhizobiales|Rhizobiaceae|Rhizobium	0.7535584705554	0.416630500824581	0.666253486210102	0.760121619459113	1.00696547546941	0.86380409258638	0.770516152989231	0.742432895488292	0.766913174472747	0.736564517595708	0.957192236107418	1.13200306983883	0.53337921541638	0.52245723434735	0.609100680759584	0.623484586075511	0.760360962566845	0.506655216831258
Bacteria|Proteobacteria|Alphaproteobacteria|Rhizobiales|Rhizobiaceae|Shinella	0.381430830774956	0.303793073517924	0.968391695072823	0.592094735157625	0.938824954572986	0.62059711506206	0.445599702933531	0.542547115933752	0.246507806080526	0.481949622624352	0.576087919879465	0.278204144282425	0.498967653131452	0.699418555658549	0.295592977427445	0.571527537235885	0.935828877005348	0.60111635895234
Bacteria|Proteobacteria|Alphaproteobacteria|Rhizobiales|Rhizobiaceae|Unassigned	0.0558191459670667	0.16491623990973	0.371862410907964	0.184029444711154	0.234706238643246	0.142569607514257	0.139249907166729	0.285551113649343	0.100429106180955	0.218241338546876	0.283612514402198	0.0671527244819647	0.120440467997247	0.109547484621219	0.17018989609459	0.112573605819189	0.309157754010695	0.25762129669386
Bacteria|Proteobacteria|Alphaproteobacteria|Rhizobiales|Unassigned|Unassigned	0.660526560610289	0.850620605850187	1.20855283545088	2.08833413346135	1.17353119321623	0.838644750083864	1.13256591162273	0.828098229583095	0.593444718342007	0.809311630444667	0.850837543206594	0.940138142747506	0.774260151410874	1.07862138703969	0.940523109996417	0.796674748874264	0.752005347593583	0.781451266638042
Bacteria|Proteobacteria|Alphaproteobacteria|Rhodospirillales|Reyranellaceae|Reyranella	0.130244673923156	0.147556635708706	0.216919739696312	0.104016642662826	0.0227135069654755	0.150956055015096	0.204233197177869	0.085665334094803	0.136948781155848	0.136400836591798	0.0886289107506869	0.172678434382195	0.103234686854783	0.0758405662762282	0.134360444285202	0.0606165569795636	0.0584893048128342	0.077286389008158
Bacteria|Proteobacteria|Alphaproteobacteria|Rhodospirillales|Rhodospirillaceae|Dongia	0.2511861568518	0.338512281919972	0.100712736287574	0.168026884301488	0.105996365838886	0.100637370010064	0.612699591533606	0.437845040928993	0.356066831005204	0.345548786032554	0.372241425152885	0.479662317728319	0.387130075705437	0.227521698828685	0.34037979218918	0.29442327675788	0.167112299465241	0.231859167024474
Bacteria|Proteobacteria|Alphaproteobacteria|Rhodospirillales|Unassigned|Unassigned	0.437249976742022	0.894019616352747	0.302138208862721	0.248039686349816	0.469412477286493	0.436095270043609	0.464166357222428	0.466400152293927	0.164338537387017	0.381922342457034	0.283612514402198	0.383729854182655	0.301101169993118	0.0758405662762282	0.241848799713364	0.0952545895393142	0.359291443850267	0.274796049806784
Bacteria|Proteobacteria|Alphaproteobacteria|Sphingomonadales|Erythrobacteraceae|Altererythrobacter	0.130244673923156	0.112837427306657	0.092965602726991	0.160025604096655	0.24984857662023	0.159342502515934	0.120683252877831	0.123738815914715	0.0639094312060623	0.109120669273438	0.0974918018257556	0.0575594781273983	0.0516173434273916	0.143254402966209	0.179147259046937	0.129892622099065	0.175467914438503	0.060111635895234
Bacteria|Proteobacteria|Alphaproteobacteria|Sphingomonadales|Sphingomonadaceae|Sphingomonas	0.818680807516978	0.685704365940457	1.6036566470406	1.64026244199072	1.37795275590551	1.07346528010735	0.547716301522466	0.390253188654102	0.566054962110837	0.436482677093753	0.576087919879465	0.748273215656178	0.447350309704061	0.985927361590967	0.492654962379076	0.857291305853828	0.559826203208556	0.532417346500644
Bacteria|Proteobacteria|Alphaproteobacteria|Sphingomonadales|Sphingomonadaceae|Sphingopyxis	0.269792538840822	0.295113271417412	0.875426092345832	0.448071691470635	1.0221078134464	0.528346192552835	0.269216487189009	0.447363411383971	0.127818862412125	0.445576066199873	0.584950810954533	0.297390636991558	0.301101169993118	0.193814780483694	0.241848799713364	0.355039833737444	0.718582887700535	0.352082438814942
Bacteria|Proteobacteria|Alphaproteobacteria|Unassigned|Unassigned|Unassigned	0.111638291934133	0.0173596042010242	0.100712736287574	0.0800128020483277	0.0302846759539673	0.0922509225092251	0.0928332714444857	0.0475918522748905	0.146078699899571	0.0909338910611985	0.106354692900824	0.10552570990023	0.111837577426015	0.219094969242437	0.214976710856324	0.268444752338067	0.158756684491979	0.154572778016316
Bacteria|Proteobacteria|Betaproteobacteria|Burkholderiales|Alcaligenaceae|Azohydromonas	0.158154246906689	0.208315250412291	0.092965602726991	0.192030724915987	0.143852210781345	0.109023817510902	0.12996658002228	0.0380734818199124	0.109559024924678	0.100027280167318	0.20384649472658	0.10552570990023	0.129043358568479	0.109547484621219	0.17018989609459	0.103914097679252	0.133689839572192	0.111635895234006
Bacteria|Proteobacteria|Betaproteobacteria|Burkholderiales|Burkholderiales_incertae_sedis|Paucibacter	0.0279095729835334	0.0954778231056332	0.557793616361946	0.168026884301488	0.0605693519079346	0.142569607514257	0.157816561455626	0.0761469636398249	0.100429106180955	0.063653723742839	0.0531773464504121	0.00959324635456638	0.0344115622849277	0.0842672958624758	0.0985309924758151	0.0346380325597506	0.0668449197860962	0.08587376556462
Bacteria|Proteobacteria|Betaproteobacteria|Burkholderiales|Comamonadaceae|Aquabacterium	0.846590380500512	0.711743772241993	0.852184691664084	1.00816130580893	1.56723198061781	0.93089567259309	0.807649461567026	0.685322672758424	0.77604309321647	0.863871965081386	0.850837543206594	0.69071373752878	0.636613902271163	1.28928962669588	1.08384091723397	1.13439556633183	0.868983957219251	0.867325032202662
Bacteria|Proteobacteria|Betaproteobacteria|Burkholderiales|Comamonadaceae|Aquincola	11.4429249232487	7.07403871191737	11.0706538580725	10.8977436389822	14.4760751059964	10.8520630660852	4.23319717786855	3.2172092137826	6.20834474573176	6.63817404746749	5.66338739696889	4.6527244819647	6.9769442532691	8.15707423948765	5.13256897169473	6.33010045029442	7.1524064171123	6.56934306569343
Bacteria|Proteobacteria|Betaproteobacteria|Burkholderiales|Comamonadaceae|Hydrogenophaga	0.176760628895711	0.0433990105025605	0.0774713356058258	0.160025604096655	0.810115081768625	0.0922509225092251	0.0556999628666914	0.218922520464497	0.0639094312060623	0.400109120669273	0.265886732252061	0.172678434382195	0.120440467997247	0.00842672958624758	0.107488355428162	0.173190162798753	0.116978609625668	0.197509660798626
Bacteria|Proteobacteria|Betaproteobacteria|Burkholderiales|Comamonadaceae|Ideonella	1.33035631221509	0.859300407950699	0.852184691664084	1.12017922867659	1.05996365838886	1.32505870513251	1.30894912736725	0.970873786407767	1.11385008673423	1.66409020641993	1.03695825578304	1.20874904067536	1.20440467997247	1.30614308586837	1.43317807237549	0.926567370973329	1.03609625668449	1.2881064834693
Bacteria|Proteobacteria|Betaproteobacteria|Burkholderiales|Comamonadaceae|Piscinibacter	1.97227649083636	2.30014755663571	2.06848466067555	2.36037766042567	2.79376135675348	2.37336464273734	1.56888228741181	1.40871882733676	2.09075139231261	2.08238610530145	2.14481964016662	1.67881811204912	2.11631108052306	2.87351478891042	2.41848799713364	3.0135088326983	1.95521390374332	2.11249463288965
Bacteria|Proteobacteria|Betaproteobacteria|Burkholderiales|Comamonadaceae|Polaromonas	0.213973392873756	0.156236437809218	0.263402541059808	0.192030724915987	0.272562083585706	0.243206977524321	0.0835499443000371	0.0761469636398249	0.164338537387017	0.181867782122397	0.177257821501374	0.297390636991558	0.189263592567103	0.185388050897447	0.179147259046937	0.190509179078628	0.200534759358289	0.08587376556462
Bacteria|Proteobacteria|Betaproteobacteria|Burkholderiales|Comamonadaceae|Ramlibacter	0.269792538840822	0.416630500824581	0.27114967462039	0.248039686349816	0.423985463355542	0.419322375041932	0.185666542888971	0.0475918522748905	0.255637724824249	0.236428116759116	0.248160950101923	0.259017651573292	0.163454920853407	0.202241510069942	0.143317807237549	0.268444752338067	0.242312834224599	0.163160154572778
Bacteria|Proteobacteria|Betaproteobacteria|Burkholderiales|Comamonadaceae|Rhizobacter	7.01460600986138	2.88169429737002	4.43910753021382	4.59273483757401	8.0557238037553	4.31063401543106	4.14964723356851	3.72168284789644	4.84798685291701	5.42875329635355	4.90117876451298	3.81811204911742	6.23709566414315	9.59804499873599	5.45503403797922	5.59404225839972	7.06885026737968	5.16101331043366
Bacteria|Proteobacteria|Betaproteobacteria|Burkholderiales|Comamonadaceae|Unassigned	0.288398920829845	0.321152677718948	0.302138208862721	0.352056329012642	0.234706238643247	0.335457900033546	0.45488303007798	0.237959261374453	0.246507806080526	0.200054560334637	0.292475405477267	0.364543361473523	0.22367515485203	0.261228617173675	0.456825510569688	0.277104260478005	0.259024064171123	0.34349506225848
Bacteria|Proteobacteria|Betaproteobacteria|Burkholderiales|Comamonadaceae|Variovorax	1.86063819890222	1.4321673465845	1.71986365044933	1.8803008481357	2.56662628709873	2.27272727272727	1.48533234311177	2.51284980011422	2.42855838583037	1.90051832317905	2.64114154037047	1.70759785111282	1.93565037852719	1.85388050897447	2.53493371551415	2.86629719431936	2.79077540106952	2.67926148561614
Bacteria|Proteobacteria|Betaproteobacteria|Burkholderiales|Oxalobacteraceae|Duganella	0.213973392873756	0.104157625206145	0.139448404090487	0.168026884301488	0.121138703815869	0.142569607514257	0.06498329001114	0.0380734818199124	0.164338537387017	0.063653723742839	0.0354515643002747	0.0479662317728319	0.197866483138334	0.0926940254487233	0.0806162665711215	0.0432975406996883	0.133689839572192	0.068699012451696
Bacteria|Proteobacteria|Betaproteobacteria|Burkholderiales|Oxalobacteraceae|Janthinobacterium	0.800074425527956	0.486068917628678	0.464828013634955	0.840134421507441	0.863113264688068	1.19087554511909	0.148533234311177	0.142775556824672	0.383456587236374	0.200054560334637	0.40769298945316	0.316577129700691	0.395732966276669	0.429763208898626	0.295592977427445	0.450294423276758	0.434491978609626	0.360669815371404
Bacteria|Proteobacteria|Betaproteobacteria|Burkholderiales|Oxalobacteraceae|Massilia	1.06986696436878	1.19781268987067	0.836690424542919	1.66426628260522	0.931253785584494	1.86179134518618	0.399183067211288	0.314106225014278	0.648224230804346	0.427389287987633	0.638128157404945	2.07214121258634	0.516173434273916	0.699418555658549	0.546399140093157	0.562868029095947	0.877339572192513	0.566766852726492
Bacteria|Proteobacteria|Betaproteobacteria|Burkholderiales|Oxalobacteraceae|Noviherbaspirillum	1.57223927807238	1.72728061800191	1.26278277037496	1.49623939830373	3.13446396123561	1.66890305266689	3.12848124767917	2.34151913192461	1.2599287866338	2.3824679458034	1.68394930426305	0.968917881811205	2.4518238128011	2.36791101373557	2.55284844141885	2.06096293730516	1.41209893048128	2.59338772005152
Bacteria|Proteobacteria|Betaproteobacteria|Burkholderiales|Oxalobacteraceae|Pseudoduganella	1.78621267094613	0.850620605850187	0.952897427951658	2.88846215394463	1.92307692307692	3.03589399530359	0.594132937244709	0.447363411383971	2.53811741075504	1.55496953714649	1.03695825578304	1.1991557943208	2.52064693737096	4.18808460436505	1.13758509494805	1.61932802216834	1.5625	1.22799484757407
Bacteria|Proteobacteria|Betaproteobacteria|Nitrosomonadales|Methylophilaceae|Novimethylophilus	0.0837287189506001	0.190955646211266	0.0619770684846607	0.0640102416386622	0.0984251968503937	0.159342502515934	0.0742666171555886	0.0666285931848467	0.109559024924678	0.181867782122397	0.0354515643002747	0.0479662317728319	0.137646249139711	0.058987107103733	0.313507703332139	0.138552130239002	0.158756684491979	0.103048518677544
Bacteria|Proteobacteria|Deltaproteobacteria|Deltaproteobacteria_incertae_sedis|Unassigned|Unassigned	0.139547864917667	0.130197031507682	0.123954136969321	0.072011521843495	0.0302846759539673	0.12579671251258	0.232083178611214	0.190367409099562	0.127818862412125	0.100027280167318	0.168394930426305	0.316577129700691	0.103234686854783	0.126400943793714	0.134360444285202	0.0692760651195012	0.142045454545455	0.120223271790468
Bacteria|Proteobacteria|Deltaproteobacteria|Myxococcales|Anaeromyxobacteraceae|Anaeromyxobacter	0.204670201879245	0.0694384168040969	0.216919739696312	0.256040966554649	0.227135069654755	0.192888292519289	0.102116598588934	0.123738815914715	0.419976262211266	0.245521505865236	0.168394930426305	0.201458173445894	0.215072264280798	0.320215724277408	0.259763525618058	0.242466227918254	0.259024064171123	0.317732932589094
Bacteria|Proteobacteria|Deltaproteobacteria|Myxococcales|Polyangiaceae|Aetherobacter	0.520978695692623	0.598906344935335	0.735977688255345	0.28804608737398	0.393700787401575	1.23280778262328	0.631266245822503	0.237959261374453	0.292157399799142	0.763844684914067	0.443144553753434	0.422102839600921	0.937715072264281	0.337069183449903	0.474740236474382	0.519570488396259	0.392713903743315	0.583941605839416
Bacteria|Proteobacteria|Deltaproteobacteria|Myxococcales|Polyangiaceae|Racemicystis	0.204670201879245	0.295113271417412	0.0309885342423303	0.0480076812289966	0.0757116898849182	0.18450184501845	0.399183067211289	0.190367409099562	0.246507806080526	0.209147949440757	0.20384649472658	0.364543361473523	0.163454920853407	0.101120755034971	0.250806162665711	0.138552130239002	0.183823529411765	0.231859167024474
Bacteria|Proteobacteria|Gammaproteobacteria|Cellvibrionales|Unassigned|Unassigned	0.130244673923156	0.0607586147035848	0.0852184691664084	0.104016642662826	0.16656571774682	0.0922509225092251	0.0928332714444857	0.0571102227298686	0.109559024924678	0.154587614804037	0.0974918018257556	0.0671527244819647	0.180660701995871	0.176961321311199	0.0806162665711215	0.0779355732594389	0.150401069518717	0.12881064834693
Bacteria|Proteobacteria|Gammaproteobacteria|Chromatiales|Ectothiorhodospiraceae|Unassigned	0.130244673923156	0.173596042010242	0.0774713356058258	0.0320051208193311	0.0151423379769836	0.0754780275075478	0.25993316004456	0.085665334094803	0.17346845613074	0.0727471128489588	0.13294336612603	0.249424405218726	0.163454920853407	0.0337069183449903	0.134360444285202	0.0519570488396259	0.0752005347593583	0.137398024903392
Bacteria|Proteobacteria|Gammaproteobacteria|Chromatiales|Unassigned|Unassigned	0.353521257791422	0.321152677718948	0.201425472575147	0.37606016962714	0.128709872804361	0.318685005031869	0.529149647233568	0.342661336379212	0.584314799598284	0.445576066199873	0.478596118053709	0.34535686876439	0.335512732278045	0.446616668071122	0.36725188104622	0.450294423276758	0.392713903743315	0.506655216831258
Bacteria|Proteobacteria|Gammaproteobacteria|Gammaproteobacteria_incertae_sedis|Unassigned|Acidibacter	0.511675504698111	0.45134970922663	0.348621010226216	0.37606016962714	0.476983646274985	0.377390137537739	0.575566282955811	0.399771559109081	0.419976262211266	0.436482677093753	0.460870335903572	0.527628549501151	0.404335856847901	0.438189938484874	0.806162665711215	0.675441634915137	0.384358288770054	0.583941605839416
Bacteria|Proteobacteria|Gammaproteobacteria|Nevskiales|Nevskiaceae|Nevskia	0.446553167736534	0.486068917628678	0.410598078710877	0.208033285325652	0.151423379769836	0.352230795035223	0.640549572966951	0.456881781838949	0.37432666849265	0.418295898881513	0.478596118053709	0.55640828856485	0.326909841706813	0.52245723434735	0.546399140093156	0.58884655351576	0.401069518716578	0.541004723057106
Bacteria|Proteobacteria|Gammaproteobacteria|Nevskiales|Nevskiaceae|Unassigned	0.130244673923156	0.0867980210051211	0.20917260613573	0.0960153624579933	0.0529981829194428	0.0754780275075478	0.269216487189009	0.161812297734628	0.146078699899571	0.118214058379558	0.20384649472658	0.201458173445894	0.146249139710943	0.269655346759922	0.134360444285202	0.173190162798753	0.167112299465241	0.188922284242164
Bacteria|Proteobacteria|Gammaproteobacteria|Pseudomonadales|Pseudomonadaceae|Pseudomonas	0.223276583868267	0.138876833608194	0.162689804772234	0.200032005120819	0.681405208964264	0.209661187520966	0.696249535833643	1.56101275461641	0.292157399799142	1.70046376284441	0.94832934503235	1.36224098234843	0.120440467997247	0.126400943793714	0.376209243998567	0.181849670938691	0.718582887700535	0.4293688278231
Bacteria|Proteobacteria|Gammaproteobacteria|Xanthomonadales|Xanthomonadaceae|Lysobacter	0.455856358731045	0.321152677718948	0.581035017043694	0.592094735157625	0.507268322228952	0.49480040254948	0.306349795766803	0.485436893203884	0.447366018442436	0.336455396926435	0.531773464504121	0.661933998465081	0.412938747419133	0.817392769866015	0.358294518093873	1.09109802563214	0.835561497326203	0.961786174323744
Bacteria|Proteobacteria|Gammaproteobacteria|Xanthomonadales|Xanthomonadaceae|Pseudoxanthomonas	0.269792538840822	0.130197031507682	0.147195537651069	0.216034565530485	0.340702604482132	0.0922509225092251	0.111399925733383	0.323624595469256	0.127818862412125	0.245521505865236	0.709031286005495	0.278204144282425	0.154852030282175	0.058987107103733	0.376209243998567	0.173190162798753	0.150401069518717	0.154572778016316
Bacteria|Proteobacteria|Gammaproteobacteria|Xanthomonadales|Xanthomonadaceae|Xanthomonas	0.269792538840822	0.130197031507682	0.131701270529904	0.248039686349816	0.227135069654755	1.05669238510567	0.185666542888971	0.0666285931848467	0.246507806080526	0.181867782122397	0.212709385801649	0.306983883346124	0.163454920853407	0.160107862138704	0.277678251522752	0.164530654658815	0.142045454545455	0.249033920137398
Bacteria|Proteobacteria|Unassigned|Unassigned|Unassigned|Unassigned	1.45129779514373	1.25857130457426	1.10784009916331	0.960153624579933	0.923682616596002	1.24958067762496	1.84738210174527	1.2183514182372	1.23253903040263	1.12758024915886	1.71053797748826	1.79393706830391	1.29043358568479	1.63478553973203	2.09602293084916	1.67128507100797	1.72961229946524	1.94074710176041
