OTU	KO1	KO2	KO3	KO4	KO5	KO6	OE1	OE2	OE3	OE4	OE5	OE6	WT1	WT2	WT3	WT4	WT5	WT6
ASV_1	3.33954550919803	5.4323786354086	2.09402586737836	3.58463353874394	2.7258726899384	2.9263015551048	3.90334000307834	4.89741892786234	3.94011941503937	2.91203296869792	3.73235003147765	3.15927218344965	6.23748364529652	6.59314936669354	4.69065691039153	5.41352162973785	3.81962016887303	4.1760601180891
ASV_2	5.77732355416617	3.39212650669026	6.04342024225005	5.81617936279009	7.40503080082136	4.91413116970926	1.97014006464522	1.48607183683292	3.51322507138943	3.83018696403139	2.83298857810954	1.97843968095713	3.41779925769672	3.88306587947671	2.29072243761262	3.01653004355707	3.96611885038489	3.14009661835749
ASV_3	1.70734639894193	1.27170186884883	2.30702114555533	2.36528123770814	3.14681724845996	2.31237322515213	1.86855471756195	1.37476686119969	3.05171767284894	3.139298809127	2.50921845489702	2.09995014955135	2.77963205254866	4.67112278602824	2.78217659586086	3.24648973297622	3.20965293130544	2.06119162640902
ASV_4	4.30744258747144	1.10582771204246	1.37292137138165	1.99029762685197	3.30338809034908	1.368492224476	1.5853470832692	1.7748631249624	1.26626092474545	1.88176115875276	1.98159306892107	1.33349950149551	2.99858481749486	3.76602772503836	1.49347458089882	1.5610204799394	2.96193697893083	2.47450348899624
ASV_6	2.65119634483588	1.86055512551145	2.10172449189078	2.32856955552642	3.78593429158111	2.74780256930358	0.754194243496999	0.752060646170507	1.05569817416135	1.15148025817399	1.13319543124382	1.09359421734796	1.48727670823209	1.39665530963094	1.25593840441217	1.45821497172849	1.3184881336068	1.32045088566828
ASV_8	1.52699290609595	1.3933429171735	1.56025456785054	1.11183951750361	0.487679671457906	0.884381338742394	1.03124519008773	1.60940978280489	4.55161671810551	2.36356474046241	1.5199208561921	1.60767696909272	1.69287869482791	1.98444692969908	1.50985638617376	2.84879474068663	1.21727086274405	1.37949543746645
ASV_7	0.649272574245521	0.364923144974013	3.161568466434	0.962370525763734	3.33162217659138	0.787018255578093	0.40018470063106	3.63395704229589	2.40560731489227	1.53934729250629	0.584584944689271	0.685443668993021	2.13345438039038	2.39017919841868	1.49347458089882	0.581662743824906	1.54489518685241	2.30005367686527
ASV_9	1.03402669231694	2.21441999336503	0.908437692465613	1.16428477776321	0.693018480492813	1.49019607843137	0.90195474834539	1.32964322242946	1.83449190919842	1.18784279264265	1.65482507419732	1.24002991026919	1.57005153400443	0.845275559832505	1.19860208594987	1.16332548764981	2.00836374290813	1.37412775093935
ASV_10	1.08212095707587	1.00353864867854	1.7681174296859	1.99291988986495	2.62577002053388	1.79039891818796	0.609512082499615	0.532458937488719	0.810522368686723	0.848459137601891	1.21114009053572	0.869267198404786	0.883821526795012	1.52669770345133	0.677114618030907	0.708816925033141	1.39573289294942	0.754159957058508
ASV_11	0.946855837441385	0.951011832356519	0.823752822828988	0.923036580569031	1.43737166324435	1.01419878296146	1.45297829767585	1.12809096925576	0.703798782774236	1.26662828399139	1.03426567137332	0.57951146560319	1.12413553710181	1.29522224245104	1.37880194397423	1.11462814165517	0.865674027115574	1.02791196994096
ASV_13	0.507995671516172	0.500387039699215	0.972592896735783	0.946636947685853	1.37320328542094	1.04124408384043	0.529475142373403	1.54322844594188	1.37875335313969	0.899972728099148	1.48394639805738	0.585742771684945	1.01999946596887	0.74904418840542	1.1521869710042	0.760219679138598	1.53956796207016	1.38754696725711
ASV_15	0.967897078273416	1.16388366692469	1.13169780332581	0.883702635374328	0.944558521560575	1.02231237322515	1.13898722487302	0.920522230912701	0.807637947445845	0.763613223841702	1.21114009053572	1.14344466600199	0.785025767002216	0.707430622382897	0.849123573417791	0.990179368557747	0.961564073196069	0.984970477724101
ASV_14	0.901767464229891	0.873603892513546	0.903305276123999	0.959748262750754	1.15759753593429	0.96551724137931	0.75111589964599	0.544491907827447	0.873979635986039	0.909063361716312	1.04625715741823	0.778913260219342	0.939894795866599	1.43046633202424	1.13034456397095	1.27154181208235	0.844365127986575	0.872249060654858
ASV_12	0.096188529517855	0.326219175052527	1.58335044138781	0.826012849088764	0.492813141683778	0.57606490872211	0.606433738648607	2.22309127008002	1.95852202255617	1.42419926668889	1.11820607368768	0.380109670987039	0.769004832981763	0.775052667169497	0.652541910118495	0.551903254605957	1.25722504861093	1.58615136876006
ASV_16	0.694360947457016	0.685613181466328	1.33699445699035	0.708011013504654	0.364476386036961	0.581473968897904	0.492535016161305	0.718969977739005	1.72488390204505	0.857549771219054	0.680516833048536	0.557701894317049	1.13748631545219	0.74904418840542	0.663463113635123	0.849498146795444	2.18149854833125	0.942028985507246
ASV_17	1.30756282313334	0.826606214751742	0.875076986245124	1.11446178051659	1.11909650924025	1.56862745098039	0.394028012929044	0.327898441730341	0.565346563212091	0.675737098875792	0.68651257607099	0.573280159521436	0.891831993805239	0.803661993809982	0.745372140009829	0.83056029001975	0.716511733212583	0.719269994632313
ASV_18	0.691355055909583	0.895720446754396	0.485013344282488	0.697521961452734	0.446611909650924	0.600405679513185	0.698784054178852	0.547500150412129	0.602844039343506	1.06663434441381	0.839404023143568	0.607552342971087	1.19355958452378	1.29262139457463	0.611587396931142	0.779157535914293	1.34778786990917	0.780998389694042
ASV_19	0.625225441866057	1.98772531239633	0.315643605009238	0.458896027271535	0.351642710472279	0.703177822853279	0.575650300138525	0.68287106672282	0.297095387810436	0.487864004121087	1.18415924693468	0.685443668993021	0.910523083495768	0.301698353663294	1.6081472178234	0.319238157075995	0.471459393229097	0.399892646269458
ASV_20	0.568113502464831	1.20258763684618	0.220693902689386	0.681788383374853	0.40041067761807	0.432724814063556	0.221640757272587	0.357980867577161	0.141336640803023	0.551498439441229	0.344755223791108	0.333374875373878	0.670209073188967	0.767250123540274	0.292142194069787	0.367935503070638	4.16056255493701	0.308641975308642
ASV_33	0.622219550318625	0.497622470419109	0.366967768425375	0.382850399895109	0.223305954825462	0.505747126436782	0.821917808219178	0.535467180073401	0.545155614525945	0.545438017029787	0.707497676649579	0.81630109670987	0.592774558756776	0.546178054045619	0.917381095396713	0.68446825203582	0.689875609301335	0.840042941492217
ASV_28	0.685343272814717	0.757491982749088	0.138575241223568	1.03841615314016	0.318275154004107	0.454361054766734	0.40018470063106	0.718969977739005	0.39228128875941	0.663616254052907	0.63554876038013	0.398803589232303	0.923873861846146	0.819267081068428	0.546060175831377	0.662824987149311	0.50608635431372	0.523349436392915
ASV_25	0.348683419502224	0.370452283534225	2.92547731471977	0.154713517765832	0.082135523613963	0.186612576064909	0.788056025858088	0.442211659948258	0.219216014306729	0.545438017029787	0.506640285397368	0.373878364905284	0.376491949480655	0.0754245884158236	0.79724785671381	0.660119579038498	0.554031377353967	1.00107353730542
ASV_21	0.43585427437778	1.02012606435917	0.50810921781975	0.312049298544644	0.259240246406571	0.378634212305612	0.504848391565338	0.586607304012996	0.449969713576971	0.46665252568104	0.575591330155589	0.492273180458624	0.571413313396171	0.824468776821244	0.54332987495222	0.787273760246733	0.996191034280691	0.587761674718196
ASV_22	0.589154743296862	0.563972133141657	0.79809074112092	0.631965386128229	0.58264887063655	0.586883029073698	0.794212713560105	0.466277600625714	0.424009922409069	0.515135904972577	0.551608358065773	0.676096709870389	0.413874128861713	0.457749226247757	0.633429803964397	0.432865297730163	0.434168819753349	0.547504025764895
ASV_24	0.532042803895635	0.439566515536879	1.27540546089099	1.29539792841222	0.872689938398357	0.697768762677485	0.320147760504848	0.19252752541965	0.435547607372581	0.293930486954941	0.392721167970741	0.492273180458624	0.288376812368161	0.603396707326588	0.316714901982198	0.589778968157347	0.322297099326106	0.303274288781535
ASV_23	0.366718768786822	1.21641048324671	1.30619995894067	0.236003671168218	0.490246406570842	0.792427315753888	0.227797444974604	0.243667649359244	0.204793908102339	0.399987879155177	0.509638156908595	0.214980059820538	0.424554751542015	0.600795859450181	0.34128760989461	1.33376619863106	0.399541858668727	0.314009661835749
ASV_26	0.504989779968739	0.500387039699215	0.310511188667625	1.0331716271142	0.159137577002053	0.0838404327248141	0.674157303370786	0.824258468202876	0.899939427153941	0.275749219720615	0.557604101088227	0.392572283150548	0.995968064938186	0.200265286483394	0.461420848577513	0.243486729973216	0.0266361239112484	1.66398282340311
ASV_31	0.523025129253337	0.464447639057835	0.456785054403613	0.715877802543595	0.146303901437372	0.686950642325896	0.535631830075419	0.583599061428314	0.660532464161066	0.572709917881276	0.656533860958719	0.408150548354935	0.648847827828362	0.478556009259018	0.581554087260416	0.49238427616806	0.721838957994833	0.391841116478798
ASV_29	0.339665744859925	0.30963175937189	0.890474235269965	0.498229972466238	0.995893223819302	0.654496281271129	0.326304448206865	0.535467180073401	0.2624823329199	0.366655555892246	0.509638156908595	0.208748753738784	0.475287709273451	0.598195011573773	0.311254300223885	0.500500500500501	0.886982926244573	0.534084809447128
ASV_27	0.574125285559697	0.688377750746434	0.520940258673784	0.312049298544644	0.395277207392197	0.549019607843137	0.791134369709096	0.481318813549125	0.421125501168191	0.427259780006666	0.569595587133136	0.654287138584247	0.451256308242771	0.468152617753388	0.633429803964397	0.500500500500501	0.314306262152731	0.603864734299517
ASV_30	0.520019237705904	0.328983744332633	0.438821597207966	0.529697128622001	0.521047227926078	0.768086544962813	0.409419732184085	0.330906684315023	0.620150566788774	0.872700827247659	0.419702011571784	0.311565304087737	0.504659421644282	0.520169575281542	0.548790476710533	0.473446419392365	0.402205471059851	0.450885668276973
ASV_32	0.535048695443068	0.420214530576136	0.374666392937795	0.367116821817228	0.300308008213552	0.405679513184584	0.664922271817762	0.427170447024848	0.426894343649947	0.484833792915366	0.536619000509638	0.607552342971087	0.512669888654509	0.577388228562511	0.660732812755966	0.416632849065281	0.370242122366353	0.61460010735373
ASV_34	0.282553805458699	0.624792657303992	0.246355984397454	0.529697128622001	0.0513347022587269	0.189317106152806	0.504848391565338	0.373022080500572	0.400934552482045	0.551498439441229	0.515633899931049	0.308449651046859	0.785025767002216	0.941506931259591	0.638890405722711	0.616833049265482	0.684548384519085	0.365002683843264
ASV_35	0.441866057472646	0.414685392015924	0.559433381235886	0.5165858135571	0.40041067761807	0.362407031778229	0.366322918269971	0.258708862282654	0.493236032190141	0.463622314475319	0.521629642953503	0.451769690927218	0.472617553603375	0.548778901922027	0.565172281985475	0.511322132943755	0.527395253442719	0.617283950617284
ASV_36	0.583142960201996	0.182461572487007	0.266885649763909	0.64769896420611	0.510780287474333	0.981744421906694	0.193935662613514	0.111304975633235	0.816291211168479	0.551498439441229	0.290793536589022	0.286640079760718	0.664868761848816	0.858279799214544	0.327636105498826	0.413927440954468	0.4288415949711	0.289855072463768
ASV_37	0.390765901166286	0.279221497290722	0.343871894888113	0.138979939687951	0.364476386036961	0.313725490196078	0.572571956287517	0.394079778593346	0.340361706423606	0.399987879155177	0.530623257487184	0.573280159521436	0.40319350618141	0.59039246794455	0.816359962867908	0.549197846495144	0.623285299523213	0.654857756307032
ASV_43	0.43585427437778	0.340042021453058	0.105214535003079	0.146846728726891	0.115503080082136	0.27315753887762	1.64075727258735	0.586607304012996	0.876864057226917	0.872700827247659	0.410708397038103	1.71360917248255	0.130837627833703	0.0468152617753388	0.204772565936766	0.129859589319049	0.0745811469514956	0.193236714975845
ASV_47	0.486954430684141	0.422979099856242	0.479880927940875	0.506096761505179	0.546714579055442	0.630155510480054	0.372479605971987	0.291799530714157	0.380743603795898	0.390897245538014	0.386725424948287	0.35518444666002	0.328429147419295	0.335509376056594	0.354939114290395	0.576251927603279	0.391551021495352	0.445517981749866
ASV_38	0.339665744859925	0.157580448966051	0.212995278176966	0.561164284777763	0.374743326488706	0.567951318458418	0.138525473295367	0.102280247879189	0.617266145547896	0.415138935183782	0.299787151122703	0.429960119641077	0.584764091746549	1.60732398761996	0.191121061540982	0.335470605740876	0.404869083450976	0.24422973698336
ASV_41	0.700372730551882	0.403627114895499	0.418291931841511	0.854857742231546	0.757186858316222	1.02231237322515	0.169308911805449	0.114313218217917	0.250944647956388	0.181812672343262	0.299787151122703	0.252367896311067	0.301727590718539	0.361517854820672	0.21023316769508	0.338176013851689	0.380896571930853	0.289855072463768
ASV_39	0.586148851749429	0.375981422094438	0.513241634161363	0.561164284777763	0.908624229979466	0.567951318458418	0.227797444974604	0.234642921605198	0.29132654532868	0.363625344686525	0.275804179032887	0.252367896311067	0.285706656698086	0.436942443236495	0.294872494948943	0.416632849065281	0.33561516128173	0.327428878153516
ASV_42	0.294577371648431	0.771314829149619	0.680045165263806	0.330405139635505	0.464579055441478	0.32183908045977	0.273972602739726	0.354972624992479	0.29132654532868	0.318172176600709	0.470665827262643	0.311565304087737	0.397853194841259	0.525371271034357	0.409545131873532	0.470741011281552	0.149162293902991	0.405260332796565
ASV_46	0.393771792713719	0.337277452172951	0.215561486347773	0.445784712206634	0.177104722792608	0.313725490196078	0.58488533169155	0.327898441730341	0.467276241022239	0.430289991212388	0.557604101088227	0.324027916251246	0.347120237109824	0.530572966787173	0.472342052094141	0.497795092389687	0.364914897584104	0.475040257648953
ASV_45	0.309606829385596	0.704965166427071	0.605625128310409	0.280582142388882	0.513347022587269	0.213657876943881	0.313991072802832	0.264725347452019	0.29132654532868	0.169691827520378	0.314776508678838	0.305333998005982	0.496648954634055	0.353715311191448	0.338557309015454	0.735871006141276	0.215752603681112	0.257648953301127
ASV_44	0.474930864494409	0.279221497290722	0.585095462943954	0.52183033958306	0.957392197125257	0.416497633536173	0.237032476527628	0.111304975633235	0.282673281606046	0.254537741280567	0.260814821476752	0.168245264207378	0.376491949480655	0.540976358292803	0.256648282640747	0.140681221762303	0.455477718882348	0.254965110037574
ASV_40	0.00901767464229891	0.118876479044565	0.0153972490248409	0.178313884882654	0.361909650924025	0.00811359026369168	0.129290441742343	0.806209012694784	0.0201909486861461	0.369685767097967	0.479659441796325	0.324027916251246	2.45387306079944	0.15865172046087	0.0491454158248239	0.121743364986608	0.68188477212796	0.381105743424584
ASV_50	0.38475411807142	0.212871834568174	0.336173270375693	0.860102268257506	0.626283367556468	0.854631507775524	0.0954286593812529	0.0902472775404609	0.33459286394185	0.230296051634799	0.197859519740984	0.149551345962114	0.534031134015113	0.49936279227028	0.212963468574237	0.338176013851689	0.290333750632608	0.297906602254428
ASV_48	0.309606829385596	0.168638726086476	0.510675425990556	0.374983610856169	0.441478439425051	0.297498309668695	0.440203170694167	0.472294085795079	0.395165710000288	0.342413866246477	0.52462751446473	0.635593220338983	0.149528717524232	0.205466982236209	0.267569486157375	0.34629223818413	0.460804943664598	0.314009661835749
ASV_49	0.285559697006132	0.497622470419109	0.497844385136522	0.13111315064901	0.120636550308008	0.265043948613928	0.397106356780052	0.403104506347392	0.213447171824973	0.139389715463168	0.269808436010433	0.517198404785643	0.480628020613602	0.202866134359801	0.357669415169552	0.779157535914293	0.351596835628479	0.456253354804079
ASV_52	0.210412408320308	0.442331084816986	0.461917470745227	0.215025567064377	0.179671457905544	0.232589587559162	0.344774511312914	0.312857228806931	0.438432028613459	0.306051331777825	0.428695626105465	0.271061814556331	0.333769458759446	0.572186532809696	0.354939114290395	0.348997646294944	0.343605998455105	0.448201825013419
ASV_51	0.480942647589275	0.30963175937189	1.67316772736604	0.0209781041038416	0.110369609856263	0.216362407031778	0.104663690934277	0.0962637627098249	1.06146701664311	0.906033150510591	0.0809425308031298	0.0560817547357926	0.141518250514005	0.135244089573201	0.199311964178452	0.0514027541054568	0.154489518685241	0.0831991411701557
ASV_53	0.282553805458699	0.500387039699215	0.40289468281667	0.319916087583585	0.164271047227926	0.248816768086545	0.323226104355857	0.481318813549125	0.34901497014624	0.257567952486288	0.353748838324789	0.246136590229312	0.264345411337481	0.260084787640771	0.365860317807022	0.405811216622027	0.269024851503609	0.386473429951691
ASV_57	0.210412408320308	0.146522171845626	0.261753233422295	0.0944014684672873	0.903490759753593	0.216362407031778	0.58488533169155	0.373022080500572	0.196140644379705	0.296960698160662	0.224840363342027	0.115279162512463	0.451256308242771	0.228874613123878	0.365860317807022	0.311121932743554	0.197107316943238	0.566290928609769
ASV_55	0.123241553444752	0.118876479044565	0.251488400739068	0.238625934181198	0.310574948665298	0.178498985801217	0.335539479759889	0.204560495758378	0.317286336496582	0.412108723978061	0.314776508678838	0.261714855433699	0.328429147419295	0.619001794585035	0.529678370556435	0.443686930173417	0.370242122366353	0.308641975308642
ASV_58	0.2735361308164	0.270927789450404	0.379798809279409	0.241248197194179	0.356776180698152	0.294793779580798	0.264737571186702	0.22260995126647	0.311517494014826	0.251507530074846	0.305782894145157	0.289755732801595	0.33109930308937	0.40833311659601	0.371320919565336	0.384167951735519	0.332951548890605	0.356951154052603
ASV_54	0.357701094144523	0.771314829149619	0.274584274276329	0.288448931427822	0.390143737166324	0.435429344151454	0.492535016161305	0.481318813549125	0.144221062043901	0.275749219720615	0.242827592409389	0.317796610169492	0.250994632987103	0.0676220447866004	0.188390760661825	0.143386629873116	0.370242122366353	0.22812667740204
ASV_56	0.405795358903451	0.328983744332633	0.372100184766988	0.451029238232595	0.508213552361396	0.375929682217715	0.246267508080653	0.258708862282654	0.193256223138827	0.296960698160662	0.314776508678838	0.218095712861416	0.261675255667405	0.236677156753101	0.25391798176159	0.232665097529962	0.271688463894734	0.271068169618894
ASV_59	0.294577371648431	0.364923144974013	0.343871894888113	0.351383243739347	0.305441478439425	0.324543610547667	0.252424195782669	0.421153961855484	0.294210966569558	0.20302415078331	0.434691369127919	0.205633100697906	0.242984165976876	0.322505136674556	0.292142194069787	0.265129994859725	0.300988200197107	0.24422973698336
ASV_62	0.276542022363833	0.218400973128387	0.413159515499897	0.414317556050872	0.592915811088296	0.386747802569304	0.175465599507465	0.180494555080922	0.181718538175315	0.218175206811915	0.239829720898162	0.280408773678963	0.146858561854156	0.364118702697079	0.150166548353629	0.265129994859725	0.380896571930853	0.265700483091787
ASV_60	0.357701094144523	0.284750635850934	0.343871894888113	0.367116821817228	0.567248459958932	0.359702501690331	0.172387255656457	0.132362673726009	0.196140644379705	0.206054361989031	0.164882933117487	0.180707876370887	0.232303543296574	0.257483939764363	0.218424070332551	0.224548873197522	0.255706789547985	0.324745034889962
ASV_61	0.225441866057473	0.221165542408493	0.161671114760829	0.196669725973515	0.485112936344969	0.216362407031778	0.366322918269971	0.261717104867337	0.199025065620583	0.333323232629314	0.19186377671853	0.143320039880359	0.309738057728766	0.364118702697079	0.330366406377983	0.254308362416471	0.197107316943238	0.351583467525497
ASV_67	0.093182637970422	0.0912307862435033	0.100082118661466	0.0891569424413269	0.151437371663244	0.0865449628127113	0.394028012929044	0.379038565669936	0.230753699270241	1.30602102966577	0.287795665077795	1.12786640079761	0.0720942030920403	0.0416135660225233	0.0600666193414514	0.0919838757676596	0.261034014330235	0.123456790123457
ASV_65	0.213418299867741	0.257104943049873	0.205296653664545	0.291071194440802	0.215605749486653	0.286680189317106	0.258580883484685	0.195535768004332	0.196140644379705	0.209084573194752	0.68651257607099	0.208748753738784	0.21094229793597	0.267887331269994	0.25391798176159	0.178556935313692	0.181125642596489	0.268384326355341
ASV_63	0.387760009618853	0.287515205131041	0.351570519400534	0.333027402648486	0.423511293634497	0.384043272481406	0.181622287209481	0.0932555201251429	0.126914534598633	0.187873094754704	0.25182120694307	0.168245264207378	0.25900509999733	0.234076308876694	0.139245344837001	0.224548873197522	0.181125642596489	0.263016639828234
ASV_64	0.174341709751112	0.259869512329979	0.343871894888113	0.437917923167694	0.333675564681725	0.346179851250845	0.160073880252424	0.0992720052945069	0.196140644379705	0.196963728371868	0.215846748808346	0.130857427716849	0.18691089690529	0.330307680303779	0.193851362420139	0.259719178638098	0.394214633886477	0.136876006441224
ASV_69	0.0541060478537934	0.0387039699214862	0.0102648326832273	3.14147108955028	0.00770020533880904	0.0730223123732252	0.0800369401262121	0.0752060646170507	0.0346130548905362	0.0999969697887943	0.104925502892946	0.0436191425722832	0.194921363915516	0.0286093266404848	0.0136515043957844	0.0946892838784731	0.0213088991289987	0.13419216317767
ASV_77	0.300589154743297	0.185226141767113	0.16936973927325	0.175691621869674	0.082135523613963	0.178498985801217	0.372479605971987	0.225618193851152	0.239406962992876	0.254537741280567	0.278802050544114	0.327143569292124	0.21094229793597	0.262685635517179	0.390433025719434	0.297594892189487	0.213088991289988	0.319377348362856
ASV_71	0.171335818203679	0.171403295366582	0.356702935742147	0.212403304051396	0.734086242299795	0.12711291413117	0.123133754040326	0.204560495758378	0.0461507398540483	0.269688797309172	0.299787151122703	0.183823529411765	0.165549651544685	0.127441545943978	0.158357450991099	0.265129994859725	0.386223796713102	0.209339774557166
ASV_66	0.210412408320308	0.306867190091784	0.100082118661466	0.13111315064901	0.107802874743327	0.132521974306964	0.495613360012313	0.330906684315023	0.245175805474632	0.272719008514894	0.281799922055341	0.364531405782652	0.250994632987103	0.187261047101355	0.311254300223885	0.211021832643454	0.167807580640865	0.241545893719807
ASV_68	0.22243597451004	0.248811235209554	0.297680147813591	0.146846728726891	0.202772073921971	0.256930358350237	0.375557949822995	0.201552253173696	0.199025065620583	0.206054361989031	0.257816949965524	0.171360917248255	0.149528717524232	0.21587037374184	0.472342052094141	0.124448773097422	0.17579841781424	0.276435856146001
ASV_72	0.276542022363833	0.140993033285414	0.133442824881954	0.204536515012456	0.0770020533880904	0.248816768086545	0.160073880252424	0.132362673726009	0.178834116934437	0.178782461137541	0.263812692987979	0.243020937188435	0.0934554484526448	0.330307680303779	0.270299787036531	0.83056029001975	0.242388727592361	0.169082125603865
ASV_73	0.426836599735482	0.210107265288068	0.295113939642784	0.618854071063328	0.292607802874743	0.535496957403651	0.0892719716792366	0.0451236387702304	0.147105483284779	0.118178237023121	0.16188506160626	0.1651296111665	0.152198873194307	0.18205935134854	0.13105444219953	0.167735302870438	0.17047119303199	0.169082125603865
ASV_70	0.282553805458699	0.118876479044565	0.151406282077602	0.25435951225908	0.195071868583162	0.981744421906694	0.135447129444359	0.108296733048553	0.201909486861461	0.20302415078331	0.146895704050124	0.330259222333001	0.144188406184081	0.127441545943978	0.248457380003276	0.162324486648811	0.157153131076366	0.174449812130972
ASV_79	0.306600937838163	0.323454605772421	0.261753233422295	0.249114986233119	0.346509240246407	0.435429344151454	0.141603817146375	0.114313218217917	0.147105483284779	0.190903305960425	0.188865905207303	0.205633100697906	0.146858561854156	0.153450024708055	0.169278654507727	0.251602954305657	0.191780092160989	0.171765968867418
ASV_74	0.228447757604906	0.243282096649342	0.228392527201807	0.212403304051396	0.300308008213552	0.213657876943881	0.270894258888718	0.20756873834306	0.161527589489169	0.187873094754704	0.323770123212519	0.205633100697906	0.189581052575365	0.202866134359801	0.221154371211708	0.194789383978573	0.229070665636737	0.195920558239399
ASV_81	0.210412408320308	0.0718788012827601	0.248922192568261	0.264848564311	0.205338809034908	0.192021636240703	0.0861936278282284	0.108296733048553	0.383628025036776	0.242416896457683	0.158887190095033	0.205633100697906	0.194921363915516	0.319904288798148	0.251187680882433	0.262424586748911	0.213088991289988	0.254965110037574
ASV_82	0.126247444992185	0.12993475616499	0	0.162580306804773	0.0308008213552361	0.0973630831643002	0.126212097891334	0.156428614403465	0.0692261097810724	0.172722038726099	0.152891447072578	0.214980059820538	0.197591519585592	0.525371271034357	0.128324141320374	0.316532748965181	0.977545747542818	0.158346752549651
ASV_76	0.156306360466514	0.127170186884883	0.274584274276329	0.167824832830733	0.18993839835729	0.170385395537525	0.135447129444359	0.0842307923710968	0.181718538175315	0.115148025817399	0.179872290673622	0.289755732801595	0.0934554484526448	0.483757705011834	0.114672636924589	0.74669263858453	0.0905628212982447	0.131508319914117
ASV_75	0.195382950583143	0.190755280327325	0.0846848696366249	0.110135046545168	0.287474332648871	0.164976335361731	0.227797444974604	0.168461584742194	0.161527589489169	0.17575224993182	0.266810564499206	0.239905284147557	0.170889962884836	0.114437306561939	0.223884672090864	0.451803154505857	0.287670138241483	0.206655931293612
ASV_80	0.279547913911266	0.0829370784031848	0.102648326832273	0.154713517765832	0.320841889117043	0.102772143340095	0.129290441742343	0.297816015883521	0.129798955839511	0.293930486954941	0.63554876038013	0.168245264207378	0.141518250514005	0.0598195011573773	0.292142194069787	0.156913670427184	0.213088991289988	0.142243692968331
ASV_90	0.0721413971383913	0.016587415680637	0.105214535003079	0.107512783532188	0.50564681724846	0.059499661933739	0.0954286593812529	0.923530473497383	0.0374974761314142	0.17575224993182	0.350750966813562	0.130857427716849	0.0160209340204534	0.0520169575281542	0.294872494948943	0.00811622433244055	0.436832432144474	0.257648953301127
ASV_86	0.186365275940844	0.248811235209554	0.0359269143912954	0.110135046545168	0.0693018480492813	0.110885733603786	0.175465599507465	0.379038565669936	0.100954743430731	0.0878761249659101	0.149893575561351	0.183823529411765	0.256334944327254	0.353715311191448	0.300333096707257	0.170440710981252	0.452814106491223	0.179817498658078
ASV_84	0.126247444992185	0.295808912971359	0.105214535003079	0.0052445260259604	0.0231006160164271	0.930358350236646	0.277050946590734	0.0541483665242765	0.0836482159854625	0.433320202418109	0.0809425308031298	0.0747756729810568	0.56607300205602	0	0.101021132528805	0.167735302870438	0.0665903097781211	0.131508319914117
ASV_78	0.279547913911266	0.204578126727856	0.146273865735988	0.217647830077357	0.13347022587269	0.183908045977011	0.101585347083269	0.210576980927742	0.0346130548905362	0.106057392200236	0.380729681925833	0.202517447657029	0.018691089690529	0	0.281220990553159	0.254308362416471	0.386223796713102	0.37037037037037
ASV_83	0.330648070217627	0.0912307862435033	0.115479367686307	0.236003671168218	0.297741273100616	0.440838404327248	0.0554101893181468	0.0571566091089585	0.242291384233753	0.106057392200236	0.0809425308031298	0.168245264207378	0.197591519585592	0.405732268719603	0.092830229891334	0.162324486648811	0.189116479769864	0.11808910359635
ASV_87	0.099194421065288	0.190755280327325	0.295113939642784	0.241248197194179	0.300308008213552	0.216362407031778	0.104663690934277	0.19252752541965	0.152874325766535	0.0909063361716312	0.431693497616692	0.152666999002991	0.168219807214761	0.127441545943978	0.177469557145197	0.151502854205557	0.17047119303199	0.144927536231884
ASV_85	0.16231814356138	0.290279774411147	0.130876616711148	0.246492723220139	0.205338809034908	0.554428668018932	0.113898722487302	0.0721978220323687	0.271135596642534	0.0909063361716312	0.164882933117487	0.140204386839482	0.112146538143174	0.080626284168639	0.13105444219953	0.1001001001001	0.362251285192979	0.11808910359635
ASV_95	0.165324035108813	0.176932433926794	0.228392527201807	0.136357676674971	0.0949691991786448	0.135226504394861	0.0708019085731876	0.180494555080922	0.210562750584095	0.157570982697494	0.122912731960308	0.102816550348953	0.288376812368161	0.21587037374184	0.191121061540982	0.14609203798393	0.356924060410729	0.311325818572195
ASV_93	0.0210412408320308	0.0276456928010616	0.195031820981318	0.178313884882654	0.16170431211499	0.0892494929006085	0.101585347083269	0.23765116418988	0.0778793735037065	0.0696948577315839	0.236831849386935	0.158898305084746	0.152198873194307	0.111836458685531	0.092830229891334	0.135270405540676	0.609967237567589	0.601180891035964
ASV_89	0.165324035108813	0.187990711047219	0.097515910490659	0.0970237314802675	0.082135523613963	0.140635564570656	0.26781591503771	0.183502797665604	0.158643168248291	0.236356474046241	0.227838234853254	0.199401794616152	0.114816693813249	0.239278004629509	0.188390760661825	0.273246219192165	0.191780092160989	0.238862050456253
ASV_88	0.279547913911266	0.414685392015924	0.0153972490248409	0.052445260259604	0.00513347022587269	1.24949290060852	0.1508388486994	0.123337945971963	0.0980703221898526	0.227265840429078	0.0869382738255838	0.208748753738784	0.141518250514005	0.0312101745168925	0.0354939114290395	0.116332548764981	0	0.0402576489533011
ASV_91	0.5470722616328	0.20181355744775	0.17706836378567	0.306804772518684	0	0.12711291413117	0.249345851931661	0.279766560375429	0.398050131241166	0.403018090360898	0.233833977875708	0.0810069790628116	0.0293717123708312	0.0390127181461156	0.00273030087915688	0.183967751535319	0.0532722478224969	0.00536768652710682
ASV_102	0.129253336539618	0.199048988167643	0.125744200369534	0.180936147895634	0.328542094455852	0.140635564570656	0.206249038017547	0.153420371818783	0.141336640803023	0.139389715463168	0.173876547651168	0.174476570289133	0.154869028864383	0.137844937449609	0.251187680882433	0.238075913751589	0.143835069120742	0.179817498658078
ASV_92	0.0691355055909583	0.301338051531571	0.0153972490248409	0.416939819063852	0.0282340862422998	0.186612576064909	0.261659227335693	0.0872390349557788	0.161527589489169	0.14545013787461	0.218844620319573	0.11839481555334	0.117486849483325	0.327706832427371	0.174739256266041	0.262424586748911	0.133180619556242	0.123456790123457
ASV_114	0.186365275940844	0.152051310405839	0.228392527201807	0.238625934181198	0.264373716632444	0.129817444219067	0.120055410189318	0.114313218217917	0.124030113357755	0.133329293051726	0.158887190095033	0.127741774675972	0.176230274224987	0.171655959842909	0.188390760661825	0.189378567756946	0.162480355858615	0.22007514761138
ASV_94	0.123241553444752	0.0497622470419109	0.0590227879285568	0.0786678903894061	0.962525667351129	0.0622041920216362	0.218562413421579	0.291799530714157	0.0894170584672186	0.0727250689373049	0.0929340168480379	0.0560817547357926	0.136177939173854	0.0832271320450467	0.262108884399061	0.113627140654168	0.130517007165117	0.131508319914117
ASV_100	0.237465432247205	0.0497622470419109	0.097515910490659	0.154713517765832	0.757186858316222	0.0676132521974307	0.0892719716792366	0.165453342157512	0.0432663186131703	0.345444077452198	0.215846748808346	0.124626121635095	0.0881151371124937	0.018205935134854	0.136515043957844	0.162324486648811	0.101217270862744	0.190552871712292
ASV_101	0.246483106889503	0.270927789450404	0.0307944980496818	0.0734233643634457	0.082135523613963	0.154158215010142	0.31706941665384	0.165453342157512	0.178834116934437	0.142419926668889	0.2218424918308	0.336490528414756	0.160209340204534	0.0962313714270852	0.196581663299296	0.108216324432541	0.146498681511866	0.190552871712292
ASV_104	0.189371167488277	0.204578126727856	0.212995278176966	0.199291988986495	0.287474332648871	0.197430696416498	0.0800369401262121	0.0902472775404609	0.138452219562145	0.148480349080331	0.158887190095033	0.218095712861416	0.144188406184081	0.174256807719317	0.150166548353629	0.127154181208235	0.197107316943238	0.0912506709608159
ASV_96	0.174341709751112	0.132699325445096	0.34643810305892	0.275337616362921	0.333675564681725	0.210953346855984	0.113898722487302	0.0962637627098249	0.129798955839511	0.127268870640284	0.170878676139941	0.109047856430708	0.080104670102267	0.135244089573201	0.0900999290121771	0.137975813651489	0.135844231947367	0.144927536231884
ASV_97	0.19237705903571	0.0635850934424417	0.238657359885034	0.0839124164153665	0.482546201232033	0.181203515889114	0.166230567954441	0.0631730942783226	0.124030113357755	0.0969667585830732	0.137902089516443	0.0872382851445663	0.154869028864383	0.30690004941611	0.070987822858079	0.113627140654168	0.173134805423115	0.187869028448739
ASV_110	0.0360706985691956	0.0995244940838217	0.161671114760829	0.277959879375901	0.361909650924025	0.059499661933739	0.212405725719563	0.120329703387281	0.0807637947445845	0.20302415078331	0.137902089516443	0.0778913260219342	0.152198873194307	0.343311919685818	0.188390760661825	0.167735302870438	0.154489518685241	0.0939345142243693
ASV_98	0.183359384393411	0.127170186884883	0.156538698419216	0.215025567064377	0.231006160164271	0.340770791075051	0.132368785593351	0.0782143072017327	0.147105483284779	0.0909063361716312	0.152891447072578	0.124626121635095	0.136177939173854	0.104033915056308	0.0764484246163927	0.078456835213592	0.354260448019604	0.120772946859903
ASV_106	0.156306360466514	0.0857016476832909	0.0538903715869431	0.0786678903894061	0.0487679671457906	0.0432724814063556	0.0677235647221795	0.138379158895373	0.700914361533358	0.430289991212388	0.122912731960308	0.162013958125623	0.221622920616272	0.0780254362922313	0.152896849232785	0.213727240754268	0.0612630849958714	0.0966183574879227
ASV_109	0.144282794276783	0.154815879685945	0.0359269143912954	0.0550675232725842	0.00513347022587269	0.00540906017579446	0.175465599507465	0.306840743637567	0.118261270875999	0.133329293051726	0.0929340168480379	0.230558325024925	0.461936930923073	0.0598195011573773	0.251187680882433	0.281362443524606	0	0.348899624261943
ASV_99	0.135265119634484	0.0746433705628663	0.0949497023198522	0.209781041038416	0.107802874743327	0.235294117647059	0.0769585962752039	0.0601648516936406	0.271135596642534	0.236356474046241	0.134904218005216	0.0841226321036889	0.315078369068917	0.257483939764363	0.0900999290121771	0.156913670427184	0.114535332818368	0.11808910359635
ASV_113	0.0901767464229891	0.265398650890191	0.143707657565182	0.175691621869674	0.128336755646817	0.135226504394861	0.175465599507465	0.171469827326876	0.164412010730047	0.169691827520378	0.125910603471535	0.171360917248255	0.122827160823476	0.130042393820385	0.188390760661825	0.113627140654168	0.117198945209493	0.161030595813205
ASV_105	0.114223878802453	0.0497622470419109	0.102648326832273	0.162580306804773	0.82135523613963	0.151453684922245	0.0184700631060489	0.382046808254618	0.00288442124087802	0.124238659434563	0.0869382738255838	0.0654287138584247	0.0106806226803023	0.0260084787640771	0.0819090263747065	0.0676352027703379	0.135844231947367	0.254965110037574
ASV_103	0.153300468919081	0.160345018246157	0.0333607062204886	0.225514619116297	0.164271047227926	0.405679513184584	0.0738802524241958	0.0932555201251429	0.124030113357755	0.109087603405957	0.158887190095033	0.124626121635095	0.200261675255667	0.135244089573201	0.144705946595315	0.129859589319049	0.149162293902991	0.0939345142243693
ASV_108	0.16231814356138	0.0746433705628663	0.146273865735988	0.12586862462305	0.215605749486653	0.135226504394861	0.0800369401262121	0.120329703387281	0.155758747007413	0.287870064543499	0.254819078454297	0.218095712861416	0.0827748257723425	0.122239850191162	0.109212035166275	0.137975813651489	0.143835069120742	0.13419216317767
ASV_107	0.195382950583143	0.157580448966051	0.156538698419216	0.183558410908614	0.146303901437372	0.221771467207573	0.153917192550408	0.0962637627098249	0.121145692116877	0.103027180994515	0.164882933117487	0.174476570289133	0.0934554484526448	0.0910296756742698	0.174739256266041	0.151502854205557	0.125189782382868	0.120772946859903
ASV_111	0.120235661897319	0.149286741125733	0.0923834941490454	0.0445784712206634	0.0949691991786448	0.0757268424611224	0.172387255656457	0.120329703387281	0.118261270875999	0.196963728371868	0.152891447072578	0.183823529411765	0.0987957597927959	0.218471221618248	0.202042265057609	0.19208397586776	0.167807580640865	0.214707461084273
ASV_122	0.129253336539618	0.218400973128387	0.097515910490659	0.115379572571129	0.0487679671457906	0.132521974306964	0.193935662613514	0.204560495758378	0.196140644379705	0.148480349080331	0.119914860449081	0.186939182452642	0.149528717524232	0.101433067179901	0.141975645716158	0.137975813651489	0.111871720427243	0.155662909286098
ASV_112	0.0841649633281231	0.0442331084816986	0.0359269143912954	0.0419562082076832	0.0256673511293635	0.0297498309668695	0.224719101123596	0.129354431141327	0.299979809051314	0.309081542983546	0.185868033696076	0.102816550348953	0.181570585565138	0.254883091887955	0.193851362420139	0.232665097529962	0.111871720427243	0.0966183574879227
ASV_116	0.0210412408320308	0.0912307862435033	0.0205296653664545	0.0209781041038416	1.37063655030801	0.0324543610547667	0.0523318454671387	0.0571566091089585	0.0288442124087802	0.0575740129086997	0.0539616872020865	0.034272183449651	0.157539184534458	0.0520169575281542	0.070987822858079	0.0108216324432541	0.223743440854487	0.0509930220075148
ASV_115	0.105206204160154	0.284750635850934	0.0333607062204886	0.25698177527206	0.0205338809034908	0.186612576064909	0.0153917192550408	0.0360989110161843	0.00288442124087802	0.0151510560286052	0.0689510447582217	1.43631605184447	0.00267015567007557	0.0546178054045619	0.0600666193414514	0.00541081622162703	0.0106544495644994	0.059044551798175
ASV_117	0.144282794276783	0.0746433705628663	0.146273865735988	0.0603120492985446	0.0898357289527721	0.148749154834348	0.0677235647221795	0.22260995126647	0.452854134817849	0.257567952486288	0.173876547651168	0.0623130608175474	0.130837627833703	0.117038154438347	0.147436247474472	0.151502854205557	0.0292997363023733	0.0563607085346216
ASV_119	0.123241553444752	0.0801725091230786	0.166803531102443	0.0760456273764259	0.0333675564681725	0.0649087221095335	0.218562413421579	0.16244509957283	0.147105483284779	0.112117814611678	0.179872290673622	0.137088733798604	0.104136071132947	0.210668677989024	0.163818052749413	0.216432648865081	0.183789254987614	0.128824476650564
ASV_125	0.0360706985691956	0.323454605772421	0.143707657565182	0.228136882129278	0.0333675564681725	0.0703177822853279	0.138525473295367	0.228626436435834	0.0923014797080966	0.142419926668889	0.218844620319573	0.0560817547357926	0.0720942030920403	0.223672917371063	0.161087751870256	0.0703406108811514	0.0186452867378739	0.182501341921632
ASV_126	0.138271011181917	0.127170186884883	0.125744200369534	0.107512783532188	0.074435318275154	0.110885733603786	0.126212097891334	0.228626436435834	0.144221062043901	0.127268870640284	0.104925502892946	0.180707876370887	0.117486849483325	0.0468152617753388	0.196581663299296	0.127154181208235	0.143835069120742	0.22007514761138
ASV_134	0.129253336539618	0.157580448966051	0.166803531102443	0.191425199947555	0.146303901437372	0.162271805273834	0.0861936278282284	0.0661813368630046	0.126914534598633	0.109087603405957	0.131906346493989	0.133973080757727	0.101465915462871	0.104033915056308	0.0900999290121771	0.143386629873116	0.202434541725488	0.115405260332797
ASV_118	0.147288685824215	0.124405617604777	0.100082118661466	0.110135046545168	0.110369609856263	0.283975659229209	0.120055410189318	0.0691895794476867	0.100954743430731	0.23332626284052	0.104925502892946	0.224327018943171	0.0747643587621158	0.12484069806757	0.101021132528805	0.0919838757676596	0.199770929334363	0.0483091787439614
ASV_120	0.138271011181917	0.223930111688599	0.269451857934716	0.204536515012456	0.148870636550308	0.232589587559162	0.0677235647221795	0.0782143072017327	0.103839164671609	0.075755280143026	0.0839404023143568	0.102816550348953	0.0694240474219647	0.0754245884158236	0.136515043957844	0.14609203798393	0.0958900460804944	0.0670960815888352
ASV_129	0.0631237224960923	0.0746433705628663	0.261753233422295	0.157335780778812	0.16170431211499	0.129817444219067	0.0831152839772203	0.132362673726009	0.0778793735037065	0.0999969697887943	0.167880804628714	0.0965852442671984	0.061413580411738	0.0962313714270852	0.101021132528805	0.0973946919892866	0.202434541725488	0.201288244766506
ASV_137	0.147288685824215	0.149286741125733	0.207862861835352	0.173069358856693	0.143737166324435	0.129817444219067	0.110820378636294	0.0932555201251429	0.109608007153365	0.0606042241144208	0.107923374404173	0.0810069790628116	0.104136071132947	0.0962313714270852	0.120133238682903	0.132564997429862	0.133180619556242	0.0966183574879227
ASV_123	0.174341709751112	0.168638726086476	0.102648326832273	0.144224465713911	0.156570841889117	0.156862745098039	0.101585347083269	0.0511401239395945	0.115376849635121	0.0848459137601891	0.131906346493989	0.124626121635095	0.104136071132947	0.119639002314755	0.136515043957844	0.105510916321727	0.127853394773992	0.10198604401503
ASV_135	0.0631237224960923	0.196284418887537	0.0615889960993636	0.120624098597089	0.0128336755646817	0.186612576064909	0.120055410189318	0.201552253173696	0.0980703221898526	0.154540771491773	0.131906346493989	0.124626121635095	0.213612453606045	0.0910296756742698	0.117402937803746	0.0703406108811514	0.0958900460804944	0.158346752549651
ASV_127	0.11121798725502	0.1796970032069	0.0872510778074317	0.154713517765832	0.125770020533881	0.137931034482759	0.0954286593812529	0.0812225497864148	0.0663416885401944	0.127268870640284	0.134904218005216	0.0903539381854437	0.101465915462871	0.143046633202424	0.117402937803746	0.186673159646133	0.143835069120742	0.10198604401503
ASV_124	0.153300468919081	0.0829370784031848	0.323342229521659	0.0760456273764259	0.0385010266940452	0.0703177822853279	0.144682160997383	0.0481318813549125	0.0749949522628285	0.0969667585830732	0.164882933117487	0.0997008973080758	0.112146538143174	0.119639002314755	0.163818052749413	0.148797446094743	0.0878992089071198	0.177133655394525
ASV_121	0.144282794276783	0.0967599248037156	0.1129131595155	0.0786678903894061	0.0308008213552361	0.118999323867478	0.209327381868555	0.126346188556645	0.126914534598633	0.14545013787461	0.164882933117487	0.230558325024925	0.0961256041227204	0.0910296756742698	0.117402937803746	0.0568135703270838	0.133180619556242	0.131508319914117
ASV_133	0.159312252013947	0.12993475616499	0.097515910490659	0.194047462960535	0.0975359342915811	0.14604462474645	0.0954286593812529	0.0691895794476867	0.132683377080389	0.109087603405957	0.107923374404173	0.162013958125623	0.128167472163627	0.101433067179901	0.139245344837001	0.083867651435219	0.101217270862744	0.104669887278583
ASV_156	0.150294577371648	0.199048988167643	0.171935947444057	0.0760456273764259	0.148870636550308	0.208248816768087	0.175465599507465	0.0721978220323687	0.0692261097810724	0.0909063361716312	0.125910603471535	0.133973080757727	0.0507329577314357	0.0676220447866004	0.0873696281330203	0.083867651435219	0.0905628212982447	0.0966183574879227
ASV_136	0.096188529517855	0.069114232002654	0.0513241634161363	0.0944014684672873	0.202772073921971	0.0838404327248141	0.113898722487302	0.0902472775404609	0.121145692116877	0.163631405108936	0.113919117426627	0.0997008973080758	0.0694240474219647	0.0988322193034929	0.172008955386884	0.235370505640776	0.125189782382868	0.0805152979066023
ASV_128	0.117229770349886	0.105053632644034	0.0898172859782386	0.0760456273764259	0.0410677618069815	0.102772143340095	0.184700631060489	0.105288490463871	0.118261270875999	0.109087603405957	0.125910603471535	0.1651296111665	0.101465915462871	0.132643241696793	0.161087751870256	0.110921732543354	0.109208108036119	0.142243692968331
ASV_132	0.0180353492845978	0.0635850934424417	0.57226442208992	0.180936147895634	0.0616016427104723	0.143340094658553	0.163152224103432	0.0721978220323687	0.112492428394243	0.0636344353201418	0.0449680726684054	0.0093469591226321	0.0720942030920403	0.114437306561939	0.092830229891334	0.0378757135513892	0.0612630849958714	0.11003757380569
ASV_142	0.123241553444752	0.132699325445096	0.097515910490659	0.0786678903894061	0.0359342915811088	0.118999323867478	0.212405725719563	0.0932555201251429	0.121145692116877	0.127268870640284	0.143897832538897	0.112163509471585	0.0560732690715869	0.0884288277978621	0.155627150111942	0.0703406108811514	0.0932264336893695	0.214707461084273
ASV_138	0.114223878802453	0.121641048324671	0.164237322931636	0.0734233643634457	0.0590349075975359	0.110885733603786	0.0769585962752039	0.0992720052945069	0.184602959416193	0.0999969697887943	0.0779446592919028	0.0529661016949153	0.176230274224987	0.0936305235506775	0.0982908316496478	0.089278467656846	0.157153131076366	0.163714439076758
ASV_141	0.255500781531802	0.157580448966051	0.192465612810511	0.204536515012456	0.192505133470226	0.219066937119675	0.0153917192550408	0.0571566091089585	0.0461507398540483	0.0999969697887943	0.0509638156908595	0.0311565304087737	0.0907852927825692	0.114437306561939	0.0600666193414514	0.0541081622162703	0.0665903097781211	0.072463768115942
ASV_130	0.0811590717806902	0.20181355744775	0.0384931225621022	0.144224465713911	0.0205338809034908	0.332657200811359	0.0738802524241958	0.0210576980927742	0.0605728460584384	0.142419926668889	0.0539616872020865	0.0654287138584247	0.0267015567007557	0.0546178054045619	0.251187680882433	0.0514027541054568	0.0399541858668727	0.338164251207729
ASV_154	0.093182637970422	0.234988388809024	0.0461917470745227	0.13111315064901	0.0949691991786448	0.100067613252197	0.0892719716792366	0.126346188556645	0.0692261097810724	0.112117814611678	0.0899361453368109	0.152666999002991	0.162879495874609	0.117038154438347	0.0819090263747065	0.167735302870438	0.0372905734757478	0.0805152979066023
ASV_153	0.096188529517855	0.0967599248037156	0.246355984397454	0.0472007342336436	0.0436344969199179	0.0622041920216362	0.135447129444359	0.108296733048553	0.112492428394243	0.106057392200236	0.113919117426627	0.112163509471585	0.0720942030920403	0.132643241696793	0.128324141320374	0.173146119092065	0.0585994726047466	0.0858829844337091
ASV_140	0.11121798725502	0.0995244940838217	0.125744200369534	0.136357676674971	0.202772073921971	0.164976335361731	0.104663690934277	0.0691895794476867	0.0548040035766823	0.0939365473773522	0.116916988937854	0.0498504486540379	0.0507329577314357	0.109235610809124	0.101021132528805	0.1001001001001	0.133180619556242	0.072463768115942
ASV_150	0.108212095707587	0.0967599248037156	0.100082118661466	0.0944014684672873	0.100102669404517	0.121703853955375	0.0831152839772203	0.0721978220323687	0.0807637947445845	0.0999969697887943	0.0959318883592649	0.115279162512463	0.101465915462871	0.104033915056308	0.172008955386884	0.129859589319049	0.103880883253869	0.104669887278583
ASV_163	0.0751472886858242	0.12993475616499	0.069287620611784	0.0839124164153665	0.0462012320328542	0.0730223123732252	0.129290441742343	0.144395644064737	0.118261270875999	0.109087603405957	0.131906346493989	0.199401794616152	0.141518250514005	0.0754245884158236	0.111942336045432	0.0919838757676596	0.085235596515995	0.10198604401503
ASV_162	0.129253336539618	0.124405617604777	0.151406282077602	0.136357676674971	0.0308008213552361	0.121703853955375	0.20009235031553	0.0842307923710968	0.115376849635121	0.109087603405957	0.101927631381719	0.162013958125623	0.0774345144321914	0.0364118702697079	0.125593840441217	0.0486973459946433	0.0559358602136217	0.0885668276972625
ASV_145	0.0240471323794638	0.105053632644034	0.069287620611784	0.175691621869674	0.223305954825462	0.0730223123732252	0.0492535016161305	0.0782143072017327	0.0346130548905362	0.0999969697887943	0.0869382738255838	0.0467347956131605	0.0907852927825692	0.0702228926630081	0.103751433407962	0.108216324432541	0.205098154116613	0.185185185185185
ASV_144	0.135265119634484	0.0414685392015924	0.0487579552453295	0.123246361610069	0.123203285420945	0.0865449628127113	0.169308911805449	0.141387401480055	0.118261270875999	0.151510560286052	0.0839404023143568	0.0872382851445663	0.136177939173854	0.0962313714270852	0.0873696281330203	0.0811622433244055	0.0878992089071198	0.0670960815888352
ASV_157	0.0841649633281231	0.0497622470419109	0.251488400739068	0.0786678903894061	0.174537987679671	0.0676132521974307	0.0492535016161305	0.195535768004332	0.0548040035766823	0.081815702554468	0.14089996102767	0.0560817547357926	0.0213612453606045	0.0364118702697079	0.0436848140665101	0.124448773097422	0.215752603681112	0.10198604401503
ASV_143	0.102200312612721	0.0608205241623355	0.0846848696366249	0.0970237314802675	0.151437371663244	0.105476673427992	0.0800369401262121	0.0601648516936406	0.115376849635121	0.139389715463168	0.0779446592919028	0.0623130608175474	0.168219807214761	0.145647481078832	0.0546060175831377	0.0946892838784731	0.125189782382868	0.10198604401503
ASV_147	0.135265119634484	0.193519849607431	0.128310408540341	0.0603120492985446	0.0616016427104723	0.170385395537525	0.141603817146375	0.0571566091089585	0.0663416885401944	0.081815702554468	0.116916988937854	0.0685443668993021	0.0453926463912846	0.114437306561939	0.0600666193414514	0.0865730595460325	0.17047119303199	0.0805152979066023
ASV_151	0.267524347721534	0.171403295366582	0.0333607062204886	0.112757309558149	0.0539014373716633	0.0703177822853279	0.1508388486994	0.102280247879189	0.129798955839511	0.121208448228842	0.0809425308031298	0.0872382851445663	0.112146538143174	0.0728237405394159	0.12286353956206	0.078456835213592	0.0266361239112484	0.0670960815888352
ASV_148	0.168329926656246	0.171403295366582	0.0949497023198522	0.0498229972466238	0.0462012320328542	0.0865449628127113	0.141603817146375	0.0902472775404609	0.0807637947445845	0.0666646465258628	0.149893575561351	0.133973080757727	0.0747643587621158	0.0598195011573773	0.172008955386884	0.0946892838784731	0.0452814106491223	0.123456790123457
ASV_146	0.093182637970422	0.0276456928010616	0.0744200369533977	0.0734233643634457	0.0487679671457906	0.094658553076403	0.0738802524241958	0.0451236387702304	0.126914534598633	0.0909063361716312	0.0899361453368109	0.0716600199401795	0.0881151371124937	0.163853416213686	0.163818052749413	0.211021832643454	0.146498681511866	0.120772946859903
ASV_159	0.165324035108813	0.10781820192414	0.0153972490248409	0.0340894191687426	0.0179671457905544	0.0405679513184584	0.0985070032322611	0.0992720052945069	0.152874325766535	0.142419926668889	0.113919117426627	0.0654287138584247	0.104136071132947	0.0884288277978621	0.229345273849178	0.14609203798393	0.119862557600618	0.0993022007514761
ASV_180	0.0721413971383913	0.110582771204246	0.0795524532950113	0.0891569424413269	0.0487679671457906	0.0919540229885057	0.107742034785286	0.156428614403465	0.124030113357755	0.0909063361716312	0.0809425308031298	0.146435692921236	0.0987957597927959	0.0858279799214544	0.161087751870256	0.0730460189919649	0.0585994726047466	0.144927536231884
ASV_155	0.102200312612721	0.171403295366582	0.0795524532950113	0.0340894191687426	0.0564681724845996	0.232589587559162	0.0307834385100816	0.153420371818783	0.0634572672993164	0.0939365473773522	0.149893575561351	0.180707876370887	0.0213612453606045	0.0208067830112617	0.0846393272538634	0.229959689419149	0.0479450230402472	0.0563607085346216
ASV_172	0.093182637970422	0.0718788012827601	0.0179634571956477	0.0367116821817228	0.0282340862422998	0.0513860716700473	0.304756041249808	0.150412129234101	0.149989904525657	0.230296051634799	0.113919117426627	0.445538384845464	0.0213612453606045	0.0130042393820385	0.0491454158248239	0.0243486729973216	0.0266361239112484	0.0483091787439614
