OTUID	All	feces	plaque	saliva
ASV_1	0.917097	0.000000	2.751292	0.000000
ASV_2	1.712597	0.00000000	5.11756674	0.02022344
ASV_10	0.755461	0.00000000	0.04071432	2.22566818
ASV_3	0.78696	0.00000000	2.33979396	0.02108637
ASV_4	0.763458	0.00000000	0.09425661	2.19611732
ASV_5	1.032512	3.097537	0.000000	0.000000
ASV_7	0.521109	0.000000	0.000000	1.563327
ASV_8	0.482017	0.000000	0.000000	1.446051
ASV_9	0.472381	0.00000000	0.02949853	1.38764352
ASV_6	0.633743	0.00000	1.90123	0.00000
ASV_14	0.3742	0.00000000	0.01152206	1.11107785
ASV_22	0.420163	0.03987241	0.07842811	1.14218756
ASV_13	0.783734	0.00000000	2.27485022	0.07635121
ASV_18	0.371407	0.00000	0.00000	1.11422
ASV_19	0.506854	0.0000000	1.3735587	0.1470021
ASV_17	0.356456	0.000000	0.000000	1.069368
ASV_23	0.378002	0.000000	0.000000	1.134007
ASV_54	0.790688	2.35226894	0.01979414	0.00000000
ASV_49	0.263252	0.0000000	0.0000000	0.7897548
ASV_11	0.673001	0.000000	2.019002	0.000000
ASV_21	0.768597	2.305792	0.000000	0.000000
ASV_36	0.238154	0.00000000	0.02949853	0.68496378
ASV_12	0.370116	0.000000	0.000000	1.110348
ASV_35	0.267601	0.00000000	0.01121579	0.79158781
ASV_15	0.170911	0.0000000	0.5127319	0.0000000
ASV_20	0.24654	0.0000000	0.0000000	0.7396201
ASV_24	0.360911	0.0000000	0.5561755	0.5265568
ASV_16	0.31059	0.0000000	0.5383580	0.3934114
ASV_38	0.192935	0.000000000	0.005761032	0.573043541
ASV_42	0.243135	0.000000000	0.005761032	0.723643940
ASV_53	0.551695	1.655084	0.000000	0.000000
ASV_208	0.237005	0.0000000	0.1085764	0.6024394
ASV_48	0.215252	0.00000000	0.02949853	0.61625798
ASV_34	0.260228	0.0000000	0.6578107	0.1228736
ASV_63	0.497308	1.491924	0.000000	0.000000
ASV_75	0.214478	0.00000000	0.01152206	0.63191153
ASV_29	0.218255	0.04570633	0.05899705	0.55006194
ASV_30	0.269872	0.0000000	0.7065949	0.1030220
ASV_44	0.16679	0.0000000	0.0000000	0.5003697
ASV_80	0.203407	0.61022	0.00000	0.00000
ASV_28	0.361865	1.06580167	0.01979414	0.00000000
ASV_55	0.166638	0.00000000	0.48186871	0.01804426
ASV_726	0.188039	0.0000000	0.0000000	0.5641175
ASV_25	0.257963	0.0000000	0.7738896	0.0000000
ASV_286	0.428084	1.284253	0.000000	0.000000
ASV_95	0.201861	0.0000000	0.0000000	0.6055819
ASV_26	0.297351	0.0000000	0.1937922	0.6982601
ASV_77	0.375224	0.000000	1.125672	0.000000
ASV_394	0.395243	1.185729	0.000000	0.000000
ASV_498	0.371646	1.114937	0.000000	0.000000
ASV_185	0.47141	1.41423	0.00000	0.00000
ASV_81	0.371229	1.113686	0.000000	0.000000
ASV_51	0.120982	0.000000	0.362945	0.000000
ASV_27	0.119061	0.000000	0.357184	0.000000
ASV_32	0.409079	0.000000	1.227237	0.000000
ASV_62	0.173786	0.5213589	0.0000000	0.0000000
ASV_392	0.277377	0.8321296	0.0000000	0.0000000
ASV_46	0.135113	0.00000000	0.39000017	0.01533978
ASV_60	0.150089	0.0000000	0.0000000	0.4502677
ASV_98	0.306582	0.9197467	0.0000000	0.0000000
ASV_145	0.161166	0.0000000	0.0000000	0.4834978
ASV_56	0.115119	0.0000000	0.3453557	0.0000000
ASV_61	0.304417	0.9132524	0.0000000	0.0000000
ASV_139	0.14831	0.0000000	0.0000000	0.4449287
ASV_263	0.148363	0.0000000	0.0172831	0.4278054
ASV_57	0.190214	0.000000000	0.562236892	0.008404774
ASV_39	0.142641	0.0000000	0.0000000	0.4279225
ASV_59	0.132071	0.0000000	0.0000000	0.3962126
ASV_67	0.161429	0.0000000	0.0000000	0.4842856
ASV_1082	0.17391	0.0000000	0.0996603	0.4220705
ASV_31	0.122555	0.00000000	0.32187705	0.04578755
ASV_33	0.213656	0.00000000	0.62637931	0.01458839
ASV_47	0.207543	0.0000000	0.6226296	0.0000000
ASV_489	0.158791	0.00000000	0.02867694	0.44769727
ASV_496	0.309044	0.927133	0.000000	0.000000
ASV_52	0.268032	0.00000000	0.73541504	0.06868132
ASV_103	0.917431	2.752294	0.000000	0.000000
ASV_64	0.192501	0.00000000	0.53475857	0.04274543
ASV_744	0.370972	1.112915	0.000000	0.000000
ASV_114	0.150838	0.0000000	0.0000000	0.4525155
ASV_371	0.443806	1.331419	0.000000	0.000000
ASV_58	0.304888	0.00000000	0.90007582	0.01458839
ASV_117	0.144448	0.0000000	0.1684567	0.2648881
ASV_124	0.139987	0.0000000	0.0000000	0.4199617
ASV_161	0.153063	0.00000000	0.38695180	0.07223658
ASV_68	0.270072	0.8102155	0.0000000	0.0000000
ASV_756	0.299409	0.8982255	0.0000000	0.0000000
ASV_236	0.275331	0.8259916	0.0000000	0.0000000
ASV_209	0.138398	0.00000000	0.01121579	0.40397971
ASV_37	0.274418	0.0000000	0.8232527	0.0000000
ASV_50	0.832484	2.497452	0.000000	0.000000
ASV_533	0.285752	0.8572569	0.0000000	0.0000000
ASV_90	0.137347	0.4120417	0.0000000	0.0000000
ASV_130	0.247781	0.743342	0.000000	0.000000
ASV_148	0.128531	0.00000000	0.02949853	0.35609543
ASV_173	0.127491	0.000000000	0.005761032	0.376711127
ASV_219	0.137106	0.0000000	0.0000000	0.4113186
ASV_43	0.1147	0.0000000	0.0000000	0.3440992
ASV_800	0.32969	0.98907	0.00000	0.00000
ASV_85	0.304082	0.00000000	0.88579715	0.02644903
ASV_1206	0.140701	0.00000000	0.06263241	0.35946951
ASV_140	0.148333	0.0000000	0.0000000	0.4449989
ASV_142	0.112231	0.00000000	0.01152206	0.32517192
ASV_45	0.116852	0.00000000	0.29066931	0.05988613
ASV_86	0.255146	0.000000	0.765439	0.000000
ASV_94	0.137499	0.0000000	0.0000000	0.4124978
ASV_1120	0.124691	0.00000000	0.02801687	0.34605606
ASV_1152	0.142045	0.00000000	0.09230899	0.33382616
ASV_174	0.128109	0.0000000	0.0000000	0.3843284
ASV_243	0.146898	0.00000000	0.04102059	0.39967466
ASV_473	0.112648	0.0000000	0.0000000	0.3379452
ASV_69	0.331031	0.9930915	0.0000000	0.0000000
ASV_73	0.159362	0.00000000	0.08701392	0.39107113
ASV_125	0.103778	0.0000000	0.0000000	0.3113325
ASV_133	0.129475	0.00000000	0.35774483	0.03067955
ASV_137	0.093374	0.00000000	0.26175750	0.01836539
ASV_153	0.260417	0.78125	0.00000	0.00000
ASV_169	0.147999	0.00000000	0.09849698	0.34549978
ASV_202	0.14794	0.0000000	0.3103402	0.1334799
ASV_40	0.091294	0.00000000	0.25087199	0.02300966
ASV_121	0.17181	0.0000000	0.4124086	0.1030220
ASV_143	0.128723	0.0000000	0.0000000	0.3861682
ASV_718	0.137988	0.00000000	0.08767399	0.32628968
ASV_76	0.164267	0.0000000	0.4928005	0.0000000
ASV_235	0.216018	0.6480547	0.0000000	0.0000000
ASV_99	0.120529	0.3615876	0.0000000	0.0000000
ASV_1115	0.12656	0.0000000	0.0929507	0.2867293
ASV_1219	0.130433	0.00000000	0.08701392	0.30428452
ASV_146	0.134953	0.0000000	0.0000000	0.4048583
ASV_550	0.288917	0.84994955	0.01680108	0.00000000
ASV_105	0.092779	0.00000000	0.18435304	0.09398496
ASV_1114	0.094553	0.0000000	0.0000000	0.2836585
ASV_66	0.214161	0.0000000	0.5419903	0.1004930
ASV_96	0.130093	0.00000	0.00000	0.39028
ASV_1081	0.125469	0.000000000	0.008730574	0.367677323
ASV_1131	0.092866	0.0000000	0.0000000	0.2785981
ASV_226	0.205952	0.617856	0.000000	0.000000
ASV_282	0.110824	0.0000000	0.0000000	0.3324724
ASV_324	0.141103	0.0000000	0.2773273	0.1459827
ASV_355	0.103773	0.0000000	0.0000000	0.3113178
ASV_479	0.110065	0.0000000	0.0000000	0.3301958
ASV_78	0.116408	0.000000	0.349223	0.000000
ASV_97	0.115356	0.0000000	0.0000000	0.3460686
ASV_112	0.100766	0.0000000	0.0000000	0.3022969
ASV_132	0.103559	0.00000000	0.29533673	0.01533978
ASV_340	0.114095	0.0000000	0.0000000	0.3422854
ASV_413	0.092918	0.0000000	0.1503210	0.1284318
ASV_1231	0.108327	0.0000000	0.1166630	0.2083195
ASV_200	0.147333	0.0000000	0.4419976	0.0000000
ASV_225	0.237252	0.7117554	0.0000000	0.0000000
ASV_279	0.099646	0.0000000	0.0000000	0.2989367
ASV_298	0.127965	0.00000000	0.31275134	0.07114406
ASV_41	0.367028	0.000000000	1.091445428	0.009639483
ASV_505	0.200523	0.6015703	0.0000000	0.0000000
ASV_659	0.11117	0.0000000	0.0000000	0.3335089
ASV_101	0.103711	0.3111335	0.0000000	0.0000000
ASV_131	0.21412	0.6423611	0.0000000	0.0000000
ASV_222	0.099878	0.0000000	0.0000000	0.2996344
ASV_228	0.108104	0.3243135	0.0000000	0.0000000
ASV_375	0.234353	0.703058	0.000000	0.000000
ASV_72	0.147815	0.0000000	0.2579051	0.1855403
ASV_810	0.213511	0.640533	0.000000	0.000000
ASV_84	0.118379	0.0000000	0.3551365	0.0000000
ASV_863	0.085133	0.00000000	0.21897136	0.03642615
ASV_1093	0.117811	0.00000000	0.05899705	0.29443498
ASV_337	0.11689	0.00000000	0.05057897	0.30008986
ASV_406	0.114798	0.00000000	0.31309633	0.03129855
ASV_70	0.111958	0.00000000	0.30514834	0.03072585
ASV_108	0.144255	0.0000000	0.1008065	0.3319597
ASV_110	0.098058	0.0000000	0.0000000	0.2941729
ASV_172	0.102393	0.0000000	0.0000000	0.3071792
ASV_247	0.099767	0.0000000	0.2992998	0.0000000
ASV_276	0.089548	0.000000000	0.005761032	0.262883229
ASV_280	0.10376	0.00000000	0.02949853	0.28178257
ASV_357	0.103003	0.00000000	0.05603373	0.25297451
ASV_469	0.081217	0.0000000	0.0000000	0.2436503
ASV_536	0.177185	0.5315543	0.0000000	0.0000000
ASV_611	0.123248	0.00000000	0.27003606	0.09970854
ASV_788	0.117519	0.3525568	0.0000000	0.0000000
ASV_1006	0.1323	0.0000000	0.1319624	0.2649391
ASV_126	0.086925	0.0000000	0.0000000	0.2607762
ASV_147	0.090138	0.0000000	0.0000000	0.2704129
ASV_159	0.085365	0.00000000	0.24075549	0.01533978
ASV_187	0.095302	0.2859065	0.0000000	0.0000000
ASV_189	0.344881	1.034644	0.000000	0.000000
ASV_207	0.108036	0.00000000	0.03659522	0.28751390
ASV_272	0.103948	0.00000000	0.02949853	0.28234631
ASV_353	0.079648	0.0000000	0.0000000	0.2389451
ASV_396	0.17717	0.531509	0.000000	0.000000
ASV_499	0.175707	0.5271199	0.0000000	0.0000000
ASV_580	0.08622	0.000000000	0.249020586	0.009639483
ASV_682	0.087141	0.00000000	0.04032723	0.22109656
ASV_738	0.150355	0.4510635	0.0000000	0.0000000
ASV_82	0.196576	0.00000000	0.55842957	0.03129855
ASV_87	0.098947	0.0000000	0.2968395	0.0000000
ASV_1078	0.121287	0.00000000	0.07879119	0.28507075
ASV_118	0.063371	0.0000000	0.1901141	0.0000000
ASV_128	0.169061	0.5071836	0.0000000	0.0000000
ASV_199	0.125713	0.00000000	0.33135109	0.04578755
ASV_262	0.110909	0.00000000	0.06475808	0.26797012
ASV_341	0.087954	0.0000000	0.0000000	0.2638609
ASV_374	0.180827	0.52268664	0.01979414	0.00000000
ASV_437	0.105894	0.00000000	0.26422519	0.05345743
ASV_480	0.095319	0.00000000	0.02949853	0.25645996
ASV_65	0.066207	0.00000000	0.16130891	0.03731348
ASV_813	0.17195	0.507119698	0.008730574	0.000000000
ASV_844	0.092517	0.0000000	0.2775523	0.0000000
ASV_89	0.086573	0.0000000	0.0000000	0.2597203
ASV_955	0.126448	0.0000000	0.2727663	0.1065772
ASV_102	0.229731	0.6891935	0.0000000	0.0000000
ASV_106	0.102009	0.000000000	0.296386194	0.009639483
ASV_111	0.073797	0.000000	0.000000	0.221392
ASV_528	0.089696	0.2690885	0.0000000	0.0000000
ASV_754	0.20966	0.6289789	0.0000000	0.0000000
ASV_91	0.201782	0.0000000	0.6053463	0.0000000
ASV_1030	0.124943	0.0000000	0.1647757	0.2100531
ASV_1068	0.090567	0.0000000	0.0000000	0.2717012
ASV_1205	0.078594	0.0000000	0.0000000	0.2357812
ASV_160	0.090546	0.00000000	0.23875301	0.03288421
ASV_164	0.191716	0.00000000	0.54565760	0.02949114
ASV_165	0.125035	0.0000000	0.2720816	0.1030220
ASV_288	0.086893	0.2606794	0.0000000	0.0000000
ASV_292	0.179398	0.5381944	0.0000000	0.0000000
ASV_387	0.086893	0.2606794	0.0000000	0.0000000
ASV_414	0.089732	0.00000000	0.22340777	0.04578755
ASV_506	0.201219	0.6036581	0.0000000	0.0000000
ASV_129	0.155102	0.4653067	0.0000000	0.0000000
ASV_166	0.164287	0.0000000	0.4928617	0.0000000
ASV_179	0.076448	0.0000000	0.0000000	0.2293453
ASV_184	0.08409	0.2522704	0.0000000	0.0000000
ASV_471	0.074339	0.0000000	0.0000000	0.2230166
ASV_543	0.308701	0.9261019	0.0000000	0.0000000
ASV_564	0.085095	0.00000000	0.19811078	0.05717488
ASV_654	0.109073	0.00000000	0.07879119	0.24842902
ASV_770	0.08409	0.2522704	0.0000000	0.0000000
ASV_1145	0.08109	0.0000000	0.0000000	0.2432712
ASV_116	0.208693	0.6260794	0.0000000	0.0000000
ASV_136	0.067328	0.00000000	0.16909896	0.03288421
ASV_237	0.165909	0.4977281	0.0000000	0.0000000
ASV_264	0.099548	0.0000000	0.0000000	0.2986451
ASV_273	0.082897	0.0000000	0.0000000	0.2486913
ASV_349	0.070223	0.0000000	0.0000000	0.2106695
ASV_527	0.081287	0.2438614	0.0000000	0.0000000
ASV_577	0.077714	0.0000000	0.1010851	0.1320563
ASV_656	0.109679	0.0000000	0.1830234	0.1460125
ASV_660	0.080885	0.0000000	0.0000000	0.2426561
ASV_691	0.078762	0.0000000	0.0000000	0.2362851
ASV_71	0.16241	0.0000000	0.4872312	0.0000000
ASV_79	0.110653	0.0000000	0.0000000	0.3319597
ASV_828	0.254261	0.7627845	0.0000000	0.0000000
ASV_92	0.10262	0.0000000	0.3078614	0.0000000
ASV_100	0.078484	0.2354524	0.0000000	0.0000000
ASV_107	0.081485	0.0000000	0.2444561	0.0000000
ASV_115	0.078484	0.2354524	0.0000000	0.0000000
ASV_123	0.106811	0.00000000	0.03426222	0.28617216
ASV_177	0.064573	0.000000	0.000000	0.193718
ASV_193	0.106999	0.0000000	0.1795328	0.1414643
ASV_214	0.089969	0.0000000	0.0000000	0.2699055
ASV_216	0.072381	0.0000000	0.0000000	0.2171438
ASV_217	0.065192	0.0000000	0.0000000	0.1955761
ASV_230	0.082327	0.2469796	0.0000000	0.0000000
ASV_248	0.082029	0.00000000	0.22319195	0.02289377
ASV_289	0.201497	0.6044905	0.0000000	0.0000000
ASV_314	0.111461	0.00000000	0.31148951	0.02289377
ASV_358	0.077533	0.0000000	0.0000000	0.2325989
ASV_408	0.070089	0.000000000	0.005761032	0.204507402
ASV_429	0.137501	0.0000000	0.2995496	0.1129528
ASV_518	0.078484	0.2354524	0.0000000	0.0000000
ASV_529	0.078484	0.2354524	0.0000000	0.0000000
ASV_746	0.186071	0.5582137	0.0000000	0.0000000
ASV_843	0.088332	0.00000000	0.21920797	0.04578755
ASV_93	0.081485	0.0000000	0.2444561	0.0000000
ASV_1072	0.0819	0.00000000	0.01979414	0.22590612
ASV_109	0.079277	0.0000000	0.0000000	0.2378298
ASV_144	0.08618	0.0000000	0.0000000	0.2585402
ASV_186	0.075681	0.2270434	0.0000000	0.0000000
ASV_195	0.061205	0.0000000	0.1836141	0.0000000
ASV_227	0.179426	0.5382775	0.0000000	0.0000000
ASV_232	0.075681	0.2270434	0.0000000	0.0000000
ASV_241	0.052731	0.000000000	0.149786842	0.008404774
ASV_417	0.06967	0.00000000	0.06913239	0.13987624
ASV_752	0.140517	0.4215499	0.0000000	0.0000000
ASV_819	0.148194	0.436911638	0.000000000	0.007669888
ASV_151	0.241073	0.7232191	0.0000000	0.0000000
ASV_176	0.066471	0.0000000	0.0000000	0.1994139
ASV_194	0.068187	0.0000000	0.2045601	0.0000000
ASV_233	0.081665	0.2449942	0.0000000	0.0000000
ASV_234	0.150463	0.4513889	0.0000000	0.0000000
ASV_275	0.078122	0.0000000	0.0000000	0.2343663
ASV_333	0.082562	0.00000000	0.07183125	0.17585458
ASV_403	0.064729	0.00000000	0.01152206	0.18266530
ASV_736	0.108065	0.3241952	0.0000000	0.0000000
ASV_821	0.150463	0.4513889	0.0000000	0.0000000
ASV_906	0.089748	0.0000000	0.2692436	0.0000000
ASV_986	0.108299	0.0000000	0.3248956	0.0000000
ASV_996	0.138157	0.00000000	0.39642650	0.01804426
ASV_104	0.048009	0.0000000	0.1440258	0.0000000
ASV_1101	0.070609	0.000000000	0.005761032	0.206064730
ASV_152	0.179908	0.5397237	0.0000000	0.0000000
ASV_168	0.091482	0.0000000	0.0000000	0.2744451
ASV_191	0.054769	0.00000000	0.14141237	0.02289377
ASV_203	0.072755	0.0000000	0.2182644	0.0000000
ASV_245	0.101116	0.0000000	0.1935809	0.1097659
ASV_260	0.115325	0.00000000	0.25499084	0.09098274
ASV_266	0.08368	0.0000000	0.0000000	0.2510415
ASV_347	0.057654	0.0000000	0.0000000	0.1729625
ASV_416	0.07943	0.00000000	0.20005585	0.03823355
ASV_439	0.130077	0.0000000	0.3902301	0.0000000
ASV_455	0.168494	0.00000000	0.48439561	0.02108637
ASV_464	0.082361	0.00000000	0.04929267	0.19778926
ASV_503	0.162293	0.4868779	0.0000000	0.0000000
ASV_794	0.171719	0.509396452	0.005761032	0.000000000
ASV_83	0.049917	0.00000000	0.12674271	0.02300966
ASV_88	0.221752	0.00000000	0.61946903	0.04578755
ASV_901	0.094132	0.00000000	0.21371489	0.06868132
ASV_1090	0.077681	0.00000000	0.04678162	0.18626167
ASV_1107	0.076828	0.0000000	0.0000000	0.2304847
ASV_120	0.046088	0.0000000	0.1382648	0.0000000
ASV_157	0.104046	0.00000000	0.26657207	0.04556581
ASV_162	0.101078	0.000000000	0.294829284	0.008404774
ASV_171	0.075036	0.00000000	0.01979414	0.20531237
ASV_204	0.085379	0.0000000	0.1121773	0.1439600
ASV_215	0.055843	0.0000000	0.0000000	0.1675303
ASV_220	0.061359	0.0000000	0.0000000	0.1840773
ASV_267	0.117429	0.0000000	0.1347952	0.2174908
ASV_402	0.056714	0.00000000	0.13158493	0.03855793
ASV_519	0.083693	0.2510781	0.0000000	0.0000000
ASV_544	0.132103	0.3963088	0.0000000	0.0000000
ASV_650	0.068198	0.0000000	0.0000000	0.2045943
ASV_668	0.071811	0.00000000	0.06982575	0.14560610
ASV_672	0.067908	0.0000000	0.0000000	0.2037238
ASV_674	0.064849	0.000000	0.000000	0.194548
ASV_678	0.069999	0.00000000	0.02949853	0.18049942
ASV_724	0.064761	0.0000000	0.0000000	0.1942832
ASV_743	0.132584	0.3977511	0.0000000	0.0000000
ASV_898	0.10031	0.0000000	0.1299806	0.1709498
ASV_1129	0.086773	0.00000000	0.08849558	0.17182471
ASV_150	0.064563	0.0000000	0.0000000	0.1936902
ASV_167	0.06784	0.00000000	0.19207264	0.01144689
ASV_175	0.053042	0.0000000	0.0000000	0.1591255
ASV_182	0.121416	0.3642468	0.0000000	0.0000000
ASV_210	0.067287	0.0000000	0.0000000	0.2018606
ASV_224	0.12289	0.3686702	0.0000000	0.0000000
ASV_350	0.056774	0.0000000	0.0000000	0.1703225
ASV_373	0.149002	0.4470055	0.0000000	0.0000000
ASV_421	0.059268	0.00000000	0.14346309	0.03434066
ASV_449	0.070623	0.0000000	0.1568252	0.0550431
ASV_509	0.11442	0.3432608	0.0000000	0.0000000
ASV_584	0.059858	0.00000000	0.10392647	0.07564832
ASV_594	0.104562	0.00000000	0.23345789	0.08022759
ASV_687	0.072801	0.00000000	0.05899705	0.15940521
ASV_74	0.087759	0.0000000	0.0000000	0.2632784
ASV_782	0.064469	0.1934073	0.0000000	0.0000000
ASV_991	0.132358	0.0000000	0.3970742	0.0000000
ASV_113	0.063061	0.0000000	0.0000000	0.1891818
ASV_119	0.045056	0.000000	0.135167	0.000000
ASV_122	0.083944	0.0000000	0.0000000	0.2518315
ASV_158	0.044143	0.00000000	0.12098168	0.01144689
ASV_170	0.058496	0.0000000	0.0000000	0.1754882
ASV_178	0.056364	0.0000000	0.0000000	0.1690928
ASV_188	0.128173	0.3845195	0.0000000	0.0000000
ASV_192	0.050819	0.00000000	0.10666812	0.04578755
ASV_198	0.080592	0.000000	0.241777	0.000000
ASV_212	0.070724	0.00000000	0.02949853	0.18267380
ASV_343	0.053169	0.000000	0.000000	0.159507
ASV_345	0.071215	0.00000000	0.01121579	0.20242915
ASV_359	0.054994	0.0000000	0.0000000	0.1649806
ASV_377	0.061666	0.1849983	0.0000000	0.0000000
ASV_590	0.142641	0.00000000	0.39662348	0.03129855
ASV_600	0.080895	0.000000000	0.233046411	0.009639483
ASV_608	0.104994	0.00000000	0.29780042	0.01718132
ASV_705	0.057559	0.0000000	0.0000000	0.1726767
ASV_791	0.061666	0.1849983	0.0000000	0.0000000
ASV_803	0.170258	0.5107744	0.0000000	0.0000000
ASV_1055	0.063449	0.0000000	0.0000000	0.1903481
ASV_127	0.053439	0.0000000	0.0000000	0.1603163
ASV_141	0.061723	0.0000000	0.0000000	0.1851705
ASV_197	0.071271	0.00000000	0.04892958	0.16488419
ASV_221	0.050643	0.00000000	0.02304413	0.12888532
ASV_283	0.05936	0.0000000	0.0000000	0.1780813
ASV_293	0.121528	0.3645833	0.0000000	0.0000000
ASV_342	0.058503	0.0000000	0.0000000	0.1755076
ASV_363	0.064056	0.00000000	0.03525956	0.15690973
ASV_368	0.105481	0.3164422	0.0000000	0.0000000
ASV_372	0.139532	0.4185953	0.0000000	0.0000000
ASV_388	0.058863	0.1765893	0.0000000	0.0000000
ASV_398	0.214914	0.6447425	0.0000000	0.0000000
ASV_400	0.304725	0.9141736	0.0000000	0.0000000
ASV_448	0.061114	0.0000000	0.1833421	0.0000000
ASV_497	0.100666	0.3019965	0.0000000	0.0000000
ASV_778	0.058863	0.1765893	0.0000000	0.0000000
ASV_787	0.062705	0.1881165	0.0000000	0.0000000
ASV_815	0.119833	0.3594996	0.0000000	0.0000000
ASV_1028	0.07872	0.0000000	0.1280270	0.1081331
ASV_1080	0.072888	0.0000000	0.1155919	0.1030718
ASV_1124	0.054488	0.0000000	0.0000000	0.1634643
ASV_1190	0.064709	0.00000000	0.02949853	0.16462954
ASV_211	0.053511	0.0000000	0.0000000	0.1605344
ASV_246	0.045803	0.00000000	0.10684618	0.03056366
ASV_254	0.112007	0.0000000	0.3360215	0.0000000
ASV_277	0.049344	0.0000000	0.0000000	0.1480312
ASV_305	0.046241	0.00000000	0.12727687	0.01144689
ASV_366	0.062568	0.00000000	0.02949853	0.15820443
ASV_395	0.109773	0.329318	0.000000	0.000000
ASV_481	0.057116	0.0000000	0.0000000	0.1713468
ASV_501	0.125223	0.3756697	0.0000000	0.0000000
ASV_555	0.044093	0.00000000	0.09793755	0.03434066
ASV_740	0.114464	0.3433928	0.0000000	0.0000000
ASV_748	0.129427	0.36848751	0.01979414	0.00000000
ASV_871	0.061153	0.00000000	0.12308406	0.06037593
ASV_880	0.0502	0.00000000	0.07786296	0.07273640
ASV_902	0.072954	0.0000000	0.2188611	0.0000000
ASV_910	0.071226	0.00000000	0.19066846	0.02300966
ASV_935	0.112007	0.0000000	0.3360215	0.0000000
ASV_952	0.068427	0.00000000	0.19383315	0.01144689
ASV_1020	0.053838	0.0000000	0.0172831	0.1442322
ASV_1052	0.062572	0.00000000	0.08212028	0.10559712
ASV_1069	0.055258	0.0000000	0.0485993	0.1171751
ASV_1091	0.061734	0.00000000	0.06768632	0.11751644
ASV_1100	0.05751	0.0000000	0.0000000	0.1725298
ASV_1111	0.060762	0.0000000	0.0000000	0.1822872
ASV_1186	0.055681	0.00000000	0.03364738	0.13339571
ASV_1198	0.054509	0.0000000	0.0000000	0.1635278
ASV_134	0.039133	0.00000000	0.09217652	0.02522299
ASV_138	0.036487	0.0000000	0.1094596	0.0000000
ASV_223	0.054505	0.000000	0.000000	0.163515
ASV_240	0.060557	0.00000000	0.09009724	0.09157509
ASV_249	0.044183	0.00000000	0.08065445	0.05189376
ASV_281	0.054244	0.0000000	0.0000000	0.1627328
ASV_303	0.044552	0.00000000	0.10077887	0.03287637
ASV_304	0.043136	0.0000000	0.1294083	0.0000000
ASV_313	0.071033	0.0000	0.2131	0.0000
ASV_344	0.06105	0.0000000	0.0000000	0.1831502
ASV_356	0.044437	0.0000000	0.0000000	0.1333096
ASV_367	0.095183	0.2855494	0.0000000	0.0000000
ASV_370	0.163796	0.4913895	0.0000000	0.0000000
ASV_419	0.039347	0.000000000	0.109637667	0.008404774
ASV_476	0.046176	0.0000000	0.0000000	0.1385284
ASV_477	0.045551	0.0000000	0.0000000	0.1366539
ASV_511	0.064784	0.1943528	0.0000000	0.0000000
ASV_525	0.053257	0.1597713	0.0000000	0.0000000
ASV_531	0.060942	0.1828257	0.0000000	0.0000000
ASV_572	0.05054	0.00000000	0.12105734	0.03056366
ASV_578	0.051091	0.00000000	0.12682353	0.02644903
ASV_665	0.058541	0.00000000	0.01979414	0.15582917
ASV_679	0.046383	0.0000000	0.0000000	0.1391476
ASV_680	0.050406	0.00000000	0.01746115	0.13375815
ASV_689	0.046795	0.0000000	0.0000000	0.1403865
ASV_694	0.051637	0.0000000	0.0000000	0.1549104
ASV_773	0.060933	0.1827981	0.0000000	0.0000000
ASV_888	0.051033	0.0000000	0.1530977	0.0000000
ASV_912	0.074263	0.00000000	0.13750759	0.08528245
ASV_924	0.077552	0.000000000	0.223016914	0.009639483
ASV_988	0.099054	0.00000000	0.23992801	0.05723443
ASV_1229	0.058326	0.00000000	0.02949853	0.14547945
ASV_135	0.034566	0.0000000	0.1036986	0.0000000
ASV_180	0.050429	0.0000000	0.0000000	0.1512859
ASV_183	0.050454	0.1513623	0.0000000	0.0000000
ASV_190	0.039491	0.00000000	0.06913239	0.04933931
ASV_196	0.046277	0.0000000	0.1388299	0.0000000
ASV_229	0.050454	0.1513623	0.0000000	0.0000000
ASV_231	0.050454	0.1513623	0.0000000	0.0000000
ASV_271	0.066062	0.0000000	0.0462996	0.1518875
ASV_274	0.057425	0.000000	0.000000	0.172276
ASV_294	0.104167	0.3125	0.0000	0.0000
ASV_308	0.052869	0.00000000	0.12341433	0.03519144
ASV_325	0.052897	0.00000000	0.12702043	0.03167032
ASV_348	0.041511	0.000000	0.000000	0.124533
ASV_369	0.106544	0.3196313	0.0000000	0.0000000
ASV_494	0.050429	0.0000000	0.0000000	0.1512859
ASV_512	0.119617	0.3588517	0.0000000	0.0000000
ASV_569	0.06993	0.00000000	0.19834228	0.01144689
ASV_688	0.041511	0.000000	0.000000	0.124533
ASV_719	0.049478	0.0000000	0.0000000	0.1484336
ASV_722	0.051625	0.0000000	0.0000000	0.1548752
ASV_750	0.095521	0.286562	0.000000	0.000000
ASV_798	0.050454	0.1513623	0.0000000	0.0000000
ASV_820	0.099727	0.2991796	0.0000000	0.0000000
ASV_866	0.049828	0.00000000	0.11514226	0.03434066
ASV_874	0.051165	0.00000000	0.10095923	0.05253495
ASV_899	0.080812	0.00000000	0.23098921	0.01144689
ASV_969	0.066387	0.0000000	0.1991603	0.0000000
ASV_1018	0.079515	0.0000000	0.1533051	0.0852393
ASV_1092	0.054203	0.00000000	0.02801687	0.13459189
ASV_1096	0.059392	0.00000000	0.02949853	0.14867822
ASV_1155	0.044916	0.0000000	0.0000000	0.1347479
ASV_1181	0.042574	0.0000000	0.0000000	0.1277213
ASV_1193	0.048783	0.0000000	0.0000000	0.1463502
ASV_1210	0.049402	0.0000000	0.0000000	0.1482054
ASV_1233	0.049739	0.000000000	0.008730574	0.140487737
ASV_255	0.05113	0.0000000	0.1533902	0.0000000
ASV_256	0.061841	0.00000000	0.07105489	0.11446886
ASV_318	0.06371	0.00000000	0.16823688	0.02289377
ASV_352	0.039455	0.0000000	0.0000000	0.1183659
ASV_380	0.047651	0.1429532	0.0000000	0.0000000
ASV_385	0.062571	0.1877137	0.0000000	0.0000000
ASV_404	0.044784	0.00000000	0.12290418	0.01144689
ASV_424	0.069791	0.000000000	0.199732957	0.009639483
ASV_457	0.053752	0.00000000	0.05769114	0.10356522
ASV_493	0.047627	0.0000000	0.0000000	0.1428812
ASV_541	0.095396	0.2861868	0.0000000	0.0000000
ASV_571	0.039514	0.00000000	0.09745553	0.02108637
ASV_573	0.038616	0.000000000	0.106209627	0.009639483
ASV_601	0.088452	0.00000000	0.21478738	0.05056777
ASV_624	0.053846	0.00000000	0.12719848	0.03434066
ASV_636	0.062513	0.00000000	0.05899705	0.12854103
ASV_690	0.04848	0.00000000	0.01121579	0.13422482
ASV_700	0.046458	0.0000000	0.0000000	0.1393731
ASV_713	0.046712	0.00000000	0.01121579	0.12891956
ASV_747	0.112972	0.3389155	0.0000000	0.0000000
ASV_760	0.070907	0.2127217	0.0000000	0.0000000
ASV_763	0.047651	0.1429532	0.0000000	0.0000000
ASV_768	0.047651	0.1429532	0.0000000	0.0000000
ASV_771	0.047651	0.1429532	0.0000000	0.0000000
ASV_849	0.045928	0.00000000	0.10344214	0.03434066
ASV_857	0.045484	0.00000000	0.05154302	0.08490843
ASV_862	0.045339	0.00000000	0.11312252	0.02289377
ASV_869	0.048313	0.00000000	0.02849889	0.11644066
ASV_958	0.069193	0.00000000	0.19613306	0.01144689
ASV_971	0.058064	0.00000000	0.07494555	0.09924498
ASV_999	0.078972	0.00000000	0.19655043	0.04036534
ASV_1070	0.04648	0.0000000	0.0000000	0.1394412
ASV_1117	0.044199	0.000000	0.000000	0.132596
ASV_1187	0.04606	0.0000000	0.0000000	0.1381805
ASV_1232	0.047719	0.00000000	0.03364738	0.10951032
ASV_181	0.044825	0.0000000	0.0000000	0.1344764
ASV_201	0.089606	0.0000000	0.2688172	0.0000000
ASV_261	0.129584	0.00000000	0.37144345	0.01730937
ASV_300	0.035506	0.00000000	0.08362400	0.02289377
ASV_306	0.030726	0.00000000	0.09217652	0.00000000
ASV_309	0.065636	0.0000000	0.1330766	0.0638318
ASV_334	0.071521	0.0000000	0.1115397	0.1030220
ASV_351	0.040999	0.01736111	0.00000000	0.10563555
ASV_407	0.034439	0.00000000	0.09187025	0.01144689
ASV_446	0.046563	0.0000000	0.1396892	0.0000000
ASV_450	0.086082	0.00000000	0.22343551	0.03481182
ASV_502	0.07943	0.2382889	0.0000000	0.0000000
ASV_513	0.044848	0.1345442	0.0000000	0.0000000
ASV_565	0.030726	0.00000000	0.09217652	0.00000000
ASV_588	0.060718	0.0000000	0.1821543	0.0000000
ASV_627	0.046563	0.0000000	0.1396892	0.0000000
ASV_667	0.046767	0.0000000	0.0000000	0.1403004
ASV_670	0.055546	0.00000000	0.08309227	0.08354461
ASV_685	0.041562	0.0000000	0.0000000	0.1246847
ASV_731	0.093124	0.2793714	0.0000000	0.0000000
ASV_737	0.073039	0.2191179	0.0000000	0.0000000
ASV_769	0.044848	0.1345442	0.0000000	0.0000000
ASV_812	0.092593	0.2777778	0.0000000	0.0000000
ASV_838	0.043697	0.00000000	0.10160046	0.02949114
ASV_848	0.040201	0.00000000	0.09271067	0.02789332
ASV_870	0.060418	0.000000000	0.173583679	0.007669888
ASV_885	0.054238	0.0000000	0.1194803	0.0432331
ASV_1040	0.053427	0.00000000	0.03740752	0.12287364
ASV_1065	0.04746	0.00000000	0.05830369	0.08407723
ASV_1118	0.034593	0.0000000	0.0000000	0.1037775
ASV_1165	0.041701	0.0000000	0.0000000	0.1251017
ASV_149	0.041528	0.0000000	0.0000000	0.1245853
ASV_154	0.033432	0.0000000	0.1002945	0.0000000
ASV_311	0.091595	0.000000	0.274785	0.000000
ASV_364	0.042024	0.0000000	0.0000000	0.1260716
ASV_384	0.042045	0.1261352	0.0000000	0.0000000
ASV_411	0.061817	0.00000000	0.11177103	0.07368087
ASV_430	0.098971	0.0000000	0.2969121	0.0000000
ASV_472	0.034593	0.0000000	0.0000000	0.1037775
ASV_484	0.039087	0.0000000	0.0000000	0.1172616
ASV_500	0.081125	0.2433757	0.0000000	0.0000000
ASV_507	0.090688	0.2720653	0.0000000	0.0000000
ASV_520	0.042045	0.1261352	0.0000000	0.0000000
ASV_540	0.090239	0.270717	0.000000	0.000000
ASV_563	0.039371	0.00000000	0.08367383	0.03444005
ASV_575	0.047321	0.00000000	0.13051618	0.01144689
ASV_599	0.057359	0.00000000	0.16062900	0.01144689
ASV_614	0.069285	0.000000	0.207856	0.000000
ASV_664	0.041205	0.0000000	0.0000000	0.1236162
ASV_677	0.056245	0.00000000	0.05899705	0.10973877
ASV_735	0.077232	0.231696	0.000000	0.000000
ASV_757	0.093672	0.2810174	0.0000000	0.0000000
ASV_797	0.042045	0.1261352	0.0000000	0.0000000
ASV_833	0.254842	0.764526	0.000000	0.000000
ASV_875	0.051775	0.0000000	0.1553265	0.0000000
ASV_884	0.055531	0.0000000	0.1665922	0.0000000
ASV_925	0.055938	0.00000000	0.12687566	0.04093803
ASV_929	0.056686	0.00000000	0.09552744	0.07453165
ASV_939	0.045464	0.00000000	0.11349747	0.02289377
ASV_962	0.036454	0.000000000	0.100956923	0.008404774
ASV_1218	0.039222	0.0000000	0.0000000	0.1176668
ASV_206	0.053419	0.0000000	0.0000000	0.1602564
ASV_213	0.044984	0.0000000	0.0000000	0.1349528
ASV_250	0.088685	0.0000000	0.2660544	0.0000000
ASV_252	0.049394	0.00000000	0.12528700	0.02289377
ASV_287	0.093036	0.2791069	0.0000000	0.0000000
ASV_290	0.100748	0.3022453	0.0000000	0.0000000
ASV_297	0.026885	0.00000000	0.08065445	0.00000000
ASV_381	0.039242	0.1177262	0.0000000	0.0000000
ASV_436	0.05234	0.0000000	0.1570211	0.0000000
ASV_459	0.047733	0.0000000	0.0172831	0.1259158
ASV_488	0.037491	0.0000000	0.0000000	0.1124731
ASV_532	0.039242	0.1177262	0.0000000	0.0000000
ASV_545	0.170638	0.5119139	0.0000000	0.0000000
ASV_557	0.026885	0.00000000	0.08065445	0.00000000
ASV_561	0.035787	0.0000000	0.1073615	0.0000000
ASV_582	0.049743	0.00000000	0.13778288	0.01144689
ASV_606	0.05234	0.0000000	0.1570211	0.0000000
ASV_626	0.042091	0.00000000	0.08730574	0.03896843
ASV_671	0.042883	0.0000000	0.0000000	0.1286479
ASV_681	0.032286	0.000000	0.000000	0.096859
ASV_696	0.036531	0.0000000	0.0000000	0.1095918
ASV_697	0.038533	0.00000000	0.01121579	0.10438262
ASV_704	0.035793	0.0000000	0.0000000	0.1073784
ASV_712	0.039305	0.0000000	0.0000000	0.1179151
ASV_714	0.040006	0.0000000	0.0000000	0.1200169
ASV_775	0.059414	0.1782417	0.0000000	0.0000000
ASV_835	0.038898	0.000000000	0.107055215	0.009639483
ASV_845	0.040045	0.00000000	0.09601748	0.02411633
ASV_855	0.035312	0.00000000	0.02880516	0.07713089
ASV_864	0.059621	0.00000000	0.12162764	0.05723443
ASV_892	0.069589	0.000000000	0.201097304	0.007669888
ASV_932	0.041833	0.00000000	0.10260632	0.02289377
ASV_961	0.045198	0.00000000	0.08369965	0.05189376
ASV_1012	0.035472	0.0000000	0.0000000	0.1064172
ASV_1049	0.045981	0.0000000	0.0349223	0.1030220
ASV_1074	0.041771	0.0000000	0.0000000	0.1253133
ASV_1104	0.037891	0.00000000	0.02832314	0.08534871
ASV_1106	0.039758	0.0000000	0.0000000	0.1192727
ASV_1136	0.036018	0.000000	0.000000	0.108054
ASV_1175	0.033605	0.0000000	0.0000000	0.1008152
ASV_1228	0.036669	0.0000000	0.0000000	0.1100056
ASV_155	0.04536	0.00000000	0.11927064	0.01680955
ASV_156	0.024964	0.00000000	0.07489342	0.00000000
ASV_163	0.081733	0.000000000	0.237529691	0.007669888
ASV_242	0.032553	0.00000000	0.07476520	0.02289377
ASV_258	0.037832	0.0000000	0.1134975	0.0000000
ASV_301	0.035853	0.0000000	0.1075584	0.0000000
ASV_312	0.085775	0.0000000	0.2573238	0.0000000
ASV_327	0.038661	0.0000000	0.1159827	0.0000000
ASV_332	0.05629	0.00000000	0.08849558	0.08037331
ASV_338	0.051388	0.00000000	0.01680108	0.13736264
ASV_354	0.032126	0.00000000	0.00000000	0.09637758
ASV_361	0.032349	0.000000000	0.005761032	0.091287268
ASV_362	0.035114	0.00000000	0.01449161	0.09085025
ASV_420	0.030055	0.000000000	0.080526232	0.009639483
ASV_423	0.041111	0.00000000	0.09836931	0.02496276
ASV_428	0.076805	0.0000000	0.2234966	0.0069185
ASV_451	0.037832	0.0000000	0.1134975	0.0000000
ASV_468	0.02998	0.0000000	0.0000000	0.0899405
ASV_482	0.033879	0.00000000	0.01152206	0.09011536
ASV_485	0.033141	0.00000000	0.00000000	0.09942398
ASV_586	0.050196	0.00000000	0.12769494	0.02289377
ASV_653	0.04391	0.00000000	0.01121579	0.12051553
ASV_676	0.039305	0.0000000	0.0000000	0.1179137
ASV_684	0.032566	0.000000000	0.005761032	0.091936339
ASV_699	0.036106	0.0000000	0.0000000	0.1083181
ASV_701	0.042874	0.01736111	0.01680108	0.09446047
ASV_766	0.043476	0.1304293	0.0000000	0.0000000
ASV_776	0.036439	0.1093172	0.0000000	0.0000000
ASV_818	0.067138	0.2014132	0.0000000	0.0000000
ASV_945	0.040414	0.000000000	0.112837394	0.008404774
ASV_985	0.095025	0.00000000	0.26217992	0.02289377
ASV_1064	0.040506	0.00000000	0.01979414	0.10172423
ASV_1176	0.033786	0.0000000	0.0000000	0.1013571
ASV_1212	0.031271	0.00000000	0.00000000	0.09381419
ASV_1222	0.032377	0.00000000	0.00000000	0.09713005
ASV_218	0.031048	0.00000000	0.00000000	0.09314532
ASV_238	0.033891	0.00000000	0.02898321	0.07269010
ASV_268	0.045788	0.0000000	0.0000000	0.1373626
ASV_269	0.045788	0.0000000	0.0000000	0.1373626
ASV_278	0.030395	0.00000000	0.00000000	0.09118495
ASV_285	0.061786	0.1853568	0.0000000	0.0000000
ASV_291	0.069665	0.2089937	0.0000000	0.0000000
ASV_307	0.029973	0.00000000	0.08991918	0.00000000
ASV_316	0.041766	0.00000000	0.04516944	0.08012821
ASV_320	0.063481	0.0000000	0.1904423	0.0000000
ASV_326	0.034922	0.0000000	0.1047669	0.0000000
ASV_339	0.045788	0.0000000	0.0000000	0.1373626
ASV_365	0.033619	0.0000000	0.0000000	0.1008573
ASV_378	0.033636	0.1009082	0.0000000	0.0000000
ASV_379	0.033636	0.1009082	0.0000000	0.0000000
ASV_386	0.049635	0.1489041	0.0000000	0.0000000
ASV_389	0.086356	0.2590674	0.0000000	0.0000000
ASV_391	0.086356	0.2590674	0.0000000	0.0000000
ASV_399	0.133912	0.4017368	0.0000000	0.0000000
ASV_418	0.033592	0.00000000	0.07969041	0.02108637
ASV_432	0.06003	0.00000000	0.16475071	0.01533978
ASV_434	0.044863	0.0000000	0.1345895	0.0000000
ASV_486	0.031455	0.00000000	0.00000000	0.09436352
ASV_490	0.033619	0.0000000	0.0000000	0.1008573
ASV_516	0.046003	0.1380098	0.0000000	0.0000000
ASV_524	0.033636	0.1009082	0.0000000	0.0000000
ASV_542	0.070303	0.2109084	0.0000000	0.0000000
ASV_546	0.067319	0.2019563	0.0000000	0.0000000
ASV_581	0.028499	0.00000000	0.08549667	0.00000000
ASV_583	0.034295	0.00000000	0.09143757	0.01144689
ASV_615	0.047046	0.00000000	0.10679877	0.03434066
ASV_622	0.062613	0.0000000	0.1878387	0.0000000
ASV_625	0.037215	0.00000000	0.09179185	0.01985166
ASV_633	0.083848	0.00000000	0.22098128	0.03056366
ASV_639	0.074559	0.00000000	0.18275218	0.04092587
ASV_647	0.036522	0.0000000	0.0000000	0.1095666
ASV_662	0.035106	0.0000000	0.0000000	0.1053186
ASV_686	0.027674	0.000000	0.000000	0.083022
ASV_703	0.042366	0.00000000	0.04929267	0.07780554
ASV_715	0.033619	0.0000000	0.0000000	0.1008573
ASV_727	0.032918	0.00000000	0.02273786	0.07601474
ASV_742	0.061786	0.1853568	0.0000000	0.0000000
ASV_745	0.043667	0.1309999	0.0000000	0.0000000
ASV_753	0.079745	0.2392344	0.0000000	0.0000000
ASV_806	0.08207	0.237478411	0.008730574	0.000000000
ASV_807	0.046816	0.140448	0.000000	0.000000
ASV_867	0.026232	0.00000000	0.05761032	0.02108637
ASV_868	0.030218	0.00000000	0.03425992	0.05639370
ASV_915	0.044863	0.0000000	0.1345895	0.0000000
ASV_917	0.049755	0.00000000	0.05769114	0.09157509
ASV_940	0.035528	0.00000000	0.08730574	0.01927897
ASV_941	0.039295	0.00000000	0.08354560	0.03434066
ASV_950	0.034922	0.0000000	0.1047669	0.0000000
ASV_970	0.043915	0.01544640	0.09340404	0.02289377
ASV_998	0.039949	0.00000000	0.02949853	0.09034826
ASV_1015	0.034728	0.00000000	0.06984460	0.03434066
ASV_1026	0.034889	0.0000000	0.0000000	0.1046683
ASV_1027	0.041972	0.0000000	0.0000000	0.1259158
ASV_1084	0.034769	0.0000000	0.0000000	0.1043084
ASV_1095	0.041964	0.00000000	0.02949853	0.09639483
ASV_1099	0.036865	0.0000000	0.0000000	0.1105936
ASV_1109	0.035345	0.0000000	0.0000000	0.1060343
ASV_1116	0.025368	0.0000000	0.0000000	0.0761035
ASV_1119	0.029615	0.00000000	0.00000000	0.08884548
ASV_1127	0.026275	0.00000000	0.00000000	0.07882448
ASV_1128	0.02767	0.00000000	0.01121579	0.07179444
ASV_1162	0.035399	0.00000000	0.02949853	0.07669888
ASV_1167	0.028123	0.00000000	0.00000000	0.08436877
ASV_1171	0.027896	0.00000000	0.00000000	0.08368808
ASV_1178	0.03277	0.00000000	0.00000000	0.09831034
ASV_1185	0.030201	0.00000000	0.00000000	0.09060313
ASV_1191	0.034846	0.00000000	0.02852472	0.07601474
ASV_1213	0.029331	0.00000000	0.00000000	0.08799369
ASV_1217	0.031229	0.00000000	0.00000000	0.09368722
ASV_239	0.021124	0.00000000	0.06337136	0.00000000
ASV_244	0.023019	0.00000000	0.05761032	0.01144689
ASV_257	0.032012	0.00000000	0.09603632	0.00000000
ASV_270	0.041972	0.0000000	0.0000000	0.1259158
ASV_284	0.056637	0.1699104	0.0000000	0.0000000
ASV_295	0.186884	0.5606524	0.0000000	0.0000000
ASV_319	0.063146	0.0000000	0.1894388	0.0000000
ASV_323	0.032012	0.00000000	0.09603632	0.00000000
ASV_328	0.032012	0.00000000	0.09603632	0.00000000
ASV_346	0.035345	0.0000000	0.0000000	0.1060343
ASV_360	0.028529	0.00000000	0.00000000	0.08558698
ASV_390	0.079159	0.2374784	0.0000000	0.0000000
ASV_397	0.063657	0.1909722	0.0000000	0.0000000
ASV_405	0.024009	0.00000000	0.06057987	0.01144689
ASV_415	0.035844	0.0000000	0.1075315	0.0000000
ASV_461	0.035684	0.00000000	0.01728310	0.08976769
ASV_467	0.026275	0.00000000	0.00000000	0.07882448
ASV_487	0.028123	0.00000000	0.00000000	0.08436877
ASV_549	0.063657	0.1909722	0.0000000	0.0000000
ASV_567	0.026579	0.00000000	0.07973563	0.00000000
ASV_568	0.039379	0.00000000	0.04102059	0.07711587
ASV_570	0.023019	0.00000000	0.05761032	0.01144689
ASV_604	0.041125	0.0000000	0.1233737	0.0000000
ASV_609	0.053533	0.0000000	0.1606003	0.0000000
ASV_620	0.05723	0.00000000	0.12590309	0.04578755
ASV_651	0.057974	0.00000000	0.11668819	0.05723443
ASV_661	0.032181	0.00000000	0.00000000	0.09654204
ASV_673	0.035345	0.0000000	0.0000000	0.1060343
ASV_695	0.029267	0.0000000	0.0000000	0.0878003
ASV_716	0.030818	0.00000000	0.00000000	0.09245251
ASV_725	0.030348	0.000000000	0.005761032	0.085282449
ASV_749	0.072241	0.2167232	0.0000000	0.0000000
ASV_779	0.052391	0.1571725	0.0000000	0.0000000
ASV_784	0.053185	0.1595556	0.0000000	0.0000000
ASV_793	0.058832	0.176495	0.000000	0.000000
ASV_795	0.043628	0.1308826	0.0000000	0.0000000
ASV_799	0.030833	0.09249916	0.00000000	0.00000000
ASV_805	0.075064	0.2251933	0.0000000	0.0000000
ASV_817	0.063657	0.1909722	0.0000000	0.0000000
ASV_824	0.063657	0.1909722	0.0000000	0.0000000
ASV_825	0.048737	0.1462117	0.0000000	0.0000000
ASV_882	0.021124	0.00000000	0.06337136	0.00000000
ASV_894	0.070079	0.0000000	0.2033171	0.0069185
ASV_920	0.05052	0.0000000	0.1515612	0.0000000
ASV_923	0.048897	0.00000000	0.13524442	0.01144689
ASV_1034	0.028396	0.00000000	0.00000000	0.08518652
ASV_1046	0.042896	0.00000000	0.06378427	0.06490432
ASV_1085	0.026734	0.00000000	0.00000000	0.08020111
ASV_1098	0.042812	0.00000000	0.07059821	0.05783690
ASV_1110	0.041085	0.00000000	0.08173491	0.04152074
ASV_1123	0.023681	0.00000000	0.00000000	0.07104305
ASV_1135	0.024179	0.000000000	0.005761032	0.066774828
ASV_1143	0.033649	0.00000000	0.03958828	0.06135910
ASV_1158	0.026051	0.00000000	0.00000000	0.07815215
ASV_1184	0.02752	0.00000000	0.00000000	0.08256147
ASV_1221	0.026457	0.00000000	0.00000000	0.07937036
ASV_1226	0.027633	0.00000000	0.01121579	0.07168397
ASV_253	0.037386	0.0000000	0.1121579	0.0000000
ASV_302	0.067668	0.0000000	0.2030048	0.0000000
ASV_317	0.037386	0.0000000	0.1121579	0.0000000
ASV_321	0.056004	0.0000000	0.1680108	0.0000000
ASV_329	0.045664	0.00000000	0.10264992	0.03434066
ASV_382	0.02803	0.08409014	0.00000000	0.00000000
ASV_422	0.019203	0.00000000	0.05761032	0.00000000
ASV_431	0.06598	0.0000000	0.1979414	0.0000000
ASV_435	0.037386	0.0000000	0.1121579	0.0000000
ASV_442	0.029102	0.00000000	0.08730574	0.00000000
ASV_444	0.074326	0.000000	0.222977	0.000000
ASV_458	0.030731	0.000000000	0.005761032	0.086430966
ASV_474	0.023681	0.00000000	0.00000000	0.07104305
ASV_475	0.02653	0.00000000	0.00000000	0.07958892
ASV_491	0.028183	0.00000000	0.00000000	0.08454756
ASV_514	0.02803	0.08409014	0.00000000	0.00000000
ASV_521	0.02803	0.08409014	0.00000000	0.00000000
ASV_522	0.02803	0.08409014	0.00000000	0.00000000
ASV_547	0.05787	0.1736111	0.0000000	0.0000000
ASV_566	0.030752	0.00000000	0.09225734	0.00000000
ASV_574	0.027116	0.00000000	0.08134782	0.00000000
ASV_587	0.021099	0.00000000	0.05184929	0.01144689
ASV_596	0.037386	0.0000000	0.1121579	0.0000000
ASV_619	0.070638	0.0000000	0.2119134	0.0000000
ASV_642	0.034839	0.0000000	0.0000000	0.1045183
ASV_663	0.025052	0.00000000	0.00000000	0.07515526
ASV_683	0.023062	0.000000	0.000000	0.069185
ASV_693	0.026304	0.0000000	0.0000000	0.0789122
ASV_702	0.026223	0.00000000	0.00000000	0.07866848
ASV_709	0.027771	0.00000000	0.00000000	0.08331285
ASV_733	0.051488	0.154464	0.000000	0.000000
ASV_761	0.02803	0.08409014	0.00000000	0.00000000
ASV_777	0.02803	0.08409014	0.00000000	0.00000000
ASV_785	0.02803	0.08409014	0.00000000	0.00000000
ASV_789	0.02803	0.08409014	0.00000000	0.00000000
ASV_792	0.02803	0.08409014	0.00000000	0.00000000
ASV_811	0.049138	0.1474152	0.0000000	0.0000000
ASV_814	0.05787	0.1736111	0.0000000	0.0000000
ASV_816	0.058729	0.1761862	0.0000000	0.0000000
ASV_846	0.028764	0.00000000	0.04050528	0.04578755
ASV_887	0.023163	0.00000000	0.06948849	0.00000000
ASV_913	0.028449	0.00000000	0.06245254	0.02289377
ASV_984	0.098328	0.0000000	0.2949853	0.0000000
ASV_1038	0.034341	0.000000	0.000000	0.103022
ASV_1066	0.032781	0.00000000	0.02949853	0.06884550
ASV_1094	0.028918	0.00000000	0.00000000	0.08675535
ASV_1125	0.021757	0.00000000	0.00000000	0.06527205
ASV_1130	0.020756	0.0000000	0.0000000	0.0622665
ASV_1134	0.020756	0.0000000	0.0000000	0.0622665
ASV_1137	0.022267	0.000000000	0.008730574	0.058068984
ASV_1139	0.020756	0.0000000	0.0000000	0.0622665
ASV_1149	0.023653	0.00000000	0.01152206	0.05943581
ASV_1156	0.025671	0.00000000	0.00000000	0.07701439
ASV_1159	0.02301	0.00000000	0.00000000	0.06902899
ASV_1170	0.024404	0.00000000	0.00000000	0.07321191
ASV_1195	0.02513	0.0000000	0.0000000	0.0753914
ASV_1202	0.025626	0.00000000	0.00000000	0.07687767
ASV_1225	0.023489	0.00000000	0.00000000	0.07046576
ASV_205	0.088496	0.0000000	0.2654867	0.0000000
ASV_251	0.059382	0.0000000	0.1781473	0.0000000
ASV_296	0.152905	0.4587156	0.0000000	0.0000000
ASV_335	0.052392	0.00000000	0.08849558	0.06868132
ASV_376	0.025227	0.07568113	0.00000000	0.00000000
ASV_425	0.059382	0.0000000	0.1781473	0.0000000
ASV_460	0.052392	0.00000000	0.08849558	0.06868132
ASV_466	0.02633	0.00000000	0.00000000	0.07898894
ASV_483	0.02301	0.00000000	0.00000000	0.06902899
ASV_510	0.052533	0.1575983	0.0000000	0.0000000
ASV_523	0.025227	0.07568113	0.00000000	0.00000000
ASV_535	0.063358	0.1900727	0.0000000	0.0000000
ASV_538	0.052083	0.15625	0.00000	0.00000
ASV_556	0.03516	0.05096840	0.05451256	0.00000000
ASV_558	0.022071	0.00000000	0.06621268	0.00000000
ASV_562	0.017283	0.00000000	0.05184929	0.00000000
ASV_605	0.033647	0.0000000	0.1009421	0.0000000
ASV_610	0.050403	0.0000000	0.1512097	0.0000000
ASV_692	0.02301	0.00000000	0.00000000	0.06902899
ASV_708	0.02301	0.00000000	0.00000000	0.06902899
ASV_711	0.025047	0.00000000	0.00000000	0.07513984
ASV_723	0.034531	0.00000000	0.05193011	0.05166335
ASV_759	0.025227	0.07568113	0.00000000	0.00000000
ASV_762	0.038705	0.1161158	0.0000000	0.0000000
ASV_764	0.025227	0.07568113	0.00000000	0.00000000
ASV_772	0.025227	0.07568113	0.00000000	0.00000000
ASV_781	0.039414	0.1182405	0.0000000	0.0000000
ASV_837	0.025066	0.00000000	0.02256211	0.05263676
ASV_890	0.036446	0.00000000	0.09789197	0.01144689
ASV_936	0.031845	0.00000000	0.07641690	0.01911677
ASV_943	0.037105	0.000000000	0.101676113	0.009639483
ASV_956	0.02504	0.0000000	0.0751213	0.0000000
ASV_966	0.030719	0.00000000	0.03492230	0.05723443
ASV_973	0.040943	0.0000000	0.1228294	0.0000000
ASV_974	0.027097	0.00000000	0.06984460	0.01144689
ASV_990	0.075556	0.00000000	0.21522025	0.01144689
ASV_1002	0.078663	0.0000000	0.2359882	0.0000000
ASV_1022	0.023265	0.00000000	0.00000000	0.06979368
ASV_1039	0.024284	0.00000000	0.00000000	0.07285229
ASV_1043	0.0251	0.00000000	0.00000000	0.07530068
ASV_1071	0.024501	0.00000000	0.00000000	0.07350194
ASV_1089	0.025705	0.00000000	0.00000000	0.07711587
ASV_1103	0.022697	0.00000000	0.00000000	0.06808998
ASV_1113	0.018449	0.000000	0.000000	0.055348
ASV_1126	0.02117	0.00000000	0.00000000	0.06351095
ASV_1132	0.018449	0.000000	0.000000	0.055348
ASV_1133	0.02179	0.000000	0.000000	0.065369
ASV_1180	0.022138	0.000000000	0.005761032	0.060654017
ASV_1192	0.021422	0.00000000	0.00000000	0.06426564
ASV_1211	0.022413	0.00000000	0.00000000	0.06723819
ASV_259	0.023282	0.0000000	0.0698446	0.0000000
ASV_299	0.026734	0.00000000	0.01152206	0.06868132
ASV_310	0.052784	0.0000000	0.1583531	0.0000000
ASV_322	0.042416	0.000000000	0.117607527	0.009639483
ASV_330	0.022678	0.00000000	0.06111402	0.00691850
ASV_393	0.057571	0.1727116	0.0000000	0.0000000
ASV_410	0.020312	0.00000000	0.06093597	0.00000000
ASV_427	0.052784	0.0000000	0.1583531	0.0000000
ASV_433	0.028972	0.000000000	0.078510543	0.008404774
ASV_445	0.023282	0.0000000	0.0698446	0.0000000
ASV_454	0.07443	0.0000000	0.2232908	0.0000000
ASV_465	0.023373	0.00000000	0.01746115	0.05265929
ASV_470	0.020803	0.00000000	0.00000000	0.06240842
ASV_504	0.053163	0.1594896	0.0000000	0.0000000
ASV_553	0.135916	0.4077472	0.0000000	0.0000000
ASV_576	0.019161	0.0000000	0.0574821	0.0000000
ASV_585	0.034978	0.00000000	0.08204118	0.02289377
ASV_607	0.038433	0.0000000	0.1152981	0.0000000
ASV_612	0.044803	0.0000000	0.1344086	0.0000000
ASV_641	0.028361	0.000000000	0.008730574	0.076351207
ASV_644	0.02249	0.000000000	0.005761032	0.061710032
ASV_648	0.029635	0.00000000	0.00000000	0.08890475
ASV_698	0.020453	0.0000000	0.0000000	0.0613591
ASV_721	0.023484	0.00000000	0.00000000	0.07045116
ASV_729	0.038845	0.1165338	0.0000000	0.0000000
ASV_732	0.04119	0.1235712	0.0000000	0.0000000
ASV_741	0.038845	0.1165338	0.0000000	0.0000000
ASV_755	0.036935	0.1108058	0.0000000	0.0000000
ASV_765	0.028392	0.08517631	0.00000000	0.00000000
ASV_767	0.029461	0.08838428	0.00000000	0.00000000
ASV_801	0.05113	0.1533891	0.0000000	0.0000000
ASV_808	0.057571	0.1727116	0.0000000	0.0000000
ASV_840	0.015363	0.00000000	0.04608826	0.00000000
ASV_841	0.015363	0.00000000	0.04608826	0.00000000
ASV_842	0.016353	0.0000000	0.0490578	0.0000000
ASV_865	0.020818	0.00000000	0.06245254	0.00000000
ASV_872	0.015363	0.00000000	0.04608826	0.00000000
ASV_897	0.034422	0.00000000	0.05938242	0.04388275
ASV_916	0.029909	0.00000000	0.08972633	0.00000000
ASV_918	0.027114	0.000000000	0.073670632	0.007669888
ASV_921	0.046544	0.000000000	0.131962384	0.007669888
ASV_968	0.023282	0.0000000	0.0698446	0.0000000
ASV_976	0.023282	0.0000000	0.0698446	0.0000000
ASV_981	0.04145	0.00000000	0.10449859	0.01985166
ASV_1003	0.048967	0.00000000	0.13545525	0.01144689
ASV_1005	0.024191	0.00000000	0.00000000	0.07257421
ASV_1009	0.026632	0.00000000	0.01121579	0.06868132
ASV_1010	0.022919	0.00000000	0.01152206	0.05723443
ASV_1024	0.026709	0.00000000	0.00000000	0.08012821
ASV_1057	0.021054	0.00000000	0.00000000	0.06316171
ASV_1058	0.021054	0.00000000	0.00000000	0.06316171
ASV_1060	0.021292	0.00000000	0.01121579	0.05265929
ASV_1075	0.033203	0.00000000	0.06772762	0.03188126
ASV_1079	0.020875	0.00000000	0.00000000	0.06262361
ASV_1121	0.023587	0.00000000	0.04547802	0.02528389
ASV_1122	0.016143	0.0000000	0.0000000	0.0484295
ASV_1138	0.020435	0.00000000	0.01979414	0.04151100
ASV_1142	0.018297	0.00000000	0.00000000	0.05489092
ASV_1154	0.017896	0.00000000	0.00000000	0.05368922
ASV_1164	0.017896	0.00000000	0.00000000	0.05368922
ASV_1201	0.019611	0.00000000	0.00000000	0.05883342
ASV_1220	0.01923	0.000000000	0.008730574	0.048958872
ASV_1223	0.019611	0.00000000	0.00000000	0.05883342
ASV_1227	0.019121	0.00000000	0.00000000	0.05736365
ASV_265	0.026632	0.00000000	0.01121579	0.06868132
ASV_331	0.050778	0.00000000	0.11799410	0.03434066
ASV_336	0.0252	0.00000000	0.00000000	0.07559982
ASV_383	0.019621	0.0588631	0.0000000	0.0000000
ASV_426	0.046186	0.000000	0.138559	0.000000
ASV_456	0.06883	0.0000000	0.2064897	0.0000000
ASV_515	0.019621	0.0588631	0.0000000	0.0000000
ASV_517	0.019621	0.0588631	0.0000000	0.0000000
ASV_539	0.037525	0.1125757	0.0000000	0.0000000
ASV_579	0.01574	0.00000000	0.02880516	0.01841603
ASV_589	0.046186	0.000000	0.138559	0.000000
ASV_593	0.038207	0.0000000	0.1077013	0.0069185
ASV_618	0.0212	0.00000000	0.06359924	0.00000000
ASV_634	0.048971	0.00000000	0.11799410	0.02891845
ASV_638	0.056193	0.00000000	0.14749263	0.02108637
ASV_669	0.022492	0.00000000	0.00000000	0.06747638
ASV_728	0.036042	0.1081248	0.0000000	0.0000000
ASV_734	0.036042	0.1081248	0.0000000	0.0000000
ASV_780	0.019621	0.0588631	0.0000000	0.0000000
ASV_804	0.048965	0.1468948	0.0000000	0.0000000
ASV_826	0.118926	0.3567788	0.0000000	0.0000000
ASV_839	0.015422	0.00000000	0.04626631	0.00000000
ASV_854	0.013442	0.00000000	0.04032723	0.00000000
ASV_858	0.013442	0.00000000	0.04032723	0.00000000
ASV_859	0.019915	0.00000000	0.01697682	0.04276742
ASV_878	0.01812	0.00000000	0.05436034	0.00000000
ASV_886	0.014324	0.000000000	0.034566194	0.008404774
ASV_893	0.03678	0.0000000	0.1103387	0.0000000
ASV_896	0.046186	0.000000	0.138559	0.000000
ASV_900	0.034749	0.0000000	0.1042456	0.0000000
ASV_919	0.025342	0.00000000	0.07602533	0.00000000
ASV_926	0.033617	0.0000000	0.1008517	0.0000000
ASV_927	0.039203	0.0000000	0.1176075	0.0000000
ASV_948	0.022408	0.00000000	0.04613809	0.02108637
ASV_960	0.02021	0.0000000	0.0606297	0.0000000
ASV_964	0.020371	0.00000000	0.06111402	0.00000000
ASV_967	0.022953	0.000000000	0.060453948	0.008404774
ASV_982	0.06883	0.0000000	0.2064897	0.0000000
ASV_992	0.06883	0.0000000	0.2064897	0.0000000
ASV_1004	0.023472	0.00000000	0.02949853	0.04091804
ASV_1016	0.028911	0.00000000	0.02949853	0.05723443
ASV_1019	0.021689	0.00000000	0.00000000	0.06506651
ASV_1021	0.020799	0.00000000	0.00000000	0.06239618
ASV_1023	0.021384	0.00000000	0.00000000	0.06415293
ASV_1025	0.021083	0.00000000	0.01746115	0.04578755
ASV_1036	0.022875	0.00000000	0.03428575	0.03434066
ASV_1045	0.034851	0.00000000	0.07021284	0.03434066
ASV_1048	0.019339	0.00000000	0.01121579	0.04680052
ASV_1059	0.017553	0.00000000	0.00000000	0.05265929
ASV_1063	0.017553	0.00000000	0.00000000	0.05265929
ASV_1086	0.018622	0.0000000	0.0000000	0.0558673
ASV_1087	0.017162	0.000000000	0.008730574	0.042755450
ASV_1151	0.01534	0.00000000	0.00000000	0.04601933
ASV_1169	0.01534	0.00000000	0.00000000	0.04601933
ASV_1197	0.01681	0.00000000	0.00000000	0.05042864
ASV_1214	0.017757	0.00000000	0.00000000	0.05326984
ASV_1224	0.017221	0.00000000	0.00000000	0.05166335
ASV_1234	0.01681	0.00000000	0.00000000	0.05042864
ASV_401	0.011908	0.00000000	0.02880516	0.00691850
ASV_409	0.011522	0.00000000	0.03456619	0.00000000
ASV_412	0.011522	0.00000000	0.03456619	0.00000000
ASV_438	0.026155	0.00000000	0.07846532	0.00000000
ASV_440	0.03174	0.00000000	0.09522117	0.00000000
ASV_443	0.017461	0.00000000	0.05238345	0.00000000
ASV_447	0.017461	0.00000000	0.05238345	0.00000000
ASV_462	0.022894	0.00000000	0.00000000	0.06868132
ASV_463	0.022894	0.00000000	0.00000000	0.06868132
ASV_478	0.013837	0.000000	0.000000	0.041511
ASV_508	0.039872	0.1196172	0.0000000	0.0000000
ASV_548	0.034722	0.1041667	0.0000000	0.0000000
ASV_551	0.03048	0.05096840	0.01746115	0.02300966
ASV_595	0.022432	0.00000000	0.06729475	0.00000000
ASV_597	0.02168	0.00000000	0.05359374	0.01144689
ASV_598	0.022509	0.00000000	0.05607896	0.01144689
ASV_603	0.022432	0.00000000	0.06729475	0.00000000
ASV_613	0.033602	0.0000000	0.1008065	0.0000000
ASV_616	0.017461	0.00000000	0.05238345	0.00000000
ASV_621	0.018367	0.00000000	0.04365287	0.01144689
ASV_623	0.017461	0.00000000	0.05238345	0.00000000
ASV_630	0.017461	0.00000000	0.05238345	0.00000000
ASV_631	0.038229	0.0000000	0.1146873	0.0000000
ASV_640	0.022894	0.00000000	0.00000000	0.06868132
ASV_645	0.022894	0.00000000	0.00000000	0.06868132
ASV_649	0.022894	0.00000000	0.00000000	0.06868132
ASV_652	0.022894	0.00000000	0.00000000	0.06868132
ASV_666	0.017553	0.00000000	0.00000000	0.05265929
ASV_707	0.016599	0.00000000	0.00000000	0.04979633
ASV_717	0.016933	0.00000000	0.00000000	0.05080042
ASV_730	0.042733	0.1282004	0.0000000	0.0000000
ASV_774	0.025605	0.07681395	0.00000000	0.00000000
ASV_790	0.015935	0.042045072	0.005761032	0.000000000
ASV_834	0.011522	0.00000000	0.03456619	0.00000000
ASV_850	0.01631	0.00000000	0.04892958	0.00000000
ASV_851	0.011908	0.00000000	0.02880516	0.00691850
ASV_895	0.033869	0.0000000	0.1016081	0.0000000
ASV_903	0.021696	0.00000000	0.04486317	0.02022344
ASV_907	0.022432	0.00000000	0.06729475	0.00000000
ASV_914	0.022475	0.00000000	0.06742527	0.00000000
ASV_922	0.033602	0.0000000	0.1008065	0.0000000
ASV_931	0.017992	0.00000000	0.02256211	0.03141444
ASV_933	0.033602	0.0000000	0.1008065	0.0000000
ASV_942	0.017461	0.00000000	0.05238345	0.00000000
ASV_946	0.019272	0.00000000	0.03492230	0.02289377
ASV_951	0.017461	0.00000000	0.05238345	0.00000000
ASV_977	0.025289	0.00000000	0.06442082	0.01144689
ASV_980	0.021364	0.00000000	0.02949853	0.03459250
ASV_1000	0.039007	0.0000000	0.1170203	0.0000000
ASV_1001	0.049164	0.0000000	0.1474926	0.0000000
ASV_1017	0.019001	0.00000000	0.01121579	0.04578755
ASV_1029	0.019078	0.00000000	0.00000000	0.05723443
ASV_1033	0.019001	0.00000000	0.01121579	0.04578755
ASV_1047	0.021784	0.00000000	0.03100993	0.03434066
ASV_1054	0.0183	0.00000000	0.01979414	0.03510620
ASV_1105	0.015491	0.00000000	0.00000000	0.04647155
ASV_1141	0.014699	0.00000000	0.00000000	0.04409603
ASV_1146	0.012783	0.00000000	0.00000000	0.03834944
ASV_1147	0.013273	0.00000000	0.00000000	0.03981921
ASV_1157	0.012783	0.00000000	0.00000000	0.03834944
ASV_1160	0.012783	0.00000000	0.00000000	0.03834944
ASV_1183	0.012783	0.00000000	0.00000000	0.03834944
ASV_1194	0.014132	0.00000000	0.00000000	0.04239564
ASV_1200	0.014008	0.00000000	0.00000000	0.04202387
ASV_1208	0.014008	0.00000000	0.00000000	0.04202387
ASV_1209	0.014008	0.00000000	0.00000000	0.04202387
ASV_1215	0.014008	0.00000000	0.00000000	0.04202387
ASV_315	0.018693	0.00000000	0.05607896	0.00000000
ASV_441	0.028002	0.00000000	0.08400538	0.00000000
ASV_452	0.049164	0.0000000	0.1474926	0.0000000
ASV_495	0.027241	0.08172181	0.00000000	0.00000000
ASV_526	0.014015	0.04204507	0.00000000	0.00000000
ASV_537	0.027195	0.08158487	0.00000000	0.00000000
ASV_554	0.084947	0.254842	0.000000	0.000000
ASV_559	0.009602	0.00000000	0.02880516	0.00000000
ASV_560	0.013282	0.0000000	0.0398452	0.0000000
ASV_592	0.03299	0.0000000	0.0989707	0.0000000
ASV_602	0.023959	0.00000000	0.07187648	0.00000000
ASV_617	0.014551	0.00000000	0.04365287	0.00000000
ASV_637	0.049164	0.0000000	0.1474926	0.0000000
ASV_646	0.019078	0.00000000	0.00000000	0.05723443
ASV_657	0.025095	0.00000000	0.02949853	0.04578755
ASV_658	0.016665	0.00000000	0.01746115	0.03253326
ASV_675	0.016066	0.00000000	0.00000000	0.04819742
ASV_706	0.012783	0.00000000	0.00000000	0.03834944
ASV_751	0.033227	0.09968102	0.00000000	0.00000000
ASV_783	0.014015	0.04204507	0.00000000	0.00000000
ASV_796	0.014015	0.04204507	0.00000000	0.00000000
ASV_822	0.028935	0.08680556	0.00000000	0.00000000
ASV_832	0.04623	0.138691	0.000000	0.000000
ASV_836	0.010238	0.000000000	0.023044130	0.007669888
ASV_852	0.013875	0.000000000	0.033953648	0.007669888
ASV_853	0.020399	0.00000000	0.04975116	0.01144689
ASV_856	0.014305	0.00000000	0.03146843	0.01144689
ASV_861	0.021151	0.00000000	0.06345217	0.00000000
ASV_873	0.009602	0.00000000	0.02880516	0.00000000
ASV_879	0.009602	0.00000000	0.02880516	0.00000000
ASV_904	0.018693	0.00000000	0.05607896	0.00000000
ASV_905	0.02313	0.00000000	0.06939126	0.00000000
ASV_911	0.018693	0.00000000	0.05607896	0.00000000
ASV_947	0.013561	0.00000000	0.04068333	0.00000000
ASV_957	0.014442	0.000000000	0.034922298	0.008404774
ASV_959	0.014551	0.00000000	0.04365287	0.00000000
ASV_963	0.013208	0.000000000	0.031952756	0.007669888
ASV_965	0.014551	0.00000000	0.04365287	0.00000000
ASV_995	0.029302	0.00000000	0.07645820	0.01144689
ASV_1007	0.02128	0.00000000	0.02949853	0.03434066
ASV_1032	0.02128	0.00000000	0.02949853	0.03434066
ASV_1037	0.011486	0.00000000	0.00000000	0.03445655
ASV_1042	0.020677	0.00000000	0.02949853	0.03253326
ASV_1051	0.011083	0.00000000	0.00000000	0.03324815
ASV_1076	0.012565	0.000000	0.000000	0.037695
ASV_1077	0.010883	0.00000000	0.00000000	0.03264915
ASV_1088	0.012853	0.00000000	0.00000000	0.03855793
ASV_1112	0.012853	0.00000000	0.00000000	0.03855793
ASV_1144	0.011486	0.00000000	0.00000000	0.03445655
ASV_1166	0.012142	0.00000000	0.00000000	0.03642615
ASV_1172	0.010227	0.00000000	0.00000000	0.03067955
ASV_1173	0.010227	0.00000000	0.00000000	0.03067955
ASV_1174	0.010227	0.00000000	0.00000000	0.03067955
ASV_1177	0.010227	0.00000000	0.00000000	0.03067955
ASV_1179	0.010227	0.00000000	0.00000000	0.03067955
ASV_1182	0.010227	0.00000000	0.00000000	0.03067955
ASV_1188	0.012632	0.00000000	0.00000000	0.03789592
ASV_1189	0.011206	0.0000000	0.0000000	0.0336191
ASV_1196	0.011424	0.00000000	0.01746115	0.01680955
ASV_1216	0.01133	0.00000000	0.00000000	0.03399087
ASV_453	0.024278	0.00000000	0.05899705	0.01383700
ASV_492	0.011206	0.0000000	0.0000000	0.0336191
ASV_530	0.014196	0.04258815	0.00000000	0.00000000
ASV_534	0.028785	0.08635579	0.00000000	0.00000000
ASV_591	0.026392	0.00000000	0.07917656	0.00000000
ASV_632	0.039331	0.0000000	0.1179941	0.0000000
ASV_643	0.017047	0.00000000	0.01680108	0.03434066
ASV_710	0.010711	0.00000000	0.00000000	0.03213282
ASV_720	0.011206	0.0000000	0.0000000	0.0336191
ASV_739	0.020595	0.0617856	0.0000000	0.0000000
ASV_758	0.011212	0.03363606	0.00000000	0.00000000
ASV_823	0.023148	0.06944444	0.00000000	0.00000000
ASV_829	0.058165	0.1744941	0.0000000	0.0000000
ASV_830	0.067958	0.2038736	0.0000000	0.0000000
ASV_847	0.007681	0.00000000	0.02304413	0.00000000
ASV_860	0.007681	0.00000000	0.02304413	0.00000000
ASV_876	0.015594	0.00000000	0.04678162	0.00000000
ASV_883	0.008687	0.000000000	0.017283097	0.008776549
ASV_889	0.007681	0.00000000	0.02304413	0.00000000
ASV_909	0.014954	0.00000000	0.04486317	0.00000000
ASV_930	0.019711	0.0000000	0.0591338	0.0000000
ASV_934	0.030496	0.05096840	0.03360215	0.00691850
ASV_937	0.011641	0.0000000	0.0349223	0.0000000
ASV_997	0.039331	0.0000000	0.1179941	0.0000000
ASV_1013	0.011447	0.00000000	0.00000000	0.03434066
ASV_1014	0.01137	0.00000000	0.01121579	0.02289377
ASV_1031	0.010844	0.00000000	0.00000000	0.03253326
ASV_1056	0.015315	0.00000000	0.02949853	0.01644644
ASV_1061	0.008777	0.00000000	0.00000000	0.02632965
ASV_1062	0.008777	0.00000000	0.00000000	0.02632965
ASV_1067	0.008777	0.00000000	0.00000000	0.02632965
ASV_1097	0.009639	0.00000000	0.00000000	0.02891845
ASV_1108	0.009337	0.000000000	0.008730574	0.019278967
ASV_1140	0.00767	0.00000000	0.00000000	0.02300966
ASV_1148	0.007915	0.00000000	0.00000000	0.02374455
ASV_1168	0.00767	0.00000000	0.00000000	0.02300966
ASV_1199	0.008405	0.00000000	0.00000000	0.02521432
ASV_1203	0.008405	0.00000000	0.00000000	0.02521432
ASV_1207	0.008405	0.00000000	0.00000000	0.02521432
ASV_552	0.050968	0.1529052	0.0000000	0.0000000
ASV_628	0.008731	0.00000000	0.02619172	0.00000000
ASV_629	0.008731	0.00000000	0.02619172	0.00000000
ASV_635	0.015315	0.00000000	0.02949853	0.01644644
ASV_655	0.011447	0.00000000	0.00000000	0.03434066
ASV_786	0.008409	0.02522704	0.00000000	0.00000000
ASV_827	0.050968	0.1529052	0.0000000	0.0000000
ASV_831	0.041175	0.1235257	0.0000000	0.0000000
ASV_877	0.007054	0.000000000	0.011522065	0.009639483
ASV_891	0.015998	0.000000000	0.039588282	0.008404774
ASV_908	0.011216	0.00000000	0.03364738	0.00000000
ASV_949	0.008127	0.00000000	0.01746115	0.00691850
ASV_953	0.008731	0.00000000	0.02619172	0.00000000
ASV_954	0.010541	0.000000000	0.008730574	0.022893773
ASV_979	0.029499	0.00000000	0.08849558	0.00000000
ASV_987	0.029499	0.00000000	0.08849558	0.00000000
ASV_993	0.029499	0.00000000	0.08849558	0.00000000
ASV_1008	0.007631	0.00000000	0.00000000	0.02289377
ASV_1011	0.007631	0.00000000	0.00000000	0.02289377
ASV_1035	0.007631	0.00000000	0.00000000	0.02289377
ASV_1041	0.007631	0.00000000	0.00000000	0.02289377
ASV_1044	0.007631	0.00000000	0.00000000	0.02289377
ASV_1050	0.005851	0.0000000	0.0000000	0.0175531
ASV_1053	0.005851	0.0000000	0.0000000	0.0175531
ASV_1073	0.005851	0.0000000	0.0000000	0.0175531
ASV_1083	0.006426	0.00000000	0.00000000	0.01927897
ASV_1102	0.006426	0.00000000	0.00000000	0.01927897
ASV_1150	0.005113	0.00000000	0.00000000	0.01533978
ASV_1153	0.005113	0.00000000	0.00000000	0.01533978
ASV_1161	0.005113	0.00000000	0.00000000	0.01533978
ASV_1163	0.005113	0.00000000	0.00000000	0.01533978
ASV_1204	0.005603	0.00000000	0.00000000	0.01680955
ASV_1230	0.005603	0.00000000	0.00000000	0.01680955
ASV_802	0.014393	0.04317789	0.00000000	0.00000000
ASV_809	0.014393	0.04317789	0.00000000	0.00000000
ASV_881	0.003841	0.00000000	0.01152206	0.00000000
ASV_928	0.011201	0.00000000	0.03360215	0.00000000
ASV_938	0.00582	0.00000000	0.01746115	0.00000000
ASV_944	0.00582	0.00000000	0.01746115	0.00000000
ASV_972	0.00582	0.00000000	0.01746115	0.00000000
ASV_975	0.00582	0.00000000	0.01746115	0.00000000
ASV_978	0.00582	0.00000000	0.01746115	0.00000000
ASV_983	0.019666	0.00000000	0.05899705	0.00000000
ASV_989	0.019666	0.00000000	0.05899705	0.00000000
ASV_994	0.019666	0.00000000	0.05899705	0.00000000
