Family	KO1	KO2	KO3	KO4	KO5	KO6	OE1	OE2	OE3	OE4	OE5	OE6	WT1	WT2	WT3	WT4	WT5	WT6
Bacteria|Acidobacteria|Acidobacteria_Gp10|Unassigned|Unassigned	0.2511861568518	0.251714260914851	0.147195537651069	0.128020483277324	0.128700128700129	0.176115397517612	0.371333085777943	0.237936613686114	0.365196749748927	0.163681003910157	0.310146211785556	0.345323741007194	0.111818338207466	0.117954334821805	0.61794734013971	0.268421508355702	0.0501336898395722	0.197492701356689
Bacteria|Acidobacteria|Acidobacteria_Gp17|Unassigned|Unassigned	0.00930319099451112	0.0433990105025605	0.0232414006817478	0	0.0227117874176698	0.0419322375041932	0.185666542888971	0.0571047872846674	0.0273897562311695	0.0181867782122397	0.124058484714222	0.105515587529976	0.0774126956820919	0.0758277866711602	0.0985133440802436	0.0173175166681098	0.0250668449197861	0.0429331959471063
Bacteria|Acidobacteria|Acidobacteria_Gp3|Unassigned|Unassigned	0.00930319099451112	0.0347192084020484	0.00774713356058258	0.00800128020483277	0	0.00838644750083864	0.0371333085777943	0.0190349290948891	0.0456495937186159	0.0181867782122397	0.0177226406734603	0	0	0.0168506192602578	0.0268672756582483	0	0.00835561497326203	0.00858663918942126
Bacteria|Acidobacteria|Acidobacteria_Gp6|Unassigned|Unassigned	0.00930319099451112	0.0433990105025605	0	0.00800128020483277	0	0	0.111399925733383	0.0190349290948891	0.0456495937186159	0.0272801673183596	0.0886132033673017	0.105515587529976	0.0258042318940306	0.00842530963012891	0.0537345513164965	0.0606113083383843	0	0.0171732783788425
Bacteria|Acidobacteria|Vicinamibacteria|Vicinamibacterales|Vicinamibacteraceae	0.00930319099451112	0.0173596042010242	0.00774713356058258	0	0.00757059580588992	0.0167728950016773	0.12996658002228	0.0666222518321119	0.0456495937186159	0.0272801673183596	0.106335844040762	0.163069544364508	0.103216927576122	0.0337012385205156	0.0806018269747448	0.0259762750021647	0.0334224598930481	0.034346556757685
Bacteria|Actinobacteria|Acidimicrobiia|Acidimicrobiales|Acidimicrobiaceae	0.00930319099451112	0.0260394063015363	0.0387356678029129	0.0160025604096655	0	0	0.00928332714444857	0.0475873227372228	0.0273897562311695	0.0272801673183596	0.0177226406734603	0.00959232613908873	0.0258042318940306	0.00842530963012891	0.0358230342109977	0.0086587583340549	0.00835561497326203	0.0171732783788425
Bacteria|Actinobacteria|Acidimicrobiia|Acidimicrobiales|Acidimicrobiales_incertae_sedis	0	0.00867980210051211	0.0154942671211652	0	0.00757059580588992	0	0.0371333085777943	0.0380698581897782	0.0365196749748927	0	0.0620292423571112	0.0479616306954436	0.0172028212626871	0	0.0716460684219953	0	0.0250668449197861	0.0429331959471063
Bacteria|Actinobacteria|Acidimicrobiia|Acidimicrobiales|Iamiaceae	0.223276583868267	0.546827532332263	0.387356678029129	0.328052488398144	0.302823832235597	0.377390137537739	0.770516152989231	0.685257447416008	0.511275449648498	0.545603346367191	0.575985821887461	0.623501199040767	0.516084637880612	0.606622293369281	0.635858857245209	0.363667850030306	0.467914438502674	0.463678516228748
Bacteria|Actinobacteria|Acidimicrobiia|Acidimicrobiales|Ilumatobacteraceae	0.148851055912178	0.138876833608194	0.100712736287574	0.0960153624579933	0.0908471496706791	0.100637370010064	0.343483104344597	0.10469211002189	0.127818862412125	0.163681003910157	0.221533008418254	0.306954436450839	0.137622570101497	0.143230263712191	0.116424861185742	0.138540133344878	0.100267379679144	0.111626309462476
Bacteria|Actinobacteria|Acidimicrobiia|Acidimicrobiales|Unassigned	0.0372127639780445	0.0520788126030726	0.0852184691664084	0.0640102416386622	0.0454235748353395	0.0335457900033546	0.111399925733383	0.161796897306558	0.0547795124623391	0.0818405019550787	0.0708905626938414	0.0767386091127098	0.0688112850507483	0.0337012385205156	0.134336378291241	0.0692700666724392	0.108622994652406	0.034346556757685
Bacteria|Actinobacteria|Actinobacteria|Cryptosporangiales|Cryptosporangiaceae	0.00930319099451112	0	0.00774713356058258	0	0	0.0419322375041932	0	0.00951746454744456	0	0.00909338910611985	0.00886132033673017	0.0383693045563549	0.00860141063134354	0	0	0.0259762750021647	0.0417780748663102	0.00858663918942126
Bacteria|Actinobacteria|Actinobacteria|Frankiales|Frankiaceae	0.0372127639780445	0.0433990105025605	0.00774713356058258	0.0400064010241639	0.00757059580588992	0.0167728950016773	0.0464166357222428	0.0571047872846674	0.0273897562311695	0.0545603346367191	0.053167922020381	0.0767386091127098	0.0516084637880612	0.00842530963012891	0.0358230342109977	0.0259762750021647	0.0501336898395722	0.0257599175682638
Bacteria|Actinobacteria|Actinobacteria|Geodermatophilales|Geodermatophilaceae	0.0465159549725556	0.243034458814339	0.092965602726991	0.072011521843495	0.0302823832235597	0.0838644750083865	0.148533234311177	0.237936613686114	0.118688943668401	0.0818405019550787	0.0974745237040319	0.345323741007194	0.0602098744194048	0.0421265481506445	0.107469102632993	0.147198891678933	0.183823529411765	0.0686931135153701
Bacteria|Actinobacteria|Actinobacteria|Glycomycetales|Glycomycetaceae	0.0744255279560889	0.16491623990973	0.0697242020452433	0.0320051208193311	0.0378529790294496	0.0670915800067092	0.0185666542888971	0.0285523936423337	0.0821692686935086	0.0272801673183596	0.0177226406734603	0.0383693045563549	0.0774126956820919	0.0421265481506445	0.0268672756582483	0.0606113083383843	0.0668449197860962	0.034346556757685
Bacteria|Actinobacteria|Actinobacteria|Kineosporiales|Kineosporiaceae	0.455856358731045	1.0068570436594	0.395103811589712	0.80812930068811	0.174123703535468	0.285139215028514	0.891199405867063	0.628152660131341	0.629964393316899	0.827498408656906	0.682321665928223	0.594724220623501	1.23860313091347	1.1963939674783	0.958266165144188	0.857217075071435	0.98596256684492	0.635411300017173
Bacteria|Actinobacteria|Actinobacteria|Micrococcales|Cellulomonadaceae	0.0744255279560889	0.00867980210051211	0.00774713356058258	0.0240038406144983	0	0.0419322375041932	0.148533234311177	0.0475873227372228	0.0912991874372318	0.063653723742839	0.0620292423571112	0.0959232613908873	0.180629623258214	0.0252759288903867	0.0895575855274942	0.0173175166681098	0.0501336898395722	0.120212948651898
Bacteria|Actinobacteria|Actinobacteria|Micrococcales|Intrasporangiaceae	0.0186063819890222	0.078118218904609	0.0542299349240781	0.0160025604096655	0.0151411916117798	0.0167728950016773	0	0.0190349290948891	0.0182598374874464	0.00909338910611985	0	0.0287769784172662	0.00860141063134354	0.0168506192602578	0.0179115171054988	0.0432937916702745	0	0.00858663918942126
Bacteria|Actinobacteria|Actinobacteria|Micrococcales|Microbacteriaceae	0.911712717462089	1.31065011717733	0.875426092345832	0.944151064170267	0.582935877053524	0.662529352566253	1.00259933160045	1.17064813933568	0.885602118141149	0.954805856142584	1.14311032343819	1.03597122302158	0.799931188714949	0.648748841519926	1.12842557764643	1.02173348341848	0.810494652406417	1.09908981624592
Bacteria|Actinobacteria|Actinobacteria|Micrococcales|Micrococcaceae	0.120941482928645	0.147556635708706	0.100712736287574	0.0640102416386622	0.0378529790294496	0.0922509225092251	0.12996658002228	0.361663652802893	0.164338537387017	0.181867782122397	0.274700930438635	0.220623501199041	0.137622570101497	0.0842530963012891	0.15224789539674	0.242445233353537	0.12533422459893	0.180319422977846
Bacteria|Actinobacteria|Actinobacteria|Micrococcales|Promicromonosporaceae	0.307005302818867	0.364551688221509	0.116207003408739	0.23203712594015	0.0908471496706791	0.461254612546125	0.287783141477906	0.199866755496336	0.164338537387017	0.145494225697918	0.53167922020381	0.393285371702638	0.223636676414932	0.252759288903867	0.259716998029733	0.199151441683263	0.12533422459893	0.188906062167268
Bacteria|Actinobacteria|Actinobacteria|Micromonosporales|Micromonosporaceae	5.21909014792074	7.65558545265168	4.60179733498606	4.2486797887662	2.34688469982588	4.51190875545119	5.26364649090234	7.28086037879509	7.25828540125993	5.07411112121488	5.75985821887461	5.32374100719424	5.66832960605539	4.59179374842025	5.70481819810138	4.81426963373452	5.5230614973262	5.9763008758372
Bacteria|Actinobacteria|Actinobacteria|Mycobacteriales|Mycobacteriaceae	0.5023723137036	0.538147730231751	0.441586612953207	0.23203712594015	0.113558937088349	0.192888292519289	0.399183067211289	0.323593794613115	0.273897562311695	0.309175229608075	0.230394328754985	0.316546762589928	0.318252193359711	0.168506192602578	0.519433996059466	0.294397783357866	0.284090909090909	0.188906062167268
Bacteria|Actinobacteria|Actinobacteria|Mycobacteriales|Nocardiaceae	0.0930319099451112	0.112837427306657	0.193678339014565	0.00800128020483277	0.0757059580588992	0.0419322375041932	0.0556999628666914	0.114209574569335	0.0547795124623391	0.118214058379558	0.106335844040762	0.0671462829736211	0.172028212626871	0.0337012385205156	0.205982446713237	0.112563858342714	0.0334224598930481	0.0686931135153701
Bacteria|Actinobacteria|Actinobacteria|Propionibacteriales|Actinopolymorphaceae	0.195367010884733	0.0520788126030726	0.0309885342423303	0.0320051208193311	0.0302823832235597	0.0922509225092251	0.167099888600074	0.114209574569335	0.118688943668401	0.190961171228517	0.124058484714222	0.124700239808153	0.111818338207466	0.0589771674109024	0.0985133440802436	0.207810200017318	0.0668449197860962	0.0772797527047913
Bacteria|Actinobacteria|Actinobacteria|Propionibacteriales|Kribbellaceae	0.437249976742022	1.05025605416197	0.581035017043694	0.352056329012642	0.287682640623817	0.402549480040255	0.71481619012254	0.685257447416008	0.57518488085456	0.500136400836592	0.726628267611874	0.700239808153477	0.653707207982109	0.935209368944309	0.60899158158696	0.900510866741709	1.17814171122995	0.635411300017173
Bacteria|Actinobacteria|Actinobacteria|Propionibacteriales|Nocardioidaceae	2.15834031072658	3.25492578769204	3.44747443445925	2.49639942390783	2.3317435082141	2.80107346528011	1.85666542888971	3.39773484343771	2.19118049849356	1.89142493407293	2.87106778910058	2.14868105515588	2.03853431962842	1.60923413935462	2.69568332437757	2.3811585418651	2.16410427807487	2.32697922033316
Bacteria|Actinobacteria|Actinobacteria|Propionibacteriales|Propionibacteriaceae	0.0558191459670667	0.0260394063015363	0	0.0240038406144983	0	0.0335457900033546	0.0556999628666914	0.0190349290948891	0.0182598374874464	0.0181867782122397	0	0.00959232613908873	0.00860141063134354	0.0168506192602578	0.0268672756582483	0	0	0.0171732783788425
Bacteria|Actinobacteria|Actinobacteria|Propionibacteriales|Unassigned	0.1674574379012	0.260394063015363	0.092965602726991	0.152024323891823	0.0832765538647892	0.150956055015096	0.232083178611214	0.256971542781003	0.255637724824249	0.136400836591798	0.150642445724413	0.249400479616307	0.197832444520901	0.15165557334232	0.250761239476984	0.181833925015153	0.133689839572193	0.197492701356689
Bacteria|Actinobacteria|Actinobacteria|Pseudonocardiales|Pseudonocardiaceae	5.93543585449809	11.8566096692995	9.02541059807871	9.44151064170267	5.43568778862897	5.62730627306273	6.36836242109172	6.88112686780242	5.02145530904775	6.24715831590434	7.2840053167922	6.08153477218225	9.89162222604507	6.54646558261016	7.99749238760523	8.6587583340549	9.87633689839572	8.74119869483084
Bacteria|Actinobacteria|Actinobacteria|Sporichthyales|Sporichthyaceae	0.390734021769467	0.442669907126118	0.464828013634955	0.336053768602976	0.151411916117798	0.377390137537739	0.25993316004456	0.31407633006567	0.520405368392221	0.309175229608075	0.345591493132477	0.201438848920863	0.602098744194048	0.362288314095543	0.385097617768225	0.337691575028141	0.685160427807487	0.652584578396016
Bacteria|Actinobacteria|Actinobacteria|Streptomycetales|Streptomycetaceae	3.349148758024	3.15944796458641	3.38549736597459	2.40038406144983	1.23400711636006	1.98758805769876	2.69216487189009	3.94023032264205	8.97471012507989	5.21960534691279	3.32299512627381	3.42446043165468	4.56734904524342	3.90091835874968	3.63603797241626	6.87505411723959	4.80447860962567	3.63214837712519
Bacteria|Actinobacteria|Actinobacteria|Streptosporangiales|Streptosporangiaceae	0.0930319099451112	0.425310302925093	0.20917260613573	0.360057609217475	0.0378529790294496	0.134183160013418	0.278499814333457	0.33311125916056	0.164338537387017	0.154587614804037	0.319007532122286	0.0671462829736211	0.129021159470153	0.286460527424383	0.232849722371485	0.0692700666724392	0.376002673796791	0.334878928387429
Bacteria|Actinobacteria|Actinobacteria|Streptosporangiales|Thermomonosporaceae	0.99544143641269	0.998177241558892	0.20917260613573	1.3922227556409	0.348247407070936	0.628983562562898	0.58484961010026	1.0469211002189	0.40171642472382	0.809311630444667	0.850686752326097	0.671462829736211	1.2041974883881	1.25537113488921	0.698549167114455	0.995757208416313	1.37867647058824	0.729864331100807
Bacteria|Actinobacteria|Actinobacteria|Unassigned|Unassigned	0.3349148758024	0.399270896623557	0.170436938332817	0.128020483277324	0.0681353622530093	0.192888292519289	0.306349795766803	0.456838298277339	0.146078699899571	0.318268618714195	0.336730172795747	0.422062350119904	0.29244796146568	0.235908669643609	0.259716998029733	0.303056541691921	0.158756684491979	0.197492701356689
Bacteria|Actinobacteria|Rubrobacteria|Rubrobacterales|Rubrobacteraceae	0.0186063819890222	0.130197031507682	0.0464828013634955	0.0480076812289966	0.00757059580588992	0.0503186850050319	0.120683252877831	0.085657180927001	0.0365196749748927	0.0545603346367191	0.0354452813469207	0.143884892086331	0.0860141063134354	0.0421265481506445	0.0626903098692459	0.0692700666724392	0.116978609625668	0.0515198351365276
Bacteria|Actinobacteria|Thermoleophilia|Gaiellales|Gaiellaceae	0.427946785747511	0.720423574342505	0.402850945150294	0.528084493518963	0.310394428041487	0.570278430057028	0.640549572966951	0.913676596554678	0.511275449648498	0.63653723742839	0.708905626938414	0.834532374100719	0.748322724926888	0.547645125958379	0.689593408561705	0.536843016711404	0.484625668449198	0.549544908122961
Bacteria|Actinobacteria|Thermoleophilia|Solirubrobacterales|Baekduiaceae	0.130244673923156	0.277753667216388	0.178184071893399	0.208033285325652	0.128700128700129	0.150956055015096	0.3249164500557	0.532978014656895	0.17346845613074	0.227334727652996	0.203810367744794	0.326139088729017	0.335455014622398	0.15165557334232	0.250761239476984	0.164516408347043	0.233957219251337	0.180319422977846
Bacteria|Actinobacteria|Thermoleophilia|Solirubrobacterales|Conexibacteraceae	0.0930319099451112	0.138876833608194	0.0309885342423303	0.112017922867659	0.0757059580588992	0.192888292519289	0.176383215744523	0.114209574569335	0.109559024924678	0.100027280167318	0.0886132033673017	0.124700239808153	0.0602098744194048	0.0505518577807734	0.0716460684219953	0.0692700666724392	0.12533422459893	0.180319422977846
Bacteria|Actinobacteria|Thermoleophilia|Solirubrobacterales|Parviterribacteraceae	0.00930319099451112	0.0694384168040969	0.0154942671211652	0.0480076812289966	0.0302823832235597	0.0335457900033546	0.0185666542888971	0.0190349290948891	0.00912991874372318	0.0181867782122397	0.0177226406734603	0.0383693045563549	0.0430070531567177	0	0.0268672756582483	0.0259762750021647	0.0334224598930481	0.0171732783788425
Bacteria|Actinobacteria|Thermoleophilia|Solirubrobacterales|Patulibacteraceae	0.0186063819890222	0	0.00774713356058258	0.00800128020483277	0.00757059580588992	0	0.0371333085777943	0	0	0	0	0	0	0.0337012385205156	0	0	0.0584893048128342	0.0171732783788425
Bacteria|Actinobacteria|Thermoleophilia|Solirubrobacterales|Solirubrobacteraceae	0.567494650665178	0.460029511327142	0.224666873256895	0.256040966554649	0.257400257400257	0.603824220060382	0.956182695878203	0.513943085562006	0.447366018442436	0.445576066199873	0.620292423571112	0.988009592326139	0.29244796146568	0.202207431123094	0.340318825004478	0.251103991687592	0.467914438502674	0.300532371629744
Bacteria|Actinobacteria|Thermoleophilia|Solirubrobacterales|Unassigned	0.0186063819890222	0.16491623990973	0.0619770684846607	0.104016642662826	0.0227117874176698	0.0335457900033546	0.0742666171555886	0.114209574569335	0.0821692686935086	0.0818405019550787	0.0886132033673017	0.124700239808153	0.0688112850507483	0.0842530963012891	0.0626903098692459	0.0692700666724392	0.133689839572193	0.0858663918942126
Bacteria|Actinobacteria|Thermoleophilia|Unassigned|Unassigned	0.0744255279560889	0.0173596042010242	0.0154942671211652	0.0800128020483277	0.0302823832235597	0.0335457900033546	0.06498329001114	0.142761968211668	0.0639094312060623	0.0727471128489588	0.0797518830305716	0.0383693045563549	0.0516084637880612	0.00842530963012891	0.0716460684219953	0.0346350333362196	0.0334224598930481	0.0601064743259488
Bacteria|Actinobacteria|Unassigned|Unassigned|Unassigned	0.1674574379012	0.190955646211266	0.0697242020452433	0.072011521843495	0.0529941706412295	0.142569607514257	0.213516524322317	0.180831826401447	0.182598374874464	0.245521505865236	0.0797518830305716	0.220623501199041	0.163426801995527	0.0758277866711602	0.268672756582483	0.173175166681098	0.142045454545455	0.214665979735532
Bacteria|Armatimonadetes|Unassigned|Unassigned|Unassigned	0	0.00867980210051211	0.0154942671211652	0.00800128020483277	0	0.0251593425025159	0.0556999628666914	0.0475873227372228	0.0365196749748927	0.00909338910611985	0.0177226406734603	0.0287769784172662	0.0258042318940306	0.00842530963012891	0.0447787927637471	0.0259762750021647	0.0167112299465241	0.00858663918942126
Bacteria|Bacteroidetes|Chitinophagia|Chitinophagales|Chitinophagaceae	0.1674574379012	0.078118218904609	0.0619770684846607	0.0800128020483277	0.0454235748353395	0.0754780275075478	0.566282955811363	0.342628723708004	0.520405368392221	0.436482677093753	0.310146211785556	0.268585131894484	0.378462067779116	0.53921981632825	0.367186100662726	0.38964412503247	0.259024064171123	0.180319422977846
Bacteria|Bacteroidetes|Cytophagia|Cytophagales|Cyclobacteriaceae	0.0744255279560889	0.0347192084020484	0.0619770684846607	0.0480076812289966	0.0151411916117798	0.0419322375041932	0.102116598588934	0.0761397163795565	0.310417237286588	0.136400836591798	0.0886132033673017	0.0767386091127098	0.137622570101497	0.126379644451934	0.125380619738492	0.103905100008659	0.100267379679144	0.0944530310836339
Bacteria|Bacteroidetes|Cytophagia|Cytophagales|Cytophagaceae	0.0651223369615778	0.0694384168040969	0.0154942671211652	0.0160025604096655	0.00757059580588992	0.00838644750083864	0.19494987003342	0.161796897306558	0.146078699899571	0.190961171228517	0.106335844040762	0.172661870503597	0.103216927576122	0.134804954082063	0.197026688160487	0.0779288250064941	0.0835561497326203	0.13738622703074
Bacteria|Bacteroidetes|Cytophagia|Cytophagales|Fulvivirgaceae	0.893106335473067	0.564187136533287	0.178184071893399	0.23203712594015	0.363388598682716	0.109023817510902	1.14184923876717	0.590082801941563	0.858212361909979	1.90961171228517	0.824102791315906	0.546762589928057	0.937553758816446	0.825680343752633	1.11051406054093	1.19490865009958	0.434491978609626	0.635411300017173
Bacteria|Bacteroidetes|Cytophagia|Cytophagales|Unassigned	0.0186063819890222	0	0	0.00800128020483277	0	0	0.0928332714444857	0.0761397163795565	0.0456495937186159	0.0272801673183596	0.0265839610101905	0.0287769784172662	0.00860141063134354	0.0252759288903867	0.0358230342109977	0.0952463416746039	0.0417780748663102	0.0515198351365276
Bacteria|Bacteroidetes|Flavobacteriia|Flavobacteriales|Cryomorphaceae	0.0465159549725556	0.0433990105025605	0.0387356678029129	0.0320051208193311	0.0302823832235597	0.00838644750083864	0.0742666171555886	0.0761397163795565	0.155208618643294	0.127307447485678	0.0886132033673017	0.134292565947242	0.0860141063134354	0.210632740753223	0.16120365394949	0.121222616676769	0.12533422459893	0.0686931135153701
Bacteria|Bacteroidetes|Flavobacteriia|Flavobacteriales|Flavobacteriaceae	1.60014885105591	1.79671903480601	7.10412147505423	2.46439430308849	4.3606631841926	1.87856424018786	1.47604901596732	7.06195869420386	6.56441157673697	4.73765572428844	1.98493575542756	1.99520383693046	3.81042490968519	4.28848260173561	2.71359484148307	1.63650532513638	3.63469251336898	4.43070582174137
Bacteria|Bacteroidetes|Flavobacteriia|Flavobacteriales|Weeksellaceae	0	0.0260394063015363	0.00774713356058258	0.0160025604096655	0.00757059580588992	0.00838644750083864	0.0185666542888971	0.114209574569335	0.0639094312060623	0.063653723742839	0.053167922020381	0.0191846522781775	0.0172028212626871	0	0.0537345513164965	0.225127716685427	0.0250668449197861	0.0171732783788425
Bacteria|Bacteroidetes|Sphingobacteriia|Sphingobacteriales|Sphingobacteriaceae	0.130244673923156	0.0607586147035848	0.0619770684846607	0.112017922867659	0.166553107729578	0.0251593425025159	0.0556999628666914	0.0666222518321119	0.118688943668401	0.100027280167318	0.0974745237040319	0.115107913669065	0.111818338207466	0.261184598533996	0.0895575855274942	0.0692700666724392	0.142045454545455	0.154559505409583
Bacteria|Bacteroidetes|Unassigned|Unassigned|Unassigned	0.0186063819890222	0	0.00774713356058258	0.0160025604096655	0	0.00838644750083864	0.0278499814333457	0.0190349290948891	0.0365196749748927	0.0272801673183596	0.00886132033673017	0.00959232613908873	0.0344056425253742	0.0168506192602578	0.00895575855274942	0.0086587583340549	0	0.0171732783788425
Bacteria|Campilobacterota|Campylobacteria|Campylobacterales|Unassigned	0.0651223369615778	0.00867980210051211	0.00774713356058258	0.00800128020483277	0.0302823832235597	0.0251593425025159	0.102116598588934	0.123727039116779	0.0639094312060623	0.0909338910611985	0.0354452813469207	0.0191846522781775	0.0172028212626871	0.0674024770410313	0.0895575855274942	0.0432937916702745	0.0668449197860962	0.0429331959471063
Bacteria|Candidatus_Saccharibacteria|Unassigned|Unassigned|Unassigned	0	0	0.0154942671211652	0.0160025604096655	0.128700128700129	0.00838644750083864	0	0.0951746454744456	0	0.0181867782122397	0.0177226406734603	0	0	0	0.0358230342109977	0.0086587583340549	0	0.0515198351365276
Bacteria|Chlamydiae|Chlamydiia|Chlamydiales|Chlamydiaceae	0.0186063819890222	0.00867980210051211	0	0	0.00757059580588992	0.0251593425025159	0.0464166357222429	0.0190349290948891	0.0365196749748927	0.0727471128489588	0.00886132033673017	0	0	0.00842530963012891	0.0895575855274942	0.0086587583340549	0	0.0601064743259488
Bacteria|Chloroflexi|Chloroflexia|Chloroflexales|Chloroflexaceae	0.148851055912178	0.225674854613315	0.0774713356058259	0.0960153624579933	0.174123703535468	0.0670915800067092	0.120683252877831	0.152279432759113	0.136948781155848	0.145494225697918	0.106335844040762	0.182254196642686	0.309650782728367	0.15165557334232	0.223893963818735	0.190492683349208	0.100267379679144	0.154559505409583
Bacteria|Chloroflexi|Chloroflexia|Chloroflexales|Oscillochloridaceae	0.102335100939622	0.156236437809218	0.0387356678029129	0.072011521843495	0.098417745476569	0.0670915800067092	0.0928332714444857	0.123727039116779	0.155208618643294	0.0454669455305993	0.0886132033673017	0.0863309352517986	0.103216927576122	0.126379644451934	0.0626903098692459	0.103905100008659	0.108622994652406	0.111626309462476
Bacteria|Chloroflexi|Chloroflexia|Chloroflexales|Roseiflexaceae	0.800074425527956	1.06761565836299	0.193678339014565	0.600096015362458	0.492088727382845	0.343844347534384	0.58484961010026	0.894641667459789	0.812562768191363	0.60016368100391	0.646876384581303	0.671462829736211	0.765525546189575	0.412840171876316	0.779150994089199	0.554160533379513	0.325868983957219	0.626824660827752
Bacteria|Chloroflexi|Chloroflexia|Chloroflexales|Unassigned	0.00930319099451112	0.0607586147035848	0.00774713356058258	0.0320051208193311	0.0151411916117798	0.0167728950016773	0.0371333085777943	0.133244503664224	0.100429106180955	0.0272801673183596	0.053167922020381	0.0479616306954436	0.0516084637880612	0	0.0447787927637471	0.0259762750021647	0	0.034346556757685
Bacteria|Chloroflexi|Chloroflexia|Herpetosiphonales|Herpetosiphonaceae	0.725648897571867	0.876660012151723	0.294391075302138	1.08017282765242	0.772200772200772	0.528346192552835	0.640549572966951	1.82735319310936	0.520405368392221	0.882058743293625	1.24058484714222	0.968824940047961	3.31154309306726	0.38756424298593	1.02991223356618	0.796605766733051	1.24498663101604	1.11626309462476
Bacteria|Chloroflexi|Chloroflexia|Kallotenuales|Kallotenuaceae	0.0186063819890222	0.0347192084020484	0	0	0.098417745476569	0.00838644750083864	0.00928332714444857	0	0	0.00909338910611985	0.00886132033673017	0.00959232613908873	0	0	0	0.0086587583340549	0	0.00858663918942126
Bacteria|Chloroflexi|Chloroflexia|Unassigned|Unassigned	0.0465159549725556	0.130197031507682	0.0232414006817478	0.0560089614338294	0.0681353622530093	0.0419322375041932	0.0835499443000371	0.0571047872846674	0.0273897562311695	0.136400836591798	0.053167922020381	0.0863309352517986	0.12041974883881	0.0758277866711602	0.0358230342109977	0.329032816694086	0.0334224598930481	0.0257599175682638
Bacteria|Chloroflexi|Ktedonobacteria|Ktedonobacterales|Unassigned	0	0	0.00774713356058258	0	0.0378529790294496	0.0335457900033546	0.0185666542888971	0.0285523936423337	0.00912991874372318	0.00909338910611985	0.0974745237040319	0.00959232613908873	0.00860141063134354	0.0421265481506445	0.0447787927637471	0	0.150401069518717	0
Bacteria|Chloroflexi|Thermomicrobia|Thermomicrobiales|Thermomicrobiaceae	0.0372127639780445	0.0433990105025605	0	0.0240038406144983	0.00757059580588992	0.0419322375041932	0.0464166357222429	0.0190349290948891	0.00912991874372318	0.063653723742839	0.00886132033673017	0.0191846522781775	0.0602098744194048	0.0168506192602578	0.0268672756582483	0.0432937916702745	0.0250668449197861	0.0429331959471063
Bacteria|Chloroflexi|Unassigned|Unassigned|Unassigned	0.0558191459670667	0.078118218904609	0.0154942671211652	0.0240038406144983	0.0151411916117798	0.0251593425025159	0.0464166357222429	0.123727039116779	0.0365196749748927	0.0454669455305993	0.0620292423571112	0.0191846522781775	0.0430070531567177	0.0337012385205156	0.0268672756582483	0.0432937916702745	0.0501336898395722	0.0686931135153701
Bacteria|Firmicutes|Bacilli|Bacillales|Alicyclobacillaceae	0	0	0	0.00800128020483277	0.00757059580588992	0.0335457900033546	0.0371333085777943	0.0380698581897782	0	0.0272801673183596	0.168365086397873	0.00959232613908873	0.00860141063134354	0.0252759288903867	0	0.086587583340549	0	0
Bacteria|Firmicutes|Bacilli|Bacillales|Bacillaceae_1	0.976835054423667	0.954778231056332	0.519057948559033	0.584093454952792	0.348247407070936	0.888963435088896	2.96138135907909	1.46568954030646	1.7346845613074	1.89142493407293	1.04563579973416	3.76978417266187	0.507483227249269	0.345437694835285	0.680637650008956	0.458914191704909	0.325868983957219	0.618238021638331
Bacteria|Firmicutes|Bacilli|Bacillales|Bacillaceae_2	0.0279095729835334	0	0	0	0.00757059580588992	0	0.167099888600074	0.0190349290948891	0.0912991874372318	0.00909338910611985	0.00886132033673017	0.0191846522781775	0	0	0.00895575855274942	0	0	0.0257599175682638
Bacteria|Firmicutes|Bacilli|Bacillales|Paenibacillaceae_1	0.353521257791422	0.312472875618436	0.604276417725442	2.60841734677548	0.121129532894239	0.55350553505535	1.74526550315633	0.913676596554678	0.383456587236374	0.827498408656906	0.248116969428445	0.652278177458034	0.180629623258214	0.134804954082063	0.250761239476984	0.225127716685427	0.158756684491979	0.154559505409583
Bacteria|Firmicutes|Bacilli|Bacillales|Paenibacillaceae_2	0.0186063819890222	0.0347192084020484	0.0387356678029129	0.0320051208193311	0.0151411916117798	0.0419322375041932	0.0278499814333457	0.0951746454744456	0	0.00909338910611985	0.00886132033673017	0.00959232613908873	0.00860141063134354	0	0.00895575855274942	0.0086587583340549	0	0.00858663918942126
Bacteria|Firmicutes|Bacilli|Bacillales|Planococcaceae	0.0465159549725556	0.0433990105025605	0.0232414006817478	0.0480076812289966	0.0151411916117798	0.0335457900033546	0.0835499443000371	0.0190349290948891	0.0547795124623391	0.00909338910611985	0.115197164377492	0.258992805755396	0.0172028212626871	0.0252759288903867	0.0268672756582483	0.0173175166681098	0.0334224598930481	0.034346556757685
Bacteria|Firmicutes|Bacilli|Bacillales|Thermoactinomycetaceae_1	0.00930319099451112	0.0173596042010242	0.0154942671211652	0.00800128020483277	0	0.0167728950016773	0	0	0.0365196749748927	0.00909338910611985	0	0.0479616306954436	0	0	0.00895575855274942	0.0259762750021647	0	0.0257599175682638
Bacteria|Firmicutes|Bacilli|Bacillales|Thermoactinomycetaceae_2	0.0465159549725556	0.0867980210051211	0.0232414006817478	0.0960153624579933	0.0227117874176698	0.0167728950016773	0.0371333085777943	0.171314361854002	0.0821692686935086	0.0272801673183596	0.0797518830305716	0.0863309352517986	0.00860141063134354	0.00842530963012891	0.0358230342109977	0.0519525500043294	0.0250668449197861	0.0858663918942126
Bacteria|Firmicutes|Bacilli|Lactobacillales|Streptococcaceae	0.130244673923156	0.0607586147035848	0.364115277347381	0.0960153624579933	0.0529941706412295	0.0922509225092251	0.185666542888971	0.0475873227372228	0.0639094312060623	0.127307447485678	0.141781125387683	0.134292565947242	0.154825391364184	0.15165557334232	0.16120365394949	0.0779288250064941	0.0835561497326203	0.240425897303795
Bacteria|Firmicutes|Bacilli|Unassigned|Unassigned	0.837287189506001	0.390591094523045	0.472575147195538	0.584093454952792	0.264970853206147	0.394163032539416	0.492016338655774	0.456838298277339	0.967771386834657	0.727471128489588	0.48737261852016	0.393285371702638	0.26664372957165	0.404414862246188	0.411964893426473	0.554160533379513	0.359291443850267	0.429331959471063
Bacteria|Firmicutes|Clostridia|Clostridiales|Clostridiaceae_1	0	0.321152677718948	0.0154942671211652	0.00800128020483277	0.00757059580588992	0	0.0371333085777943	0	0.0821692686935086	0	0.00886132033673017	0.00959232613908873	0	0	0	0	0	0.0772797527047913
Bacteria|Firmicutes|Clostridia|Clostridiales|Lachnospiraceae	0	0.130197031507682	0	0	0	0	0	0	0	0	0	0	0	0	0	0	0	0.0944530310836339
Bacteria|Firmicutes|Clostridia|Clostridiales|Peptostreptococcaceae	0	0	0.0154942671211652	0.00800128020483277	0.00757059580588992	0.00838644750083864	0.0185666542888971	0.00951746454744456	0.00912991874372318	0.00909338910611985	0.00886132033673017	0.0671462829736211	0	0.0168506192602578	0	0.0086587583340549	0.00835561497326203	0.0171732783788425
Bacteria|Firmicutes|Unassigned|Unassigned|Unassigned	0.00930319099451112	0.00867980210051211	0.00774713356058258	0.0240038406144983	0	0.0167728950016773	0.00928332714444857	0.0285523936423337	0.00912991874372318	0.0272801673183596	0.0177226406734603	0.0191846522781775	0	0	0.00895575855274942	0	0.0250668449197861	0.00858663918942126
Bacteria|Gemmatimonadetes|Gemmatimonadetes|Gemmatimonadales|Gemmatimonadaceae	0.148851055912178	0.182275844110754	0.100712736287574	0.112017922867659	0.0529941706412295	0.109023817510902	0.204233197177869	0.199866755496336	0.155208618643294	0.127307447485678	0.150642445724413	0.15347721822542	0.0774126956820919	0.126379644451934	0.116424861185742	0.147198891678933	0.100267379679144	0.171732783788425
Bacteria|Ignavibacteriae|Ignavibacteria|Ignavibacteriales|Ignavibacteriaceae	0.0186063819890222	0.0173596042010242	0	0.0160025604096655	0	0.0419322375041932	0.00928332714444857	0.00951746454744456	0	0.063653723742839	0	0	0	0	0.00895575855274942	0	0	0.0257599175682638
Bacteria|Nitrospirae|Nitrospira|Nitrospirales|Nitrospiraceae	0.0465159549725556	0.0520788126030726	0.0232414006817478	0.0560089614338294	0.0227117874176698	0.0503186850050319	0.0928332714444857	0.0571047872846674	0.0821692686935086	0.063653723742839	0.0974745237040319	0.143884892086331	0.0774126956820919	0.0758277866711602	0.0806018269747448	0.329032816694086	0.108622994652406	0.163146144599004
Bacteria|Planctomycetes|Phycisphaerae|Phycisphaerales|Phycisphaeraceae	0.0372127639780445	0.0433990105025605	0	0.0160025604096655	0	0.00838644750083864	0.0371333085777943	0.00951746454744456	0	0	0.0177226406734603	0.0479616306954436	0.0172028212626871	0.00842530963012891	0.00895575855274942	0.0346350333362196	0.00835561497326203	0.0257599175682638
Bacteria|Planctomycetes|Planctomycetacia|Pirellulales|Lacipirellulaceae	0	0.16491623990973	0.0697242020452433	0.0240038406144983	0	0.0167728950016773	0.3249164500557	0.494908156467117	0.22824796859308	0.063653723742839	0.150642445724413	0.278177458033573	0.129021159470153	0.126379644451934	0.134336378291241	0.112563858342714	0.0668449197860962	0.0257599175682638
Bacteria|Planctomycetes|Planctomycetacia|Pirellulales|Pirellulaceae	0.0279095729835334	0.0173596042010242	0.0309885342423303	0	0.00757059580588992	0.0335457900033546	0.167099888600074	0.133244503664224	0.0456495937186159	0.0818405019550787	0.0797518830305716	0.105515587529976	0.0602098744194048	0.0337012385205156	0.0895575855274942	0.0259762750021647	0.0250668449197861	0.0515198351365276
Bacteria|Proteobacteria|Alphaproteobacteria|Caulobacterales|Caulobacteraceae	1.3396595032096	1.09365506466453	1.19305856832972	1.08817410785726	1.44598379892498	1.48440120764844	1.03044931303379	1.03740363567146	0.584314799598284	0.754751295807948	1.26716880815241	1.01678657074341	0.963357990710477	1.14584210969753	0.850797062511195	0.952463416746039	0.927473262032086	1.00463678516229
Bacteria|Proteobacteria|Alphaproteobacteria|Caulobacterales|Hyphomonadaceae	0.158154246906689	0.12151722940717	0.0542299349240781	0.0640102416386622	0.0681353622530093	0.0419322375041932	0.213516524322317	0.161796897306558	0.0547795124623391	0.145494225697918	0.150642445724413	0.163069544364508	0.103216927576122	0.0589771674109023	0.107469102632993	0.173175166681098	0.12533422459893	0.180319422977846
Bacteria|Proteobacteria|Alphaproteobacteria|Caulobacterales|Unassigned	0.0465159549725556	0	0	0.0240038406144983	0	0.0167728950016773	0.00928332714444857	0.0571047872846674	0.0182598374874464	0.00909338910611985	0.00886132033673017	0.0383693045563549	0.0258042318940306	0	0	0.0086587583340549	0.00835561497326203	0.13738622703074
Bacteria|Proteobacteria|Alphaproteobacteria|Rhizobiales|Afifellaceae	0.158154246906689	0.112837427306657	0.139448404090487	0.136021763482157	0.098417745476569	0.12579671251258	0.139249907166729	0.114209574569335	0.0639094312060623	0.100027280167318	0.106335844040762	0.134292565947242	0.103216927576122	0.0674024770410313	0.232849722371485	0.164516408347043	0.0752005347593583	0.111626309462476
Bacteria|Proteobacteria|Alphaproteobacteria|Rhizobiales|Ancalomicrobiaceae	0.0279095729835334	0.0954778231056332	0.0697242020452433	0.0240038406144983	0.0151411916117798	0.0167728950016773	0.102116598588934	0.0951746454744456	0.118688943668401	0.0454669455305993	0.0708905626938414	0.0575539568345324	0.0602098744194048	0.0421265481506445	0.0626903098692459	0.129881375010823	0.0835561497326203	0.0686931135153701
Bacteria|Proteobacteria|Alphaproteobacteria|Rhizobiales|Boseaceae	0.390734021769467	0.390591094523045	0.914161760148745	1.24019843174908	0.734347793171323	0.469641060046964	0.408466394355737	0.532978014656895	0.219118049849356	0.254614894971356	0.469649977846699	0.306954436450839	0.438671942198521	0.303311146684641	0.30449579079348	0.536843016711404	0.735294117647059	0.498025072986433
Bacteria|Proteobacteria|Alphaproteobacteria|Rhizobiales|Bradyrhizobiaceae	3.33054237603498	4.0881867893412	3.88906104741246	3.56857097135542	2.96010296010296	3.94163032539416	4.79019680653546	3.16931569429904	2.50159773578015	2.83713740110939	3.5533894550288	3.92326139088729	2.58902460003441	2.56129412755919	3.61812645531076	3.35093947527924	2.75735294117647	3.28009617035892
Bacteria|Proteobacteria|Alphaproteobacteria|Rhizobiales|Brucellaceae	0	0	0.0464828013634955	0	0.00757059580588992	0.0335457900033546	0.00928332714444857	0	0	0	0	0	0	0.0337012385205156	0	0.0259762750021647	0.0167112299465241	0.00858663918942126
Bacteria|Proteobacteria|Alphaproteobacteria|Rhizobiales|Chelatococcaceae	0.0186063819890222	0.0694384168040969	0.092965602726991	0.0640102416386622	0.0832765538647892	0.0335457900033546	0.0556999628666914	0.0380698581897782	0.0730393499497854	0.0909338910611985	0.0620292423571112	0.0287769784172662	0.0602098744194048	0.0505518577807734	0.0806018269747448	0.0606113083383843	0.0417780748663102	0.0686931135153701
Bacteria|Proteobacteria|Alphaproteobacteria|Rhizobiales|Devosiaceae	1.71178714299005	1.3627289297804	1.82057638673691	1.58425348055689	2.80869104398516	2.11338477021134	1.18826587448942	1.65603883125535	0.80343284944764	1.27307447485678	1.34692069118299	1.06474820143885	0.834336831240323	1.06158901339624	1.16424861185742	0.952463416746039	1.19485294117647	1.54559505409583
Bacteria|Proteobacteria|Alphaproteobacteria|Rhizobiales|Hyphomicrobiaceae	1.28384035724253	1.18045308566965	1.39448404090487	1.0001600256041	0.787341963812552	1.18248909761825	1.6245822502785	1.09450842295612	0.629964393316899	0.982086023460944	1.116526362428	1.51558752997602	0.877343884397041	0.741427247451344	0.92244313093319	0.684041908390337	0.593248663101604	1.0905031770565
Bacteria|Proteobacteria|Alphaproteobacteria|Rhizobiales|Kaistiaceae	0.186063819890222	0.0954778231056332	0.092965602726991	0.0800128020483277	0.0529941706412295	0.285139215028514	0.185666542888971	0.10469211002189	0.0821692686935086	0.100027280167318	0.0797518830305716	0.124700239808153	0.0602098744194048	0	0.143292136843991	0.138540133344878	0.0167112299465241	0.0772797527047913
Bacteria|Proteobacteria|Alphaproteobacteria|Rhizobiales|Methylobacteriaceae	0.390734021769467	0.425310302925093	0.162689804772234	0.160025604096655	0.196835490953138	0.327071452532707	0.380616412922391	0.237936613686114	0.292157399799142	0.245521505865236	0.292423571112096	0.556354916067146	0.197832444520901	0.168506192602578	0.268672756582483	0.268421508355702	0.150401069518717	0.34346556757685
Bacteria|Proteobacteria|Alphaproteobacteria|Rhizobiales|Methylocystaceae	0.0186063819890222	0.0173596042010242	0.0774713356058258	0.00800128020483277	0	0.0167728950016773	0.0278499814333457	0.00951746454744456	0.00912991874372318	0.00909338910611985	0.0177226406734603	0	0	0	0.0358230342109977	0	0.0250668449197861	0.034346556757685
Bacteria|Proteobacteria|Alphaproteobacteria|Rhizobiales|Parvibaculaceae	0.0744255279560889	0.0347192084020484	0.0309885342423303	0.072011521843495	0.0454235748353395	0.0419322375041932	0.0464166357222428	0.0571047872846674	0.0456495937186159	0.063653723742839	0.0265839610101905	0.0767386091127098	0.0172028212626871	0.0505518577807734	0.0447787927637471	0.0779288250064941	0.0417780748663102	0.0429331959471063
Bacteria|Proteobacteria|Alphaproteobacteria|Rhizobiales|Phyllobacteriaceae	0.939622290445623	1.0762954604635	1.13108149984506	1.05616898703793	1.09773639185404	1.41730962764173	0.816932788711474	0.761397163795565	0.766913174472747	0.745657906701828	0.921577315019938	0.796163069544364	0.851539652503011	0.876232201533406	0.788106752641949	0.978439691748203	0.935828877005348	0.789970805426756
Bacteria|Proteobacteria|Alphaproteobacteria|Rhizobiales|Pleomorphomonadaceae	0.0651223369615778	0.0347192084020484	0.0619770684846607	0.0640102416386622	0.158982511923688	0.0670915800067092	0.0556999628666914	0.0475873227372228	0.0639094312060623	0.0454669455305993	0.053167922020381	0.0383693045563549	0.0688112850507483	0.092678405931418	0.197026688160487	0.0346350333362196	0.0919117647058823	0.0686931135153701
Bacteria|Proteobacteria|Alphaproteobacteria|Rhizobiales|Rhizobiaceae	3.12587217415574	2.30014755663571	4.99690114657577	4.2726836293807	5.8596411537588	3.96678966789668	2.45079836613442	3.0551061197297	2.09988131105633	3.19177957624807	3.82809038546743	3.36690647482014	2.39979356614485	3.52177942539388	2.25685115529285	2.84873149190406	4.03576203208556	2.76489781899365
Bacteria|Proteobacteria|Alphaproteobacteria|Rhizobiales|Unassigned	0.614010605637734	0.668344761739432	0.588782150604276	0.472075532085134	0.461806344159285	0.553505535055351	1.01188265874489	0.532978014656895	0.620834474573176	0.554696735473311	0.673460345591493	0.642685851318945	0.447273352829864	0.488667958547477	0.77019523553645	0.398302883366525	0.359291443850267	0.549544908122961
Bacteria|Proteobacteria|Alphaproteobacteria|Rhodospirillales|Azospirillaceae	0.0279095729835334	0.0173596042010242	0.0464828013634955	0.0320051208193311	0.0151411916117798	0.0251593425025159	0.06498329001114	0.0380698581897782	0.0547795124623391	0.0181867782122397	0.0443066016836509	0.0479616306954436	0.0258042318940306	0.0337012385205156	0	0.0779288250064941	0.0167112299465241	0.0257599175682638
Bacteria|Proteobacteria|Alphaproteobacteria|Rhodospirillales|Reyranellaceae	0.186063819890222	0.243034458814339	0.232414006817478	0.128020483277324	0.0454235748353395	0.251593425025159	0.25993316004456	0.133244503664224	0.191728293618187	0.163681003910157	0.124058484714222	0.258992805755396	0.14622398073284	0.092678405931418	0.340318825004478	0.242445233353537	0.0752005347593583	0.128799587841319
Bacteria|Proteobacteria|Alphaproteobacteria|Rhodospirillales|Rhodospirillaceae	0.5861010326542	0.642305355437896	0.302138208862721	0.336053768602976	0.189264895147248	0.301912110030191	1.2810991459339	0.761397163795565	0.77604309321647	0.63653723742839	0.673460345591493	0.719424460431655	0.645105797350766	0.522369197067992	0.60899158158696	0.822582041735215	0.350935828877005	0.506611712175854
Bacteria|Proteobacteria|Alphaproteobacteria|Rhodospirillales|Thalassobaculaceae	0.0279095729835334	0.0520788126030727	0.00774713356058258	0.0160025604096655	0	0.0251593425025159	0.0278499814333457	0.0571047872846674	0.0456495937186159	0.0272801673183596	0.0443066016836509	0.0575539568345324	0.0344056425253742	0.0252759288903867	0.00895575855274942	0.0259762750021647	0.0250668449197861	0.034346556757685
Bacteria|Proteobacteria|Alphaproteobacteria|Rhodospirillales|Unassigned	0.0837287189506001	0.0867980210051211	0.0619770684846607	0.0800128020483277	0.0529941706412295	0.0922509225092251	0.120683252877831	0.0951746454744456	0.100429106180955	0.063653723742839	0.132919805050953	0.201438848920863	0.0688112850507483	0.092678405931418	0.0358230342109977	0.0519525500043294	0.0584893048128342	0.0944530310836339
Bacteria|Proteobacteria|Alphaproteobacteria|Sneathiellales|Sneathiellaceae	0.139547864917667	0.12151722940717	0.162689804772234	0.0560089614338294	0.0908471496706791	0.0922509225092251	0.148533234311177	0.114209574569335	0.0821692686935086	0.0818405019550787	0.141781125387683	0.191846522781775	0.180629623258214	0.176931502232707	0.170159412502239	0.311715300025976	0.167112299465241	0.20607934054611
Bacteria|Proteobacteria|Alphaproteobacteria|Sphingomonadales|Erythrobacteraceae	0.213973392873756	0.173596042010242	0.255655407499225	0.240038406144983	0.355818002876826	0.394163032539416	0.204233197177869	0.323593794613115	0.118688943668401	0.136400836591798	0.256978289765175	0.163069544364508	0.0946155169447789	0.219058050383352	0.250761239476984	0.207810200017318	0.267379679144385	0.197492701356689
Bacteria|Proteobacteria|Alphaproteobacteria|Sphingomonadales|Sphingomonadaceae	1.82342543492418	1.94427567051471	3.25379609544469	2.87245959353497	3.37648572942691	2.6249580677625	1.67099888600074	1.44665461121157	1.16862959919657	1.44584886787306	1.74568010633584	1.92805755395683	1.10098056081197	1.57553290083411	1.24485043883217	2.0348082085029	1.82987967914438	1.51983513652756
Bacteria|Proteobacteria|Alphaproteobacteria|Sphingomonadales|Unassigned	0.00930319099451112	0.0260394063015363	0.0387356678029129	0.0160025604096655	0.0227117874176698	0	0.0371333085777943	0	0.00912991874372318	0	0.0177226406734603	0.0191846522781775	0.00860141063134354	0.00842530963012891	0	0.0173175166681098	0.00835561497326203	0.00858663918942126
Bacteria|Proteobacteria|Alphaproteobacteria|Unassigned|Unassigned	0.1674574379012	0.225674854613315	0.340873876665634	0.104016642662826	0.0681353622530093	0.268366320026837	0.222799851466766	0.218901684591225	0.209988131105633	0.272801673183595	0.159503766061143	0.354916067146283	0.189231033889558	0.353863004465414	0.259716998029733	0.355009091696251	0.108622994652406	0.20607934054611
Bacteria|Proteobacteria|Betaproteobacteria|Burkholderiales|Alcaligenaceae	0.0837287189506001	0.0520788126030726	0.0387356678029129	0.0160025604096655	0.0378529790294496	0.0503186850050319	0.102116598588934	0.180831826401447	0.0912991874372318	0.454669455305993	0.124058484714222	0.182254196642686	0.0344056425253742	0.0674024770410313	0.107469102632993	0.0692700666724392	0.00835561497326203	0.0601064743259488
Bacteria|Proteobacteria|Betaproteobacteria|Burkholderiales|Burkholderiaceae	0.260489347846311	0.156236437809218	0.441586612953207	0.304048647783645	0.105988341282459	0.318685005031868	0.269216487189009	0.31407633006567	0.209988131105633	0.218241338546876	0.239255649091715	0.412470023980815	0.197832444520901	0.286460527424383	0.179115171054988	0.259762750021647	0.284090909090909	0.249012536493217
Bacteria|Proteobacteria|Betaproteobacteria|Burkholderiales|Comamonadaceae	27.5560517257419	17.915111535457	24.2407809110629	24.6279404704753	34.5824816413052	25.6876886950688	16.2643891570739	14.5426858284953	20.5970966858395	21.3058106756388	20.8329641116526	16.6714628297362	21.5637364527783	27.7950964697953	21.0908113917249	22.7032643518919	23.4959893048128	21.0115060965138
Bacteria|Proteobacteria|Betaproteobacteria|Burkholderiales|Oxalobacteraceae	7.29370173969672	5.10372363510112	4.6715215370313	8.44135061609858	8.4866378984026	10.0050318685005	5.09654660230226	3.77843342533549	5.94357710216379	5.42875329635355	4.73194505981391	5.43884892086331	7.17357646654051	8.64436768051226	5.61526061257389	5.47233526712269	5.8322192513369	5.77022153529109
Bacteria|Proteobacteria|Betaproteobacteria|Burkholderiales|Unassigned	0.0930319099451112	0.0607586147035848	0.0232414006817478	0.00800128020483277	0.0378529790294496	0.0503186850050319	0.0835499443000371	0.0571047872846674	0.0912991874372318	0.063653723742839	0.0886132033673017	0.115107913669065	0.0946155169447789	0.0168506192602578	0.0716460684219953	0.0779288250064941	0.0501336898395722	0.120212948651898
Bacteria|Proteobacteria|Betaproteobacteria|Neisseriales|Chromobacteriaceae	0.223276583868267	0.12151722940717	0.123954136969321	0.104016642662826	0.0681353622530093	0.12579671251258	0.278499814333457	0.10469211002189	0.0639094312060623	0.263708284077476	0.239255649091715	0.239808153477218	0.0774126956820919	0.101103715561547	0.250761239476984	0.147198891678933	0.108622994652406	0.171732783788425
Bacteria|Proteobacteria|Betaproteobacteria|Nitrosomonadales|Methylophilaceae	0.241882965857289	0.399270896623557	0.178184071893399	0.192030724915987	0.446665152547505	0.561891982556189	0.185666542888971	0.361663652802893	0.283027481055419	0.290988451395835	0.265839610101905	0.15347721822542	0.29244796146568	0.404414862246188	0.582124305928712	0.311715300025976	0.267379679144385	0.249012536493217
Bacteria|Proteobacteria|Betaproteobacteria|Nitrosomonadales|Thiobacillaceae	0.00930319099451112	0.0173596042010242	0	0.0160025604096655	0	0.00838644750083864	0	0.00951746454744456	0	0	0.00886132033673017	0.0287769784172662	0.00860141063134354	0.0168506192602578	0.00895575855274942	0.0173175166681098	0	0.0429331959471063
Bacteria|Proteobacteria|Betaproteobacteria|Nitrosomonadales|Unassigned	0.0744255279560889	0.138876833608194	0.201425472575147	0.0480076812289966	0.0151411916117798	0.0670915800067092	0.176383215744523	0.114209574569335	0.127818862412125	0.0545603346367191	0.177226406734603	0.182254196642686	0.0774126956820919	0.0252759288903867	0.107469102632993	0.0432937916702745	0.108622994652406	0.111626309462476
Bacteria|Proteobacteria|Betaproteobacteria|Rhodocyclales|Zoogloeaceae	0.111638291934133	0.112837427306657	0.0309885342423303	0.0640102416386622	0.0454235748353395	0.142569607514257	0.176383215744523	0.0666222518321119	0.136948781155848	0.0818405019550787	0.106335844040762	0.143884892086331	0.0688112850507483	0.126379644451934	0.116424861185742	0.0779288250064941	0.0334224598930481	0.0686931135153701
Bacteria|Proteobacteria|Betaproteobacteria|Unassigned|Unassigned	0.00930319099451112	0.0347192084020484	0.0309885342423303	0.0240038406144983	0.0302823832235597	0.0419322375041932	0.06498329001114	0.0190349290948891	0.0547795124623391	0.0363735564244794	0.0265839610101905	0.0575539568345324	0.0344056425253742	0	0.0179115171054988	0.0346350333362196	0.0167112299465241	0.0601064743259488
Bacteria|Proteobacteria|Deltaproteobacteria|Bdellovibrionales|Bdellovibrionaceae	0.130244673923156	0.147556635708706	0.100712736287574	0.112017922867659	0.204406086759028	0.142569607514257	0.0835499443000371	0.10469211002189	0.118688943668401	0.100027280167318	0.115197164377492	0.0671462829736211	0.0860141063134354	0.15165557334232	0.0806018269747448	0.0779288250064941	0.0334224598930481	0.0858663918942126
Bacteria|Proteobacteria|Deltaproteobacteria|Desulfobacterales|Unassigned	0	0	0.0154942671211652	0.00800128020483277	0.0151411916117798	0.00838644750083864	0.06498329001114	0.00951746454744456	0.00912991874372318	0	0	0.00959232613908873	0	0.0168506192602578	0.00895575855274942	0.0086587583340549	0.0167112299465241	0
Bacteria|Proteobacteria|Deltaproteobacteria|Desulfovibrionales|Unassigned	0.00930319099451112	0.00867980210051211	0.00774713356058258	0	0.0302823832235597	0.00838644750083864	0.0185666542888971	0.0190349290948891	0.00912991874372318	0.0272801673183596	0.0177226406734603	0	0.0172028212626871	0.00842530963012891	0.0268672756582483	0.0173175166681098	0.0167112299465241	0
Bacteria|Proteobacteria|Deltaproteobacteria|Desulfuromonadales|Desulfuromonadaceae	0.0651223369615778	0.182275844110754	0.216919739696312	0.37606016962714	0.416382769323946	0.150956055015096	0.362049758633494	0.247454078233559	0.164338537387017	0.290988451395835	0.336730172795747	0.201438848920863	0.335455014622398	0.513943887437863	0.295540032240731	0.277080266689757	0.275735294117647	0.214665979735532
Bacteria|Proteobacteria|Deltaproteobacteria|Desulfuromonadales|Geobacteraceae	0.455856358731045	0.564187136533287	0.317632475983886	0.176028164506321	0.166553107729578	1.15732975511573	0.668399554400297	0.323593794613115	0.365196749748927	0.718377739383468	0.398759415152858	0.479616306954436	0.920350937553759	0.294885837054512	0.555257030270464	0.42427915836869	0.284090909090909	0.429331959471063
Bacteria|Proteobacteria|Deltaproteobacteria|Desulfuromonadales|Unassigned	0.0372127639780445	0.0520788126030726	0.0464828013634955	0.0240038406144983	0.00757059580588992	0.0251593425025159	0.0742666171555886	0.0380698581897782	0.0456495937186159	0.00909338910611985	0.0886132033673017	0.0479616306954436	0.0258042318940306	0.0168506192602578	0.0447787927637471	0.0606113083383843	0.0501336898395722	0.120212948651898
Bacteria|Proteobacteria|Deltaproteobacteria|Myxococcales|Cystobacteraceae	0.195367010884733	0.130197031507682	0.0619770684846607	0.0480076812289966	0.0454235748353395	0.0838644750083865	0.185666542888971	0.266489007328448	0.127818862412125	0.227334727652996	0.132919805050953	0.201438848920863	0.0860141063134354	0.0758277866711602	0.16120365394949	0.155857650012988	0.0584893048128342	0.163146144599004
Bacteria|Proteobacteria|Deltaproteobacteria|Myxococcales|Haliangiaceae	0.288398920829845	0.390591094523045	0.0852184691664084	0.160025604096655	0.136270724506019	0.318685005031869	0.631266245822503	0.409250975540116	0.40171642472382	0.400109120669273	0.49623393885689	0.594724220623501	0.421469120935833	0.261184598533996	0.46569944474297	0.294397783357866	0.317513368983957	0.394985402713378
Bacteria|Proteobacteria|Deltaproteobacteria|Myxococcales|Kofleriaceae	0.213973392873756	0.0867980210051211	0.0774713356058259	0.0960153624579933	0.128700128700129	0.0754780275075478	0.167099888600074	0.114209574569335	0.182598374874464	0.190961171228517	0.186087727071334	0.211031175059952	0.206433855152245	0.126379644451934	0.268672756582483	0.138540133344878	0.12533422459893	0.231839258114374
Bacteria|Proteobacteria|Deltaproteobacteria|Myxococcales|Labilitrichaceae	0.0930319099451112	0.16491623990973	0.0852184691664084	0.0960153624579933	0.0605647664471194	0.0503186850050319	0.139249907166729	0.0571047872846674	0.127818862412125	0.0727471128489588	0.106335844040762	0.163069544364508	0.0946155169447789	0.092678405931418	0.16120365394949	0.086587583340549	0.0919117647058823	0.145972866220161
Bacteria|Proteobacteria|Deltaproteobacteria|Myxococcales|Myxococcaceae	0	0.0433990105025605	0.00774713356058258	0.00800128020483277	0.0151411916117798	0	0.0185666542888971	0.00951746454744456	0.00912991874372318	0	0.0265839610101905	0.0383693045563549	0.00860141063134354	0.0252759288903867	0	0	0	0
Bacteria|Proteobacteria|Deltaproteobacteria|Myxococcales|Nannocystaceae	0.353521257791422	0.208315250412291	0.224666873256895	0.272043526964314	0.272541449012037	0.360617242536062	0.334199777200149	0.199866755496336	0.365196749748927	0.309175229608075	0.416482055826318	0.402877697841727	0.447273352829864	0.505518577807734	0.60899158158696	0.484890466707074	0.61831550802139	0.41215868109222
Bacteria|Proteobacteria|Deltaproteobacteria|Myxococcales|Polyangiaceae	1.89785096288027	2.06579289992188	1.17756430120855	1.14418306929109	1.01445983798925	2.42368332774237	2.16301522465652	1.60845150851813	1.00429106180955	1.76411748658725	1.5861763402747	1.83213429256595	1.09237915018063	0.834105653382762	1.70159412502239	1.02173348341848	1.17814171122995	1.12484973381419
Bacteria|Proteobacteria|Deltaproteobacteria|Myxococcales|Sandaracinaceae	0.297702111824356	0.182275844110754	0.263402541059808	0.216034565530485	0.325535619653267	0.18450184501845	0.241366505755663	0.161796897306558	0.20085821236191	0.218241338546876	0.301284891448826	0.249400479616307	0.240839497677619	0.337012385205156	0.241805480924234	0.320374058360031	0.250668449197861	0.266185814872059
Bacteria|Proteobacteria|Deltaproteobacteria|Myxococcales|Unassigned	0.223276583868267	0.12151722940717	0.0697242020452433	0.192030724915987	0.0454235748353395	0.117410265011741	0.278499814333457	0.218901684591225	0.17346845613074	0.281895062289715	0.150642445724413	0.297362110311751	0.189231033889558	0.143230263712191	0.116424861185742	0.103905100008659	0.275735294117647	0.197492701356689
Bacteria|Proteobacteria|Deltaproteobacteria|Syntrophobacterales|Syntrophobacteraceae	0.0186063819890222	0	0.0154942671211652	0.00800128020483277	0	0	0.00928332714444857	0.0190349290948891	0	0.0272801673183596	0.00886132033673017	0.0191846522781775	0	0.00842530963012891	0.0268672756582483	0.0086587583340549	0.00835561497326203	0.00858663918942126
Bacteria|Proteobacteria|Deltaproteobacteria|Unassigned|Unassigned	0.614010605637734	0.607586147035848	0.294391075302138	0.352056329012642	0.264970853206147	0.670915800067092	0.621982918678054	0.418768440087561	0.365196749748927	0.509229789942712	0.51395657953035	0.700239808153477	0.361259246516429	0.379138933355801	0.662726132903457	0.268421508355702	0.359291443850267	0.729864331100807
Bacteria|Proteobacteria|Gammaproteobacteria|Acidiferrobacterales|Acidiferrobacteraceae	0.0186063819890222	0.0173596042010242	0.00774713356058258	0	0	0	0.0278499814333457	0.0571047872846674	0.00912991874372318	0.0363735564244794	0.0354452813469207	0.0191846522781775	0	0.00842530963012891	0.0447787927637471	0.0606113083383843	0	0.0171732783788425
Bacteria|Proteobacteria|Gammaproteobacteria|Cellvibrionales|Cellvibrionaceae	0.120941482928645	0.0260394063015363	0.0542299349240781	0.0480076812289966	0.0378529790294496	0.0251593425025159	0.111399925733383	0.285523936423337	0.629964393316899	0.381922342457034	0.0443066016836509	0.0383693045563549	0.29244796146568	0.0842530963012891	0.0716460684219953	0.0432937916702745	0.0334224598930481	0.0858663918942126
Bacteria|Proteobacteria|Gammaproteobacteria|Chromatiales|Ectothiorhodospiraceae	0.130244673923156	0.078118218904609	0.139448404090487	0.0880140822531605	0.0605647664471194	0.0670915800067092	0.102116598588934	0.114209574569335	0.100429106180955	0.0545603346367191	0.0620292423571112	0.172661870503597	0.0430070531567177	0.0674024770410313	0.0537345513164965	0.0432937916702745	0.0584893048128342	0.163146144599004
Bacteria|Proteobacteria|Gammaproteobacteria|Chromatiales|Unassigned	0.0186063819890222	0.00867980210051211	0.0387356678029129	0.072011521843495	0.0529941706412295	0.0167728950016773	0	0.0475873227372228	0.0182598374874464	0.0363735564244794	0.0354452813469207	0.0287769784172662	0.0516084637880612	0.0337012385205156	0.0447787927637471	0.0606113083383843	0.0501336898395722	0.0515198351365276
Bacteria|Proteobacteria|Gammaproteobacteria|Enterobacterales|Erwiniaceae	0	0	0.00774713356058258	0	0	0	0.686966208689194	0	0	0	0	0	0	0	0	0	0	0
Bacteria|Proteobacteria|Gammaproteobacteria|Gammaproteobacteria_incertae_sedis|Unassigned	1.38617545818216	1.17177328356913	1.12333436628447	0.920147223555769	1.10530698765993	1.04830593760483	2.14444857036762	1.34196250118968	1.2599287866338	1.39128853323634	1.63048294195835	1.90887290167866	1.19559607775675	1.31434830230011	2.09564750134336	1.51528270845961	1.40374331550802	1.97492701356689
Bacteria|Proteobacteria|Gammaproteobacteria|Nevskiales|Nevskiaceae	0.0558191459670667	0.0347192084020484	0.0154942671211652	0.0320051208193311	0.0151411916117798	0.0251593425025159	0.0371333085777943	0.0285523936423337	0.00912991874372318	0.00909338910611985	0.053167922020381	0.0479616306954436	0.0344056425253742	0.0252759288903867	0.0358230342109977	0.0519525500043294	0.0334224598930481	0.0429331959471063
Bacteria|Proteobacteria|Gammaproteobacteria|Nevskiales|Steroidobacteraceae	3.58172853288678	3.38512281919972	2.43259993802293	2.49639942390783	1.21886592474828	2.70043609527004	4.92944671370219	3.27400780432093	3.7432666849265	2.98263162680731	4.0230394328755	4.39328537170264	2.78685704455531	3.38697447131182	4.35249865663622	4.13022772534419	3.09993315508021	4.55091877039327
Bacteria|Proteobacteria|Gammaproteobacteria|Nevskiales|Unassigned	0.00930319099451112	0	0.0232414006817478	0	0.00757059580588992	0.0167728950016773	0.0371333085777943	0.0285523936423337	0.00912991874372318	0.0181867782122397	0.0177226406734603	0.0191846522781775	0.00860141063134354	0	0.0447787927637471	0.0086587583340549	0.0167112299465241	0.00858663918942126
Bacteria|Proteobacteria|Gammaproteobacteria|Pseudomonadales|Pseudomonadaceae	0.427946785747511	0.2864334693169	0.278896808180973	0.336053768602976	1.40813081989553	0.385776585038578	0.90976606015596	2.33177881412392	0.520405368392221	2.32790761116668	1.32919805050953	2.15827338129496	0.318252193359711	0.31173645631477	0.573168547375963	0.380985366698415	1.05280748663102	0.661171217585437
Bacteria|Proteobacteria|Gammaproteobacteria|Unassigned|Unassigned	0.139547864917667	0.130197031507682	0.116207003408739	0.160025604096655	0.219547278370808	0.12579671251258	0.204233197177869	0.133244503664224	0.136948781155848	0.200054560334637	0.168365086397873	0.105515587529976	0.249440908308963	0.219058050383352	0.15224789539674	0.129881375010823	0.192179144385027	0.180319422977846
Bacteria|Proteobacteria|Gammaproteobacteria|Xanthomonadales|Rhodanobacteraceae	0.130244673923156	0.138876833608194	0.20917260613573	0.280044807169147	0.211976682564918	0.226434082522643	0.19494987003342	0.171314361854002	0.219118049849356	0.0909338910611985	0.106335844040762	0.172661870503597	0.249440908308963	0.252759288903867	0.223893963818735	0.129881375010823	0.208890374331551	0.249012536493217
Bacteria|Proteobacteria|Gammaproteobacteria|Xanthomonadales|Xanthomonadaceae	1.95367010884733	1.44952695078552	2.02974899287264	2.33637381981117	2.41502006207889	2.8430057027843	1.46676568882287	1.55134672123346	1.8898931799507	1.74593070837501	3.06601683650864	2.27338129496403	1.47944262859109	1.87884404751875	2.11355901844886	2.41579357520132	2.01370320855615	2.44719216898506
Bacteria|Proteobacteria|Oligoflexia|Bacteriovoracales|Bacteriovoracaceae	0.0837287189506001	0.138876833608194	0.294391075302138	0.176028164506321	0.552653493829964	0.234820530023482	0.167099888600074	0.199866755496336	0.136948781155848	0.327362007820315	0.230394328754985	0.0767386091127098	0.240839497677619	0.598196983739152	0.143292136843991	0.181833925015153	0.309157754010695	0.0944530310836339
Bacteria|Proteobacteria|Unassigned|Unassigned|Unassigned	0.372127639780445	0.433990105025605	0.0774713356058259	0.216034565530485	0.302823832235597	0.419322375041932	0.399183067211289	0.295041400970781	0.264767643567972	0.227334727652996	0.159503766061143	0.249400479616307	0.696714261138827	0.244333979273738	0.286584273687981	0.190492683349208	0.350935828877005	0.352052206766272
Bacteria|Spirochaetes|Spirochaetia|Spirochaetales|Leptospiraceae	0.0558191459670667	0.0173596042010242	0.0852184691664084	0.0880140822531605	0.113558937088349	0.0838644750083864	0.0928332714444857	0.0951746454744456	0.100429106180955	0.181867782122397	0.141781125387683	0.0671462829736211	0.0946155169447789	0.126379644451934	0.116424861185742	0.138540133344878	0.0584893048128342	0.171732783788425
Bacteria|Spirochaetes|Spirochaetia|Spirochaetales|Spirochaetaceae	0.00930319099451112	0.00867980210051211	0.00774713356058258	0.0160025604096655	0.00757059580588992	0	0.0185666542888971	0.0285523936423337	0.0273897562311695	0.0272801673183596	0.0177226406734603	0.0287769784172662	0	0.0505518577807734	0.0179115171054988	0.0259762750021647	0	0.034346556757685
Bacteria|Unassigned|Unassigned|Unassigned|Unassigned	0.465159549725556	0.65966495963892	0.526805082119616	0.496079372699632	0.492088727382845	0.49480040254948	0.538432974378017	0.561530408299229	0.566054962110837	0.372828953350914	0.425343376163048	0.489208633093525	0.490280405986582	0.522369197067992	0.573168547375963	0.458914191704909	0.609959893048128	0.429331959471063
Bacteria|Verrucomicrobia|Opitutae|Opitutales|Opitutaceae	0.00930319099451112	0.00867980210051211	0.0154942671211652	0.0160025604096655	0.0227117874176698	0.0251593425025159	0.0278499814333457	0.0285523936423337	0.100429106180955	0.0818405019550787	0.150642445724413	0.23021582733813	0.129021159470153	0.0842530963012891	0.143292136843991	0.0779288250064941	0.0584893048128342	0.0515198351365276
Bacteria|Verrucomicrobia|Spartobacteria|Unassigned|Unassigned	0.0279095729835334	0.00867980210051211	0.0232414006817478	0	0.0151411916117798	0.0167728950016773	0.120683252877831	0.0285523936423337	0.0639094312060623	0.00909338910611985	0.0443066016836509	0.0767386091127098	0.0344056425253742	0.0168506192602578	0.0268672756582483	0.0692700666724392	0.0167112299465241	0.0257599175682638
Bacteria|Verrucomicrobia|Subdivision3|Unassigned|Unassigned	0.0651223369615778	0.0260394063015363	0.0387356678029129	0.00800128020483277	0.0151411916117798	0.0419322375041932	0.0371333085777943	0.0380698581897782	0.0639094312060623	0.0545603346367191	0.0708905626938414	0.0383693045563549	0.0258042318940306	0.0168506192602578	0.0716460684219953	0.0346350333362196	0.00835561497326203	0.034346556757685
Bacteria|Verrucomicrobia|Verrucomicrobiae|Verrucomicrobiales|Verrucomicrobiaceae	0	0	0.0232414006817478	0	0.00757059580588992	0.00838644750083864	0.0185666542888971	0.0190349290948891	0.0639094312060623	0.00909338910611985	0.0708905626938414	0.0671462829736211	0.0258042318940306	0.0505518577807734	0.00895575855274942	0.0259762750021647	0.0250668449197861	0.00858663918942126
