All	East	North	Outside	South
1.269679	2.1316681	0.0000000	0.1572327	0.0000000
2.215146	3.7300073	0.0000000	0.2358491	0.0000000
0.195035	0.3343465	0.0000000	0.0000000	0.0000000
0.231087	0.3961499	0.0000000	0.0000000	0.0000000
1.064494	0.1027749	0.0000000	6.0272537	0.0000000
0.344444	0.5904762	0.0000000	0.0000000	0.0000000
0.393466	0.03809524	0.00000000	2.22746331	0.00000000
0.181159	0.3105576	0.0000000	0.0000000	0.0000000
0.812577	1.39299	0.00000	0.00000	0.00000
0.290698	0.000000	1.744186	0.000000	0.000000
0.192678	0.000000	1.156069	0.000000	0.000000
0.192678	0.000000	1.156069	0.000000	0.000000
0.741114	0.2738032	3.4883721	0.0000000	0.0000000
0.374479	0.61950235	0.00000000	0.07861635	0.00000000
0.103186	0.1768895	0.0000000	0.0000000	0.0000000
4.71183	8.077423	0.000000	0.000000	0.000000
0.418229	0.7169647	0.0000000	0.0000000	0.0000000
1.028835	1.74125574	0.00000000	0.07861635	0.00000000
1.11502	0.9978415	3.1976744	0.0000000	0.0000000
