	feces1	feces2	feces3	feces4	feces5	feces6	plaque1	plaque2	plaque3	plaque4	plaque5	plaque6	saliva1	saliva2	saliva3	saliva4	saliva5	saliva6
ASV_1	0	0	0	0	0	0	256	12	0	0	119	0	0	0	0	0	0	0
ASV_2	0	0	0	0	0	0	2	34	2	262	1	0	1	1	0	0	0	0
ASV_10	0	0	0	0	0	0	0	0	1	0	0	1	5	63	42	47	76	36
ASV_3	0	0	0	0	0	0	0	0	0	0	268	0	1	0	1	0	0	0
ASV_4	0	0	0	0	0	0	1	0	0	0	0	3	4	80	61	32	80	3
ASV_5	192	4	0	0	3	0	0	0	0	0	0	0	0	0	0	0	0	0
ASV_7	0	0	0	0	0	0	0	0	0	0	0	0	0	171	3	0	0	4
ASV_8	0	0	0	0	0	0	0	0	0	0	0	0	10	35	16	26	90	0
ASV_9	0	0	0	0	0	0	0	0	0	0	0	1	3	3	16	1	152	0
ASV_6	0	0	0	0	0	0	1	0	169	0	0	0	0	0	0	0	0	0
ASV_14	0	0	0	0	0	0	2	0	0	0	0	0	0	0	0	0	135	9
ASV_22	0	2	0	0	0	0	2	0	1	0	3	1	9	0	26	5	72	24
ASV_13	0	0	0	0	0	0	0	79	12	31	3	1	6	0	0	0	1	0
ASV_18	0	0	0	0	0	0	0	0	0	0	0	0	0	0	6	0	15	112
ASV_19	0	0	0	0	0	0	9	0	87	15	4	2	12	0	1	0	0	0
ASV_17	0	0	0	0	0	0	0	0	0	0	0	0	0	115	4	2	1	0
ASV_23	0	0	0	0	0	0	0	0	0	0	0	0	0	4	114	0	0	0
ASV_54	0	26	5	83	0	0	0	1	0	0	0	0	0	0	0	0	0	0
ASV_49	0	0	0	0	0	0	0	0	0	0	0	0	3	4	3	89	0	9
ASV_11	0	0	0	0	0	0	0	102	0	0	0	0	0	0	0	0	0	0
ASV_21	0	0	0	95	0	5	0	0	0	0	0	0	0	0	0	0	0	0
ASV_36	0	0	0	0	0	0	0	0	0	0	0	1	0	6	1	90	0	0
ASV_12	0	0	0	0	0	0	0	0	0	0	0	0	97	0	0	0	0	0
ASV_35	0	0	0	0	0	0	0	0	1	0	0	0	0	0	12	3	12	67
ASV_15	0	0	0	0	0	0	89	0	0	0	0	0	0	0	0	0	0	0
ASV_20	0	0	0	0	0	0	0	0	0	0	0	0	0	0	0	0	0	88
ASV_24	0	0	0	0	0	0	4	0	8	0	17	10	46	0	0	0	0	0
ASV_16	0	0	0	0	0	0	0	0	48	0	0	0	31	0	4	0	0	0
ASV_38	0	0	0	0	0	0	1	0	0	0	0	0	0	0	1	77	4	0
ASV_42	0	0	0	0	0	0	1	0	0	0	0	0	0	3	27	0	0	52
ASV_53	1	12	0	52	16	0	0	0	0	0	0	0	0	0	0	0	0	0
ASV_208	0	0	0	0	0	0	4	0	2	2	0	1	4	32	11	21	1	2
ASV_48	0	0	0	0	0	0	0	0	0	0	0	1	1	1	8	26	19	23
ASV_34	0	0	0	0	0	0	31	3	15	1	10	5	10	0	0	0	0	1
ASV_63	5	0	8	60	3	0	0	0	0	0	0	0	0	0	0	0	0	0
ASV_75	0	0	0	0	0	0	2	0	0	0	0	0	0	72	0	0	0	0
ASV_29	0	1	1	0	1	0	0	0	0	0	0	2	0	4	3	12	12	37
ASV_30	0	0	0	0	0	0	0	0	63	0	0	0	9	0	0	0	0	0
ASV_44	0	0	0	0	0	0	0	0	0	0	0	0	0	0	0	70	1	1
ASV_80	0	0	70	1	0	0	0	0	0	0	0	0	0	0	0	0	0	0
ASV_28	69	0	0	0	0	0	0	1	0	0	0	0	0	0	0	0	0	0
ASV_55	0	0	0	0	0	0	41	0	4	0	23	0	0	0	1	0	0	1
ASV_726	0	0	0	0	0	0	0	0	0	0	0	0	0	20	5	21	9	15
ASV_25	0	0	0	0	0	0	0	0	69	0	0	0	0	0	0	0	0	0
ASV_286	7	42	8	7	4	1	0	0	0	0	0	0	0	0	0	0	0	0
ASV_95	0	0	0	0	0	0	0	0	0	0	0	0	0	69	0	0	0	0
ASV_26	0	0	0	0	0	0	0	0	0	1	0	6	61	0	0	0	0	0
ASV_77	0	0	0	0	0	0	0	0	0	67	0	0	0	0	0	0	0	0
ASV_394	0	4	0	7	55	0	0	0	0	0	0	0	0	0	0	0	0	0
ASV_498	29	0	10	27	0	0	0	0	0	0	0	0	0	0	0	0	0	0
ASV_185	4	2	26	4	14	15	0	0	0	0	0	0	0	0	0	0	0	0
ASV_81	0	1	0	0	63	0	0	0	0	0	0	0	0	0	0	0	0	0
ASV_51	0	0	0	0	0	0	63	0	0	0	0	0	0	0	0	0	0	0
ASV_27	0	0	0	0	0	0	62	0	0	0	0	0	0	0	0	0	0	0
ASV_32	0	0	0	0	0	0	0	62	0	0	0	0	0	0	0	0	0	0
ASV_62	0	0	62	0	0	0	0	0	0	0	0	0	0	0	0	0	0	0
ASV_392	18	6	27	8	2	0	0	0	0	0	0	0	0	0	0	0	0	0
ASV_46	0	0	0	0	0	0	53	0	0	4	2	0	0	0	0	0	2	0
ASV_60	0	0	0	0	0	0	0	0	0	0	0	0	0	0	0	42	0	19
ASV_98	59	0	1	0	0	0	0	0	0	0	0	0	0	0	0	0	0	0
ASV_145	0	0	0	0	0	0	0	0	0	0	0	0	0	6	17	20	8	8
ASV_56	0	0	0	0	0	0	58	0	1	0	0	0	0	0	0	0	0	0
ASV_61	58	0	0	0	1	0	0	0	0	0	0	0	0	0	0	0	0	0
ASV_139	0	0	0	0	0	0	0	0	0	0	0	0	2	1	6	34	8	7
ASV_263	0	0	0	0	0	0	3	0	0	0	0	0	4	5	4	31	10	1
ASV_57	0	0	0	0	0	0	32	5	3	12	5	0	0	0	0	0	0	1
ASV_39	0	0	0	0	0	0	0	0	0	0	0	0	2	0	1	25	29	0
ASV_59	0	0	0	0	0	0	0	0	0	0	0	0	0	1	0	56	0	0
ASV_67	0	0	0	0	0	0	0	0	0	0	0	0	0	16	0	0	1	40
ASV_1082	0	0	0	0	0	0	9	1	1	1	0	0	2	2	38	1	0	1
ASV_31	0	0	0	0	0	0	47	0	3	0	2	0	4	0	0	0	0	0
ASV_33	0	0	0	0	0	0	21	0	3	26	4	0	0	0	0	1	1	0
ASV_47	0	0	0	0	0	0	1	0	55	0	0	0	0	0	0	0	0	0
ASV_489	0	0	0	0	0	0	0	0	1	0	2	0	0	0	9	3	6	35
ASV_496	36	16	0	0	3	0	0	0	0	0	0	0	0	0	0	0	0	0
ASV_52	0	0	0	0	0	0	0	0	18	30	0	1	6	0	0	0	0	0
ASV_103	0	0	0	0	0	54	0	0	0	0	0	0	0	0	0	0	0	0
ASV_64	0	0	0	0	0	0	29	11	2	2	4	2	3	0	0	0	0	1
ASV_744	0	32	0	22	0	0	0	0	0	0	0	0	0	0	0	0	0	0
ASV_114	0	0	0	0	0	0	0	0	0	0	0	0	0	5	6	0	3	39
ASV_371	1	43	0	0	0	9	0	0	0	0	0	0	0	0	0	0	0	0
ASV_58	0	0	0	0	0	0	0	41	4	0	5	0	0	0	0	1	1	0
ASV_117	0	0	0	0	0	0	19	0	0	0	0	2	5	10	4	6	3	2
ASV_124	0	0	0	0	0	0	0	0	0	0	0	0	0	4	14	16	5	12
ASV_161	0	0	0	0	0	0	16	0	17	1	10	0	4	0	1	0	0	2
ASV_68	46	5	0	0	0	0	0	0	0	0	0	0	0	0	0	0	0	0
ASV_756	2	25	11	12	1	0	0	0	0	0	0	0	0	0	0	0	0	0
ASV_236	0	8	7	0	35	0	0	0	0	0	0	0	0	0	0	0	0	0
ASV_209	0	0	0	0	0	0	0	0	1	0	0	0	0	14	10	6	11	7
ASV_37	0	0	0	0	0	0	0	0	0	49	0	0	0	0	0	0	0	0
ASV_50	0	0	0	0	0	49	0	0	0	0	0	0	0	0	0	0	0	0
ASV_533	1	11	14	17	5	1	0	0	0	0	0	0	0	0	0	0	0	0
ASV_90	0	0	49	0	0	0	0	0	0	0	0	0	0	0	0	0	0	0
ASV_130	47	0	0	0	1	0	0	0	0	0	0	0	0	0	0	0	0	0
ASV_148	0	0	0	0	0	0	0	0	0	0	0	1	0	2	10	35	0	0
ASV_173	0	0	0	0	0	0	1	0	0	0	0	0	0	18	5	19	4	1
ASV_219	0	0	0	0	0	0	0	0	0	0	0	0	5	1	10	12	3	17
ASV_43	0	0	0	0	0	0	0	0	0	0	0	0	0	5	1	42	0	0
ASV_800	2	9	5	19	10	3	0	0	0	0	0	0	0	0	0	0	0	0
ASV_85	0	0	0	0	0	0	2	38	0	2	0	3	0	0	1	0	0	2
ASV_1206	0	0	0	0	0	0	4	2	0	0	0	0	7	4	8	9	6	7
ASV_140	0	0	0	0	0	0	0	0	0	0	0	0	13	32	0	0	2	0
ASV_142	0	0	0	0	0	0	2	0	0	0	0	0	0	3	0	31	11	0
ASV_45	0	0	0	0	0	0	35	2	1	0	1	1	1	0	2	3	0	1
ASV_86	0	0	0	0	0	0	0	0	0	44	3	0	0	0	0	0	0	0
ASV_94	0	0	0	0	0	0	0	0	0	0	0	0	0	47	0	0	0	0
ASV_1120	0	0	0	0	0	0	0	0	1	1	0	0	0	0	6	18	6	14
ASV_1152	0	0	0	0	0	0	1	2	0	0	2	1	1	2	4	4	7	22
ASV_174	0	0	0	0	0	0	0	0	0	0	0	0	0	0	16	0	30	0
ASV_243	0	0	0	0	0	0	2	0	0	0	0	1	0	0	37	4	2	0
ASV_473	0	0	0	0	0	0	0	0	0	0	0	0	0	5	0	34	0	7
ASV_69	0	0	0	46	0	0	0	0	0	0	0	0	0	0	0	0	0	0
ASV_73	0	0	0	0	0	0	0	0	1	1	0	2	0	0	35	0	7	0
ASV_125	0	0	0	0	0	0	0	0	0	0	0	0	0	0	0	45	0	0
ASV_133	0	0	0	0	0	0	23	2	12	2	2	0	0	0	0	0	4	0
ASV_137	0	0	0	0	0	0	42	1	0	0	0	0	1	0	0	1	0	0
ASV_153	0	0	0	0	45	0	0	0	0	0	0	0	0	0	0	0	0	0
ASV_169	0	0	0	0	0	0	1	0	0	5	1	0	7	23	3	5	0	0
ASV_202	0	0	0	0	0	0	0	0	0	6	24	0	0	0	6	0	0	9
ASV_40	0	0	0	0	0	0	39	0	0	0	3	0	0	0	0	0	3	0
ASV_121	0	0	0	0	0	0	0	0	30	4	1	0	9	0	0	0	0	0
ASV_143	0	0	0	0	0	0	0	0	0	0	0	0	0	44	0	0	0	0
ASV_718	0	0	0	0	0	0	0	0	1	0	2	2	1	3	8	6	9	12
ASV_76	0	0	0	0	0	0	16	1	5	1	15	6	0	0	0	0	0	0
ASV_235	0	0	11	0	32	0	0	0	0	0	0	0	0	0	0	0	0	0
ASV_99	0	0	43	0	0	0	0	0	0	0	0	0	0	0	0	0	0	0
ASV_1115	0	0	0	0	0	0	2	0	2	0	0	2	3	0	2	15	7	9
ASV_1219	0	0	0	0	0	0	0	0	1	1	0	2	1	1	6	12	11	7
ASV_146	0	0	0	0	0	0	0	0	0	0	0	0	0	0	42	0	0	0
ASV_550	11	7	3	0	15	5	0	0	0	1	0	0	0	0	0	0	0	0
ASV_105	0	0	0	0	0	0	32	0	0	0	0	0	4	0	5	0	0	0
ASV_1114	0	0	0	0	0	0	0	0	0	0	0	0	0	0	0	41	0	0
ASV_66	0	0	0	0	0	0	0	2	0	0	17	12	5	0	1	0	0	4
ASV_96	0	0	0	0	0	0	0	0	0	0	0	0	0	0	37	0	0	4
ASV_1081	0	0	0	0	0	0	0	0	0	0	1	0	0	3	32	0	1	3
ASV_1131	0	0	0	0	0	0	0	0	0	0	0	0	0	1	0	39	0	0
ASV_226	40	0	0	0	0	0	0	0	0	0	0	0	0	0	0	0	0	0
ASV_282	0	0	0	0	0	0	0	0	0	0	0	0	0	2	3	5	1	29
ASV_324	0	0	0	0	0	0	1	0	5	1	16	2	8	0	0	1	4	2
ASV_355	0	0	0	0	0	0	0	0	0	0	0	0	0	0	5	11	20	4
ASV_479	0	0	0	0	0	0	0	0	0	0	0	0	0	3	11	7	14	5
ASV_78	0	0	0	0	0	0	0	0	0	0	40	0	0	0	0	0	0	0
ASV_97	0	0	0	0	0	0	0	0	0	0	0	0	0	0	8	0	0	32
ASV_112	0	0	0	0	0	0	0	0	0	0	0	0	0	0	2	2	34	1
ASV_132	0	0	0	0	0	0	11	0	2	0	24	0	0	0	0	0	2	0
ASV_340	0	0	0	0	0	0	0	0	0	0	0	0	0	39	0	0	0	0
ASV_413	0	0	0	0	0	0	17	0	0	0	6	0	1	0	1	2	10	2
ASV_1231	0	0	0	0	0	0	7	2	1	1	1	0	1	7	1	11	1	5
ASV_200	0	0	0	0	0	0	0	0	36	0	1	1	0	0	0	0	0	0
ASV_225	10	26	0	1	1	0	0	0	0	0	0	0	0	0	0	0	0	0
ASV_279	0	0	0	0	0	0	0	0	0	0	0	0	0	15	3	20	0	0
ASV_298	0	0	0	0	0	0	17	4	3	1	3	2	1	3	1	1	0	2
ASV_41	0	0	0	0	0	0	0	0	0	0	0	37	0	0	1	0	0	0
ASV_505	2	18	15	0	2	1	0	0	0	0	0	0	0	0	0	0	0	0
ASV_659	0	0	0	0	0	0	0	0	0	0	0	0	0	38	0	0	0	0
ASV_101	0	0	37	0	0	0	0	0	0	0	0	0	0	0	0	0	0	0
ASV_131	0	0	0	0	37	0	0	0	0	0	0	0	0	0	0	0	0	0
ASV_222	0	0	0	0	0	0	0	0	0	0	0	0	0	15	0	1	21	0
ASV_228	0	0	36	1	0	0	0	0	0	0	0	0	0	0	0	0	0	0
ASV_375	0	34	3	0	0	0	0	0	0	0	0	0	0	0	0	0	0	0
ASV_72	0	0	0	0	0	0	1	6	8	0	5	0	15	0	0	2	0	0
ASV_810	0	9	15	2	8	3	0	0	0	0	0	0	0	0	0	0	0	0
ASV_84	0	0	0	0	0	0	18	0	1	0	14	4	0	0	0	0	0	0
ASV_863	0	0	0	0	0	0	26	0	0	1	6	0	1	0	1	0	2	0
ASV_1093	0	0	0	0	0	0	0	0	0	0	0	2	0	0	10	0	5	19
ASV_337	0	0	0	0	0	0	1	0	1	2	0	0	8	17	4	3	0	0
ASV_406	0	0	0	0	0	0	9	1	8	0	14	1	2	0	0	0	0	1
ASV_70	0	0	0	0	0	0	11	0	20	0	2	0	1	0	2	0	0	0
ASV_108	0	0	0	0	0	0	0	0	0	6	0	0	29	0	0	0	0	0
ASV_110	0	0	0	0	0	0	0	0	0	0	0	0	0	28	0	7	0	0
ASV_172	0	0	0	0	0	0	0	0	0	0	0	0	0	35	0	0	0	0
ASV_247	0	0	0	0	0	0	23	3	0	1	7	1	0	0	0	0	0	0
ASV_276	0	0	0	0	0	0	1	0	0	0	0	0	0	1	4	16	6	7
ASV_280	0	0	0	0	0	0	0	0	0	0	0	1	3	9	1	3	18	0
ASV_357	0	0	0	0	0	0	0	0	2	2	0	0	5	0	5	18	3	0
ASV_469	0	0	0	0	0	0	0	0	0	0	0	0	0	0	0	33	2	0
ASV_536	0	0	17	18	0	0	0	0	0	0	0	0	0	0	0	0	0	0
ASV_611	0	0	0	0	0	0	6	1	3	7	4	1	0	0	0	0	13	0
ASV_788	5	2	28	0	0	0	0	0	0	0	0	0	0	0	0	0	0	0
ASV_1006	0	0	0	0	0	0	1	0	0	4	0	2	12	2	6	2	5	0
ASV_126	0	0	0	0	0	0	0	0	0	0	0	0	0	0	0	0	34	0
ASV_147	0	0	0	0	0	0	0	0	0	0	0	0	0	0	2	11	2	19
ASV_159	0	0	0	0	0	0	20	0	0	0	11	1	0	0	0	0	2	0
ASV_187	0	0	34	0	0	0	0	0	0	0	0	0	0	0	0	0	0	0
ASV_189	2	0	10	0	6	16	0	0	0	0	0	0	0	0	0	0	0	0
ASV_207	0	0	0	0	0	0	0	1	0	1	0	0	3	20	4	0	4	1
ASV_272	0	0	0	0	0	0	0	0	0	0	0	1	0	26	1	2	4	0
ASV_353	0	0	0	0	0	0	0	0	0	0	0	0	0	2	0	32	0	0
ASV_396	2	3	7	0	22	0	0	0	0	0	0	0	0	0	0	0	0	0
ASV_499	31	2	1	0	0	0	0	0	0	0	0	0	0	0	0	0	0	0
ASV_580	0	0	0	0	0	0	14	0	1	0	18	0	0	0	1	0	0	0
ASV_682	0	0	0	0	0	0	7	0	0	0	0	0	5	0	1	14	2	5
ASV_738	11	2	18	1	1	1	0	0	0	0	0	0	0	0	0	0	0	0
ASV_82	0	0	0	0	0	0	1	0	0	0	16	14	2	0	0	0	0	1
ASV_87	0	0	0	0	0	0	0	0	0	0	34	0	0	0	0	0	0	0
ASV_1078	0	0	0	0	0	0	0	1	0	0	0	2	1	4	23	0	0	2
ASV_118	0	0	0	0	0	0	33	0	0	0	0	0	0	0	0	0	0	0
ASV_128	31	1	1	0	0	0	0	0	0	0	0	0	0	0	0	0	0	0
ASV_199	0	0	0	0	0	0	0	1	27	0	1	0	4	0	0	0	0	0
ASV_262	0	0	0	0	0	0	1	0	0	0	0	2	0	20	8	1	0	1
ASV_341	0	0	0	0	0	0	0	0	0	0	0	0	0	15	2	14	1	1
ASV_374	0	22	10	0	0	0	0	1	0	0	0	0	0	0	0	0	0	0
ASV_437	0	0	0	0	0	0	10	2	11	0	5	0	4	0	0	0	1	0
ASV_480	0	0	0	0	0	0	0	0	0	0	0	1	1	0	3	8	10	10
ASV_65	0	0	0	0	0	0	28	0	0	0	0	0	0	0	1	4	0	0
ASV_813	5	4	13	0	8	2	0	0	0	0	1	0	0	0	0	0	0	0
ASV_844	0	0	0	0	0	0	18	2	0	0	12	1	0	0	0	0	0	0
ASV_89	0	0	0	0	0	0	0	0	0	0	0	0	0	0	0	0	24	9
ASV_955	0	0	0	0	0	0	2	0	10	4	6	1	7	0	1	0	0	2
ASV_102	0	1	0	31	0	0	0	0	0	0	0	0	0	0	0	0	0	0
ASV_106	0	0	0	0	0	0	0	0	2	0	28	1	0	0	1	0	0	0
ASV_111	0	0	0	0	0	0	0	0	0	0	0	0	0	0	0	32	0	0
ASV_528	0	0	32	0	0	0	0	0	0	0	0	0	0	0	0	0	0	0
ASV_754	2	30	0	0	0	0	0	0	0	0	0	0	0	0	0	0	0	0
ASV_91	0	0	0	0	0	0	2	30	0	0	0	0	0	0	0	0	0	0
ASV_1030	0	0	0	0	0	0	3	0	0	0	0	5	6	0	6	6	0	5
ASV_1068	0	0	0	0	0	0	0	0	0	0	0	0	0	30	0	0	0	1
ASV_1205	0	0	0	0	0	0	0	0	0	0	0	0	0	0	1	17	1	12
ASV_160	0	0	0	0	0	0	14	1	7	2	3	0	0	0	0	0	1	3
ASV_164	0	0	0	0	0	0	0	27	1	0	0	0	1	0	1	0	0	1
ASV_165	0	0	0	0	0	0	0	1	18	3	0	0	9	0	0	0	0	0
ASV_288	0	0	31	0	0	0	0	0	0	0	0	0	0	0	0	0	0	0
ASV_292	0	0	0	0	31	0	0	0	0	0	0	0	0	0	0	0	0	0
ASV_387	0	0	31	0	0	0	0	0	0	0	0	0	0	0	0	0	0	0
ASV_414	0	0	0	0	0	0	17	0	7	0	2	1	4	0	0	0	0	0
ASV_506	1	28	1	1	0	0	0	0	0	0	0	0	0	0	0	0	0	0
ASV_129	29	0	0	0	1	0	0	0	0	0	0	0	0	0	0	0	0	0
ASV_166	0	0	0	0	0	0	0	0	2	28	0	0	0	0	0	0	0	0
ASV_179	0	0	0	0	0	0	0	0	0	0	0	0	0	0	0	1	29	0
ASV_184	0	0	30	0	0	0	0	0	0	0	0	0	0	0	0	0	0	0
ASV_471	0	0	0	0	0	0	0	0	0	0	0	0	0	0	1	14	13	2
ASV_543	3	3	0	0	12	12	0	0	0	0	0	0	0	0	0	0	0	0
ASV_564	0	0	0	0	0	0	12	0	0	3	9	0	1	0	3	0	0	2
ASV_654	0	0	0	0	0	0	0	1	0	0	0	2	7	0	11	9	0	0
ASV_770	0	0	30	0	0	0	0	0	0	0	0	0	0	0	0	0	0	0
ASV_1145	0	0	0	0	0	0	0	0	0	0	0	0	0	6	8	5	7	3
ASV_116	0	0	0	29	0	0	0	0	0	0	0	0	0	0	0	0	0	0
ASV_136	0	0	0	0	0	0	23	1	0	1	0	0	0	0	0	0	1	3
ASV_237	3	0	0	0	26	0	0	0	0	0	0	0	0	0	0	0	0	0
ASV_264	0	0	0	0	0	0	0	0	0	0	0	0	12	3	14	0	0	0
ASV_273	0	0	0	0	0	0	0	0	0	0	0	0	0	4	7	2	3	13
ASV_349	0	0	0	0	0	0	0	0	0	0	0	0	0	3	0	23	0	3
ASV_527	0	0	29	0	0	0	0	0	0	0	0	0	0	0	0	0	0	0
ASV_577	0	0	0	0	0	0	13	0	0	0	3	0	7	0	3	0	3	0
ASV_656	0	0	0	0	0	0	5	0	1	5	0	2	2	0	8	1	4	1
ASV_660	0	0	0	0	0	0	0	0	0	0	0	0	0	13	3	4	5	4
ASV_691	0	0	0	0	0	0	0	0	0	0	0	0	0	11	2	3	13	0
ASV_71	0	0	0	0	0	0	0	0	0	29	0	0	0	0	0	0	0	0
ASV_79	0	0	0	0	0	0	0	0	0	0	0	0	29	0	0	0	0	0
ASV_828	3	2	1	0	15	8	0	0	0	0	0	0	0	0	0	0	0	0
ASV_92	0	0	0	0	0	0	0	0	22	0	7	0	0	0	0	0	0	0
ASV_100	0	0	28	0	0	0	0	0	0	0	0	0	0	0	0	0	0	0
ASV_107	0	0	0	0	0	0	0	0	0	0	28	0	0	0	0	0	0	0
ASV_115	0	0	28	0	0	0	0	0	0	0	0	0	0	0	0	0	0	0
ASV_123	0	0	0	0	0	0	0	0	0	1	2	0	25	0	0	0	0	0
ASV_177	0	0	0	0	0	0	0	0	0	0	0	0	0	0	0	28	0	0
ASV_193	0	0	0	0	0	0	2	0	0	10	0	0	4	0	3	4	4	1
ASV_214	0	0	0	0	0	0	0	0	0	0	0	0	0	0	28	0	0	0
ASV_216	0	0	0	0	0	0	0	0	0	0	0	0	0	0	2	5	18	3
ASV_217	0	0	0	0	0	0	0	0	0	0	0	0	0	1	0	27	0	0
ASV_230	0	1	27	0	0	0	0	0	0	0	0	0	0	0	0	0	0	0
ASV_248	0	0	0	0	0	0	12	1	0	0	12	1	2	0	0	0	0	0
ASV_289	0	0	0	28	0	0	0	0	0	0	0	0	0	0	0	0	0	0
ASV_314	0	0	0	0	0	0	5	2	6	0	10	3	2	0	0	0	0	0
ASV_358	0	0	0	0	0	0	0	0	0	0	0	0	0	3	7	0	17	1
ASV_408	0	0	0	0	0	0	1	0	0	0	0	0	0	2	1	9	15	0
ASV_429	0	0	0	0	0	0	0	14	2	0	0	0	0	0	11	1	0	0
ASV_518	0	0	28	0	0	0	0	0	0	0	0	0	0	0	0	0	0	0
ASV_529	0	0	28	0	0	0	0	0	0	0	0	0	0	0	0	0	0	0
ASV_746	0	28	0	0	0	0	0	0	0	0	0	0	0	0	0	0	0	0
ASV_843	0	0	0	0	0	0	8	1	9	0	6	0	4	0	0	0	0	0
ASV_93	0	0	0	0	0	0	0	0	0	0	28	0	0	0	0	0	0	0
ASV_1072	0	0	0	0	0	0	0	1	0	0	0	0	4	13	0	4	5	0
ASV_109	0	0	0	0	0	0	0	0	0	0	0	0	0	26	1	0	0	0
ASV_144	0	0	0	0	0	0	0	0	0	0	0	0	0	2	25	0	0	0
ASV_186	0	0	27	0	0	0	0	0	0	0	0	0	0	0	0	0	0	0
ASV_195	0	0	0	0	0	0	25	2	0	0	0	0	0	0	0	0	0	0
ASV_227	0	27	0	0	0	0	0	0	0	0	0	0	0	0	0	0	0	0
ASV_232	0	0	27	0	0	0	0	0	0	0	0	0	0	0	0	0	0	0
ASV_241	0	0	0	0	0	0	26	0	0	0	0	0	0	0	0	0	0	1
ASV_417	0	0	0	0	0	0	12	0	0	0	0	0	4	1	4	0	5	1
ASV_752	3	6	12	4	1	1	0	0	0	0	0	0	0	0	0	0	0	0
ASV_819	0	5	4	2	15	0	0	0	0	0	0	0	0	0	0	0	1	0
ASV_151	16	0	0	0	1	9	0	0	0	0	0	0	0	0	0	0	0	0
ASV_176	0	0	0	0	0	0	0	0	0	0	0	0	0	3	1	9	11	2
ASV_194	0	0	0	0	0	0	22	2	0	0	1	1	0	0	0	0	0	0
ASV_233	0	0	24	2	0	0	0	0	0	0	0	0	0	0	0	0	0	0
ASV_234	0	0	0	0	26	0	0	0	0	0	0	0	0	0	0	0	0	0
ASV_275	0	0	0	0	0	0	0	0	0	0	0	0	0	6	14	0	5	1
ASV_333	0	0	0	0	0	0	0	0	0	2	1	1	2	3	0	5	12	0
ASV_403	0	0	0	0	0	0	2	0	0	0	0	0	1	1	1	11	10	0
ASV_736	15	0	11	0	0	0	0	0	0	0	0	0	0	0	0	0	0	0
ASV_821	0	0	0	0	26	0	0	0	0	0	0	0	0	0	0	0	0	0
ASV_906	0	0	0	0	0	0	0	0	17	0	9	0	0	0	0	0	0	0
ASV_986	0	0	0	0	0	0	2	0	0	0	19	5	0	0	0	0	0	0
ASV_996	0	0	0	0	0	0	7	0	0	0	7	10	0	0	1	0	0	1
ASV_104	0	0	0	0	0	0	25	0	0	0	0	0	0	0	0	0	0	0
ASV_1101	0	0	0	0	0	0	1	0	0	0	0	0	0	7	5	1	4	7
ASV_152	0	0	0	25	0	0	0	0	0	0	0	0	0	0	0	0	0	0
ASV_168	0	0	0	0	0	0	0	0	0	0	0	0	22	1	0	2	0	0
ASV_191	0	0	0	0	0	0	20	0	0	0	3	0	2	0	0	0	0	0
ASV_203	0	0	0	0	0	0	0	0	0	0	25	0	0	0	0	0	0	0
ASV_245	0	0	0	0	0	0	8	0	0	0	0	5	3	4	1	0	4	0
ASV_260	0	0	0	0	0	0	0	12	0	0	2	0	0	0	0	0	2	9
ASV_266	0	0	0	0	0	0	0	0	0	0	0	0	15	4	1	5	0	0
ASV_347	0	0	0	0	0	0	0	0	0	0	0	0	0	0	0	25	0	0
ASV_416	0	0	0	0	0	0	13	5	0	0	3	0	2	0	0	0	2	0
ASV_439	0	0	0	0	0	0	0	0	1	21	3	0	0	0	0	0	0	0
ASV_455	0	0	0	0	0	0	5	4	2	0	0	12	1	0	1	0	0	0
ASV_464	0	0	0	0	0	0	0	1	0	0	0	1	0	20	0	1	2	0
ASV_503	0	24	1	0	0	0	0	0	0	0	0	0	0	0	0	0	0	0
ASV_794	1	2	13	1	1	6	1	0	0	0	0	0	0	0	0	0	0	0
ASV_83	0	0	0	0	0	0	22	0	0	0	0	0	0	0	0	0	3	0
ASV_88	0	0	0	0	0	0	0	0	0	0	0	21	4	0	0	0	0	0
ASV_901	0	0	0	0	0	0	0	0	16	1	2	0	6	0	0	0	0	0
ASV_1090	0	0	0	0	0	0	3	0	0	0	0	1	0	3	15	0	2	0
ASV_1107	0	0	0	0	0	0	0	0	0	0	0	0	0	1	23	0	0	0
ASV_120	0	0	0	0	0	0	24	0	0	0	0	0	0	0	0	0	0	0
ASV_157	0	0	0	0	0	0	2	4	7	3	2	1	1	0	1	0	1	2
ASV_162	0	0	0	0	0	0	10	0	8	0	0	5	0	0	0	0	0	1
ASV_171	0	0	0	0	0	0	0	1	0	0	0	0	0	19	4	0	0	0
ASV_204	0	0	0	0	0	0	0	0	0	2	9	0	11	0	1	0	0	1
ASV_215	0	0	0	0	0	0	0	0	0	0	0	0	0	0	0	23	0	1
ASV_220	0	0	0	0	0	0	0	0	0	0	0	0	0	0	0	0	24	0
ASV_267	0	0	0	0	0	0	0	0	0	1	0	4	19	0	0	0	0	0
ASV_402	0	0	0	0	0	0	17	0	3	0	0	0	0	0	4	0	0	0
ASV_519	7	0	17	0	0	0	0	0	0	0	0	0	0	0	0	0	0	0
ASV_544	0	6	4	0	14	0	0	0	0	0	0	0	0	0	0	0	0	0
ASV_650	0	0	0	0	0	0	0	0	0	0	0	0	4	0	2	0	16	2
ASV_668	0	0	0	0	0	0	7	0	0	0	0	1	0	4	9	0	2	1
ASV_672	0	0	0	0	0	0	0	0	0	0	0	0	0	0	10	3	8	3
ASV_674	0	0	0	0	0	0	0	0	0	0	0	0	0	0	2	5	3	14
ASV_678	0	0	0	0	0	0	0	0	0	0	0	1	1	0	4	13	2	3
ASV_724	0	0	0	0	0	0	0	0	0	0	0	0	0	0	0	5	0	19
ASV_743	2	15	6	0	1	0	0	0	0	0	0	0	0	0	0	0	0	0
ASV_898	0	0	0	0	0	0	0	6	1	0	0	0	10	1	2	3	1	0
ASV_1129	0	0	0	0	0	0	0	0	0	0	0	3	2	5	5	6	2	0
ASV_150	0	0	0	0	0	0	0	0	0	0	0	0	0	3	0	0	1	19
ASV_167	0	0	0	0	0	0	0	0	0	0	22	0	1	0	0	0	0	0
ASV_175	0	0	0	0	0	0	0	0	0	0	0	0	0	0	0	23	0	0
ASV_182	21	2	0	0	0	0	0	0	0	0	0	0	0	0	0	0	0	0
ASV_210	0	0	0	0	0	0	0	0	0	0	0	0	0	23	0	0	0	0
ASV_224	16	0	0	0	7	0	0	0	0	0	0	0	0	0	0	0	0	0
ASV_350	0	0	0	0	0	0	0	0	0	0	0	0	0	2	0	13	6	2
ASV_373	0	22	1	0	0	0	0	0	0	0	0	0	0	0	0	0	0	0
ASV_421	0	0	0	0	0	0	13	0	3	0	4	0	3	0	0	0	0	0
ASV_449	0	0	0	0	0	0	5	0	1	0	10	1	2	0	0	0	2	2
ASV_509	0	13	10	0	0	0	0	0	0	0	0	0	0	0	0	0	0	0
ASV_584	0	0	0	0	0	0	7	0	1	0	6	0	0	2	3	2	2	0
ASV_594	0	0	0	0	0	0	5	8	0	1	0	1	5	0	0	1	1	1
ASV_687	0	0	0	0	0	0	0	0	0	0	0	2	0	2	3	14	1	1
ASV_74	0	0	0	0	0	0	0	0	0	0	0	0	23	0	0	0	0	0
ASV_782	0	0	23	0	0	0	0	0	0	0	0	0	0	0	0	0	0	0
ASV_991	0	0	0	0	0	0	4	5	3	0	4	7	0	0	0	0	0	0
ASV_113	0	0	0	0	0	0	0	0	0	0	0	0	1	0	1	0	0	20
ASV_119	0	0	0	0	0	0	20	0	1	0	1	0	0	0	0	0	0	0
ASV_122	0	0	0	0	0	0	0	0	0	0	0	0	22	0	0	0	0	0
ASV_158	0	0	0	0	0	0	21	0	0	0	0	0	1	0	0	0	0	0
ASV_170	0	0	0	0	0	0	0	0	0	0	0	0	0	1	1	0	15	5
ASV_178	0	0	0	0	0	0	0	0	0	0	0	0	0	1	0	1	20	0
ASV_188	0	1	0	0	21	0	0	0	0	0	0	0	0	0	0	0	0	0
ASV_192	0	0	0	0	0	0	17	0	0	0	1	0	4	0	0	0	0	0
ASV_198	0	0	0	0	0	0	0	0	20	0	2	0	0	0	0	0	0	0
ASV_212	0	0	0	0	0	0	0	0	0	0	0	1	0	0	5	0	0	16
ASV_343	0	0	0	0	0	0	0	0	0	0	0	0	0	1	2	19	0	0
ASV_345	0	0	0	0	0	0	0	0	1	0	0	0	0	0	21	0	0	0
ASV_359	0	0	0	0	0	0	0	0	0	0	0	0	0	0	0	5	17	0
ASV_377	0	0	22	0	0	0	0	0	0	0	0	0	0	0	0	0	0	0
ASV_590	0	0	0	0	0	0	0	15	1	0	0	3	2	0	0	0	0	1
ASV_600	0	0	0	0	0	0	0	0	20	0	1	0	0	0	1	0	0	0
ASV_608	0	0	0	0	0	0	2	0	0	16	2	0	0	1	0	0	0	1
ASV_705	0	0	0	0	0	0	0	0	0	0	0	0	0	0	2	0	20	0
ASV_791	0	0	22	0	0	0	0	0	0	0	0	0	0	0	0	0	0	0
ASV_803	3	2	2	11	1	3	0	0	0	0	0	0	0	0	0	0	0	0
ASV_1055	0	0	0	0	0	0	0	0	0	0	0	0	0	14	7	0	0	0
ASV_127	0	0	0	0	0	0	0	0	0	0	0	0	0	0	0	1	20	0
ASV_141	0	0	0	0	0	0	0	0	0	0	0	0	0	20	1	0	0	0
ASV_197	0	0	0	0	0	0	2	0	1	0	3	0	13	0	0	0	1	1
ASV_221	0	0	0	0	0	0	4	0	0	0	0	0	0	0	0	2	15	0
ASV_283	0	0	0	0	0	0	0	0	0	0	0	0	1	2	0	0	3	15
ASV_293	0	0	0	0	21	0	0	0	0	0	0	0	0	0	0	0	0	0
ASV_342	0	0	0	0	0	0	0	0	0	0	0	0	0	10	1	4	0	6
ASV_363	0	0	0	0	0	0	1	0	0	0	0	1	0	3	4	1	10	1
ASV_368	18	0	2	1	0	0	0	0	0	0	0	0	0	0	0	0	0	0
ASV_372	4	8	2	6	0	1	0	0	0	0	0	0	0	0	0	0	0	0
ASV_388	0	0	21	0	0	0	0	0	0	0	0	0	0	0	0	0	0	0
ASV_398	0	0	10	0	0	11	0	0	0	0	0	0	0	0	0	0	0	0
ASV_400	2	0	2	0	0	17	0	0	0	0	0	0	0	0	0	0	0	0
ASV_448	0	0	0	0	0	0	0	0	0	0	21	0	0	0	0	0	0	0
ASV_497	12	2	5	0	2	0	0	0	0	0	0	0	0	0	0	0	0	0
ASV_778	0	0	21	0	0	0	0	0	0	0	0	0	0	0	0	0	0	0
ASV_787	0	1	20	0	0	0	0	0	0	0	0	0	0	0	0	0	0	0
ASV_815	4	1	0	0	16	0	0	0	0	0	0	0	0	0	0	0	0	0
ASV_1028	0	0	0	0	0	0	4	1	0	0	3	2	8	0	1	1	0	0
ASV_1080	0	0	0	0	0	0	1	3	3	1	0	0	0	0	6	3	1	2
ASV_1124	0	0	0	0	0	0	0	0	0	0	0	0	0	0	4	1	11	4
ASV_1190	0	0	0	0	0	0	0	0	0	0	0	1	0	0	4	0	0	15
ASV_211	0	0	0	0	0	0	0	0	0	0	0	0	0	9	2	9	0	0
ASV_246	0	0	0	0	0	0	14	0	0	0	3	0	2	0	0	0	1	0
ASV_254	0	0	0	0	0	0	0	0	0	20	0	0	0	0	0	0	0	0
ASV_277	0	0	0	0	0	0	0	0	0	0	0	0	0	2	0	14	0	4
ASV_305	0	0	0	0	0	0	13	0	0	0	6	0	1	0	0	0	0	0
ASV_366	0	0	0	0	0	0	0	0	0	0	0	1	0	0	0	1	0	18
ASV_395	0	0	2	0	18	0	0	0	0	0	0	0	0	0	0	0	0	0
ASV_481	0	0	0	0	0	0	0	0	0	0	0	0	0	4	5	0	6	5
ASV_501	0	18	2	0	0	0	0	0	0	0	0	0	0	0	0	0	0	0
ASV_555	0	0	0	0	0	0	17	0	0	0	0	0	3	0	0	0	0	0
ASV_740	2	0	0	0	18	0	0	0	0	0	0	0	0	0	0	0	0	0
ASV_748	0	15	0	0	4	0	0	1	0	0	0	0	0	0	0	0	0	0
ASV_871	0	0	0	0	0	0	8	2	1	0	3	0	4	0	0	1	1	0
ASV_880	0	0	0	0	0	0	12	0	0	0	1	0	4	0	2	0	1	0
ASV_902	0	0	0	0	0	0	1	0	19	0	0	0	0	0	0	0	0	0
ASV_910	0	0	0	0	0	0	0	0	17	0	0	0	0	0	0	0	3	0
ASV_935	0	0	0	0	0	0	0	0	0	20	0	0	0	0	0	0	0	0
ASV_952	0	0	0	0	0	0	0	0	8	1	10	0	1	0	0	0	0	0
ASV_1020	0	0	0	0	0	0	3	0	0	0	0	0	3	7	2	2	2	0
ASV_1052	0	0	0	0	0	0	2	3	1	0	0	0	0	6	0	1	6	0
ASV_1069	0	0	0	0	0	0	5	1	0	0	0	0	0	8	4	0	0	1
ASV_1091	0	0	0	0	0	0	3	0	0	3	0	0	1	2	6	0	4	0
ASV_1100	0	0	0	0	0	0	0	0	0	0	0	0	0	2	11	1	0	5
ASV_1111	0	0	0	0	0	0	0	0	0	0	0	0	0	1	18	0	0	0
ASV_1186	0	0	0	0	0	0	0	0	3	0	0	0	0	5	0	0	4	7
ASV_1198	0	0	0	0	0	0	0	0	0	0	0	0	0	7	1	0	0	11
ASV_134	0	0	0	0	0	0	16	0	0	0	0	0	0	2	0	0	1	0
ASV_138	0	0	0	0	0	0	19	0	0	0	0	0	0	0	0	0	0	0
ASV_223	0	0	0	0	0	0	0	0	0	0	0	0	0	1	4	1	0	13
ASV_240	0	0	0	0	0	0	2	0	0	0	9	0	8	0	0	0	0	0
ASV_249	0	0	0	0	0	0	14	0	0	0	0	0	3	2	0	0	0	0
ASV_281	0	0	0	0	0	0	0	0	0	0	0	0	1	0	0	0	0	18
ASV_303	0	0	0	0	0	0	11	0	1	0	3	0	0	2	0	1	0	1
ASV_304	0	0	0	0	0	0	15	0	0	1	3	0	0	0	0	0	0	0
ASV_313	0	0	0	0	0	0	0	0	19	0	0	0	0	0	0	0	0	0
ASV_344	0	0	0	0	0	0	0	0	0	0	0	0	0	0	19	0	0	0
ASV_356	0	0	0	0	0	0	0	0	0	0	0	0	0	1	0	18	0	0
ASV_367	16	0	2	1	0	0	0	0	0	0	0	0	0	0	0	0	0	0
ASV_370	0	14	1	0	0	4	0	0	0	0	0	0	0	0	0	0	0	0
ASV_419	0	0	0	0	0	0	16	0	0	0	2	0	0	0	0	0	0	1
ASV_476	0	0	0	0	0	0	0	0	0	0	0	0	0	3	0	14	2	0
ASV_477	0	0	0	0	0	0	0	0	0	0	0	0	0	2	0	16	0	1
ASV_511	0	3	16	0	0	0	0	0	0	0	0	0	0	0	0	0	0	0
ASV_525	0	0	19	0	0	0	0	0	0	0	0	0	0	0	0	0	0	0
ASV_531	0	2	17	0	0	0	0	0	0	0	0	0	0	0	0	0	0	0
ASV_572	0	0	0	0	0	0	10	1	0	0	5	0	2	0	0	0	1	0
ASV_578	0	0	0	0	0	0	13	0	2	0	0	1	0	0	1	0	0	2
ASV_665	0	0	0	0	0	0	0	1	0	0	0	0	1	8	3	2	3	1
ASV_679	0	0	0	0	0	0	0	0	0	0	0	0	0	0	2	14	3	0
ASV_680	0	0	0	0	0	0	0	0	0	0	2	0	0	0	4	6	7	0
ASV_689	0	0	0	0	0	0	0	0	0	0	0	0	0	4	0	13	2	0
ASV_694	0	0	0	0	0	0	0	0	0	0	0	0	0	3	0	1	6	9
ASV_773	2	0	16	0	1	0	0	0	0	0	0	0	0	0	0	0	0	0
ASV_888	0	0	0	0	0	0	11	0	8	0	0	0	0	0	0	0	0	0
ASV_912	0	0	0	0	0	0	0	0	7	0	0	2	0	0	1	0	0	9
ASV_924	0	0	0	0	0	0	2	2	7	4	3	0	0	0	1	0	0	0
ASV_988	0	0	0	0	0	0	4	0	2	0	2	6	5	0	0	0	0	0
ASV_1229	0	0	0	0	0	0	0	0	0	0	0	1	0	3	3	1	1	9
ASV_135	0	0	0	0	0	0	18	0	0	0	0	0	0	0	0	0	0	0
ASV_180	0	0	0	0	0	0	0	0	0	0	0	0	0	0	0	0	0	18
ASV_183	0	0	18	0	0	0	0	0	0	0	0	0	0	0	0	0	0	0
ASV_190	0	0	0	0	0	0	12	0	0	0	0	0	0	3	0	0	3	0
ASV_196	0	0	0	0	0	0	14	0	1	0	2	1	0	0	0	0	0	0
ASV_229	0	0	18	0	0	0	0	0	0	0	0	0	0	0	0	0	0	0
ASV_231	0	0	18	0	0	0	0	0	0	0	0	0	0	0	0	0	0	0
ASV_271	0	0	0	0	0	0	0	0	0	1	0	1	3	9	4	0	0	0
ASV_274	0	0	0	0	0	0	0	0	0	0	0	0	0	0	17	0	0	1
ASV_294	0	0	0	0	18	0	0	0	0	0	0	0	0	0	0	0	0	0
ASV_308	0	0	0	0	0	0	5	1	2	0	6	0	1	0	0	0	2	1
ASV_325	0	0	0	0	0	0	3	0	2	0	10	0	2	1	0	0	0	0
ASV_348	0	0	0	0	0	0	0	0	0	0	0	0	0	0	0	18	0	0
ASV_369	3	5	0	0	10	0	0	0	0	0	0	0	0	0	0	0	0	0
ASV_494	0	0	0	0	0	0	0	0	0	0	0	0	0	0	0	0	0	18
ASV_512	0	18	0	0	0	0	0	0	0	0	0	0	0	0	0	0	0	0
ASV_569	0	0	0	0	0	0	12	0	1	0	0	4	1	0	0	0	0	0
ASV_688	0	0	0	0	0	0	0	0	0	0	0	0	0	0	0	18	0	0
ASV_719	0	0	0	0	0	0	0	0	0	0	0	0	0	1	1	3	0	13
ASV_722	0	0	0	0	0	0	0	0	0	0	0	0	0	1	5	1	2	9
ASV_750	4	7	5	2	0	0	0	0	0	0	0	0	0	0	0	0	0	0
ASV_798	0	0	18	0	0	0	0	0	0	0	0	0	0	0	0	0	0	0
ASV_820	1	6	3	0	8	0	0	0	0	0	0	0	0	0	0	0	0	0
ASV_866	0	0	0	0	0	0	7	0	2	0	6	0	3	0	0	0	0	0
ASV_874	0	0	0	0	0	0	4	0	0	1	7	0	0	1	2	0	1	2
ASV_899	0	0	0	0	0	0	2	8	0	0	7	0	1	0	0	0	0	0
ASV_969	0	0	0	0	0	0	1	0	0	3	13	1	0	0	0	0	0	0
ASV_1018	0	0	0	0	0	0	0	0	5	0	1	3	6	0	1	1	0	0
ASV_1092	0	0	0	0	0	0	0	0	1	1	0	0	0	3	9	2	1	0
ASV_1096	0	0	0	0	0	0	0	0	0	0	0	1	0	1	13	1	1	0
ASV_1155	0	0	0	0	0	0	0	0	0	0	0	0	0	0	0	3	5	9
ASV_1181	0	0	0	0	0	0	0	0	0	0	0	0	0	1	0	6	9	1
ASV_1193	0	0	0	0	0	0	0	0	0	0	0	0	0	0	4	0	2	11
ASV_1210	0	0	0	0	0	0	0	0	0	0	0	0	0	11	1	0	0	5
ASV_1233	0	0	0	0	0	0	0	0	0	0	1	0	1	0	3	0	1	11
ASV_255	0	0	0	0	0	0	0	0	2	0	15	0	0	0	0	0	0	0
ASV_256	0	0	0	0	0	0	0	0	4	0	3	0	10	0	0	0	0	0
ASV_318	0	0	0	0	0	0	0	0	15	0	0	0	2	0	0	0	0	0
ASV_352	0	0	0	0	0	0	0	0	0	0	0	0	0	0	0	16	1	0
ASV_380	0	0	17	0	0	0	0	0	0	0	0	0	0	0	0	0	0	0
ASV_385	0	0	12	0	5	0	0	0	0	0	0	0	0	0	0	0	0	0
ASV_404	0	0	0	0	0	0	9	0	4	0	3	0	1	0	0	0	0	0
ASV_424	0	0	0	0	0	0	1	3	12	0	0	0	0	0	1	0	0	0
ASV_457	0	0	0	0	0	0	1	0	2	0	0	1	0	0	2	5	1	5
ASV_493	0	0	0	0	0	0	0	0	0	0	0	0	0	0	0	0	0	17
ASV_541	0	0	1	0	16	0	0	0	0	0	0	0	0	0	0	0	0	0
ASV_571	0	0	0	0	0	0	14	0	0	1	0	0	1	0	1	0	0	0
ASV_573	0	0	0	0	0	0	15	1	0	0	0	0	0	0	1	0	0	0
ASV_601	0	0	0	0	0	0	0	0	6	0	0	5	2	0	0	4	0	0
ASV_624	0	0	0	0	0	0	0	0	2	0	12	0	3	0	0	0	0	0
ASV_636	0	0	0	0	0	0	0	0	0	0	0	2	0	0	2	0	0	13
ASV_690	0	0	0	0	0	0	0	0	1	0	0	0	0	0	1	1	0	14
ASV_700	0	0	0	0	0	0	0	0	0	0	0	0	0	1	4	0	12	0
ASV_713	0	0	0	0	0	0	0	0	1	0	0	0	0	1	0	3	2	10
ASV_747	0	17	0	0	0	0	0	0	0	0	0	0	0	0	0	0	0	0
ASV_760	5	3	9	0	0	0	0	0	0	0	0	0	0	0	0	0	0	0
ASV_763	0	0	17	0	0	0	0	0	0	0	0	0	0	0	0	0	0	0
ASV_768	0	0	17	0	0	0	0	0	0	0	0	0	0	0	0	0	0	0
ASV_771	0	0	17	0	0	0	0	0	0	0	0	0	0	0	0	0	0	0
ASV_849	0	0	0	0	0	0	8	0	2	0	4	0	3	0	0	0	0	0
ASV_857	0	0	0	0	0	0	7	0	1	0	0	0	5	0	0	4	0	0
ASV_862	0	0	0	0	0	0	13	0	0	0	1	1	2	0	0	0	0	0
ASV_869	0	0	0	0	0	0	3	0	1	0	0	0	3	2	2	1	5	0
ASV_958	0	0	0	0	0	0	0	3	1	0	11	1	1	0	0	0	0	0
ASV_971	0	0	0	0	0	0	1	0	0	1	6	0	8	0	0	0	1	0
ASV_999	0	0	0	0	0	0	7	0	0	0	1	5	1	0	3	0	0	0
ASV_1070	0	0	0	0	0	0	0	0	0	0	0	0	0	6	4	0	3	3
ASV_1117	0	0	0	0	0	0	0	0	0	0	0	0	0	3	6	7	0	0
ASV_1187	0	0	0	0	0	0	0	0	0	0	0	0	0	0	3	0	0	13
ASV_1232	0	0	0	0	0	0	0	0	3	0	0	0	0	0	2	1	1	9
ASV_181	0	0	0	0	0	0	0	0	0	0	0	0	0	0	0	0	0	16
ASV_201	0	0	0	0	0	0	0	0	0	16	0	0	0	0	0	0	0	0
ASV_261	0	0	0	0	0	0	0	0	0	0	2	12	0	0	1	0	1	0
ASV_300	0	0	0	0	0	0	13	0	0	0	1	0	2	0	0	0	0	0
ASV_306	0	0	0	0	0	0	16	0	0	0	0	0	0	0	0	0	0	0
ASV_309	0	0	0	0	0	0	2	4	3	0	1	0	4	0	1	0	0	1
ASV_334	0	0	0	0	0	0	4	0	0	0	0	3	9	0	0	0	0	0
ASV_351	0	0	0	0	1	0	0	0	0	0	0	0	0	1	0	14	0	0
ASV_407	0	0	0	0	0	0	14	0	1	0	0	0	1	0	0	0	0	0
ASV_446	0	0	0	0	0	0	0	0	0	0	16	0	0	0	0	0	0	0
ASV_450	0	0	0	0	0	0	2	0	0	0	4	6	1	1	0	1	1	0
ASV_502	0	9	7	0	0	0	0	0	0	0	0	0	0	0	0	0	0	0
ASV_513	0	0	16	0	0	0	0	0	0	0	0	0	0	0	0	0	0	0
ASV_565	0	0	0	0	0	0	16	0	0	0	0	0	0	0	0	0	0	0
ASV_588	0	0	0	0	0	0	9	0	0	6	0	1	0	0	0	0	0	0
ASV_627	0	0	0	0	0	0	0	0	0	0	16	0	0	0	0	0	0	0
ASV_667	0	0	0	0	0	0	0	0	0	0	0	0	0	11	2	0	1	2
ASV_670	0	0	0	0	0	0	0	0	4	0	1	1	0	0	2	2	0	6
ASV_685	0	0	0	0	0	0	0	0	0	0	0	0	0	3	2	9	0	2
ASV_731	8	0	0	4	4	0	0	0	0	0	0	0	0	0	0	0	0	0
ASV_737	7	0	6	2	1	0	0	0	0	0	0	0	0	0	0	0	0	0
ASV_769	0	0	16	0	0	0	0	0	0	0	0	0	0	0	0	0	0	0
ASV_812	0	0	0	0	16	0	0	0	0	0	0	0	0	0	0	0	0	0
ASV_838	0	0	0	0	0	0	11	0	0	0	1	1	1	0	1	0	0	1
ASV_848	0	0	0	0	0	0	7	0	0	0	6	0	1	1	0	0	1	0
ASV_870	0	0	0	0	0	0	8	6	0	0	1	0	0	0	0	0	1	0
ASV_885	0	0	0	0	0	0	6	3	0	1	1	0	1	1	0	0	3	0
ASV_1040	0	0	0	0	0	0	0	0	1	0	3	0	10	0	0	0	0	1
ASV_1065	0	0	0	0	0	0	5	0	0	0	0	1	2	3	1	0	0	3
ASV_1118	0	0	0	0	0	0	0	0	0	0	0	0	0	0	0	15	0	0
ASV_1165	0	0	0	0	0	0	0	0	0	0	0	0	0	0	1	0	3	11
ASV_149	0	0	0	0	0	0	0	0	0	0	0	0	0	0	0	1	0	14
ASV_154	0	0	0	0	0	0	12	0	2	0	1	0	0	0	0	0	0	0
ASV_311	0	0	0	0	0	0	0	13	0	0	2	0	0	0	0	0	0	0
ASV_364	0	0	0	0	0	0	0	0	0	0	0	0	0	0	0	0	0	15
ASV_384	0	0	15	0	0	0	0	0	0	0	0	0	0	0	0	0	0	0
ASV_411	0	0	0	0	0	0	2	2	2	0	1	1	5	1	0	0	1	0
ASV_430	0	0	0	0	0	0	0	15	0	0	0	0	0	0	0	0	0	0
ASV_472	0	0	0	0	0	0	0	0	0	0	0	0	0	0	0	15	0	0
ASV_484	0	0	0	0	0	0	0	0	0	0	0	0	0	2	0	0	13	0
ASV_500	8	3	2	2	0	0	0	0	0	0	0	0	0	0	0	0	0	0
ASV_507	0	8	1	0	6	0	0	0	0	0	0	0	0	0	0	0	0	0
ASV_520	0	0	15	0	0	0	0	0	0	0	0	0	0	0	0	0	0	0
ASV_540	0	4	0	0	11	0	0	0	0	0	0	0	0	0	0	0	0	0
ASV_563	0	0	0	0	0	0	5	0	1	0	5	0	1	0	0	1	1	1
ASV_575	0	0	0	0	0	0	7	1	4	1	1	0	1	0	0	0	0	0
ASV_599	0	0	0	0	0	0	0	1	11	0	2	0	1	0	0	0	0	0
ASV_614	0	0	0	0	0	0	4	0	0	11	0	0	0	0	0	0	0	0
ASV_664	0	0	0	0	0	0	0	0	0	0	0	0	0	4	1	2	3	5
ASV_677	0	0	0	0	0	0	0	0	0	0	0	2	0	0	7	5	1	0
ASV_735	15	0	0	0	0	0	0	0	0	0	0	0	0	0	0	0	0	0
ASV_757	0	8	0	0	7	0	0	0	0	0	0	0	0	0	0	0	0	0
ASV_797	0	0	15	0	0	0	0	0	0	0	0	0	0	0	0	0	0	0
ASV_833	0	0	0	0	0	15	0	0	0	0	0	0	0	0	0	0	0	0
ASV_875	0	0	0	0	0	0	1	0	11	0	3	0	0	0	0	0	0	0
ASV_884	0	0	0	0	0	0	6	2	1	1	4	1	0	0	0	0	0	0
ASV_925	0	0	0	0	0	0	1	0	2	1	6	1	2	0	1	0	0	1
ASV_929	0	0	0	0	0	0	2	0	0	5	0	0	3	1	0	0	3	1
ASV_939	0	0	0	0	0	0	0	0	0	0	13	0	2	0	0	0	0	0
ASV_962	0	0	0	0	0	0	8	0	1	0	5	0	0	0	0	0	0	1
ASV_1218	0	0	0	0	0	0	0	0	0	0	0	0	0	0	0	0	0	14
ASV_206	0	0	0	0	0	0	0	0	0	0	0	0	14	0	0	0	0	0
ASV_213	0	0	0	0	0	0	0	0	0	0	0	0	0	0	14	0	0	0
ASV_250	0	0	0	0	0	0	0	13	0	0	1	0	0	0	0	0	0	0
ASV_252	0	0	0	0	0	0	1	1	5	0	5	0	2	0	0	0	0	0
ASV_287	0	14	0	0	0	0	0	0	0	0	0	0	0	0	0	0	0	0
ASV_290	0	0	0	14	0	0	0	0	0	0	0	0	0	0	0	0	0	0
ASV_297	0	0	0	0	0	0	14	0	0	0	0	0	0	0	0	0	0	0
ASV_381	0	0	14	0	0	0	0	0	0	0	0	0	0	0	0	0	0	0
ASV_436	0	0	0	0	0	0	0	0	14	0	0	0	0	0	0	0	0	0
ASV_459	0	0	0	0	0	0	3	0	0	0	0	0	11	0	0	0	0	0
ASV_488	0	0	0	0	0	0	0	0	0	0	0	0	0	0	0	3	1	10
ASV_532	0	0	14	0	0	0	0	0	0	0	0	0	0	0	0	0	0	0
ASV_545	0	0	0	0	6	8	0	0	0	0	0	0	0	0	0	0	0	0
ASV_557	0	0	0	0	0	0	14	0	0	0	0	0	0	0	0	0	0	0
ASV_561	0	0	0	0	0	0	12	0	0	0	1	1	0	0	0	0	0	0
ASV_582	0	0	0	0	0	0	3	0	5	0	4	1	1	0	0	0	0	0
ASV_606	0	0	0	0	0	0	0	0	14	0	0	0	0	0	0	0	0	0
ASV_626	0	0	0	0	0	0	0	0	0	0	10	0	2	0	0	0	1	1
ASV_671	0	0	0	0	0	0	0	0	0	0	0	0	0	1	11	2	0	0
ASV_681	0	0	0	0	0	0	0	0	0	0	0	0	0	0	0	14	0	0
ASV_696	0	0	0	0	0	0	0	0	0	0	0	0	0	2	0	0	12	0
ASV_697	0	0	0	0	0	0	0	0	1	0	0	0	0	0	2	0	10	1
ASV_704	0	0	0	0	0	0	0	0	0	0	0	0	0	0	0	0	14	0
ASV_712	0	0	0	0	0	0	0	0	0	0	0	0	0	0	2	1	1	10
ASV_714	0	0	0	0	0	0	0	0	0	0	0	0	0	3	1	0	0	10
ASV_775	0	1	8	1	4	0	0	0	0	0	0	0	0	0	0	0	0	0
ASV_835	0	0	0	0	0	0	10	0	1	0	1	1	0	0	1	0	0	0
ASV_845	0	0	0	0	0	0	7	0	0	0	3	1	0	1	0	0	2	0
ASV_855	0	0	0	0	0	0	5	0	0	0	0	0	0	8	0	1	0	0
ASV_864	0	0	0	0	0	0	2	0	3	0	2	2	5	0	0	0	0	0
ASV_892	0	0	0	0	0	0	0	5	0	4	4	0	0	0	0	0	1	0
ASV_932	0	0	0	0	0	0	7	0	1	2	2	0	2	0	0	0	0	0
ASV_961	0	0	0	0	0	0	2	1	0	0	6	0	3	2	0	0	0	0
ASV_1012	0	0	0	0	0	0	0	0	0	0	0	0	1	2	0	1	7	2
ASV_1049	0	0	0	0	0	0	0	0	0	0	4	0	9	0	0	0	0	0
ASV_1074	0	0	0	0	0	0	0	0	0	0	0	0	0	0	13	0	0	0
ASV_1104	0	0	0	0	0	0	2	0	0	1	0	0	1	0	4	4	1	0
ASV_1106	0	0	0	0	0	0	0	0	0	0	0	0	0	7	6	0	0	0
ASV_1136	0	0	0	0	0	0	0	0	0	0	0	0	4	0	0	9	0	0
ASV_1175	0	0	0	0	0	0	0	0	0	0	0	0	0	1	0	0	12	0
ASV_1228	0	0	0	0	0	0	0	0	0	0	0	0	0	2	0	0	0	11
ASV_155	0	0	0	0	0	0	7	0	1	0	1	2	0	0	0	0	0	2
ASV_156	0	0	0	0	0	0	13	0	0	0	0	0	0	0	0	0	0	0
ASV_163	0	0	0	0	0	0	0	12	0	0	0	0	0	0	0	0	1	0
ASV_242	0	0	0	0	0	0	8	0	1	0	2	0	2	0	0	0	0	0
ASV_258	0	0	0	0	0	0	0	0	0	0	13	0	0	0	0	0	0	0
ASV_301	0	0	0	0	0	0	2	0	0	0	11	0	0	0	0	0	0	0
ASV_312	0	0	0	0	0	0	0	13	0	0	0	0	0	0	0	0	0	0
ASV_327	0	0	0	0	0	0	0	0	1	0	12	0	0	0	0	0	0	0
ASV_332	0	0	0	0	0	0	0	0	0	0	0	3	0	0	0	0	5	5
ASV_338	0	0	0	0	0	0	0	0	0	1	0	0	12	0	0	0	0	0
ASV_354	0	0	0	0	0	0	0	0	0	0	0	0	0	2	1	10	0	0
ASV_361	0	0	0	0	0	0	1	0	0	0	0	0	0	0	0	1	11	0
ASV_362	0	0	0	0	0	0	1	0	0	0	1	0	1	0	1	0	8	1
ASV_420	0	0	0	0	0	0	9	0	1	0	2	0	0	0	1	0	0	0
ASV_423	0	0	0	0	0	0	0	1	0	0	9	0	0	0	1	1	0	1
ASV_428	0	0	0	0	0	0	1	11	0	0	0	0	0	0	0	1	0	0
ASV_451	0	0	0	0	0	0	0	0	0	0	13	0	0	0	0	0	0	0
ASV_468	0	0	0	0	0	0	0	0	0	0	0	0	0	0	0	13	0	0
ASV_482	0	0	0	0	0	0	2	0	0	0	0	0	1	0	1	0	9	0
ASV_485	0	0	0	0	0	0	0	0	0	0	0	0	0	0	1	3	9	0
ASV_586	0	0	0	0	0	0	5	0	2	0	2	2	2	0	0	0	0	0
ASV_653	0	0	0	0	0	0	0	0	1	0	0	0	5	2	3	0	0	2
ASV_676	0	0	0	0	0	0	0	0	0	0	0	0	0	2	7	0	1	3
ASV_684	0	0	0	0	0	0	1	0	0	0	0	0	0	0	3	8	1	0
ASV_699	0	0	0	0	0	0	0	0	0	0	0	0	0	6	1	0	6	0
ASV_701	0	0	0	0	1	0	0	0	0	1	0	0	0	2	4	0	5	0
ASV_766	3	0	10	0	0	0	0	0	0	0	0	0	0	0	0	0	0	0
ASV_776	0	0	13	0	0	0	0	0	0	0	0	0	0	0	0	0	0	0
ASV_818	0	1	3	0	9	0	0	0	0	0	0	0	0	0	0	0	0	0
ASV_945	0	0	0	0	0	0	0	0	0	1	11	0	0	0	0	0	0	1
ASV_985	0	0	0	0	0	0	0	0	0	0	3	8	2	0	0	0	0	0
ASV_1064	0	0	0	0	0	0	0	1	0	0	0	0	3	3	1	0	3	1
ASV_1176	0	0	0	0	0	0	0	0	0	0	0	0	0	0	1	0	1	10
ASV_1212	0	0	0	0	0	0	0	0	0	0	0	0	0	1	0	4	2	5
ASV_1222	0	0	0	0	0	0	0	0	0	0	0	0	0	0	3	5	0	4
ASV_218	0	0	0	0	0	0	0	0	0	0	0	0	0	1	0	0	11	0
ASV_238	0	0	0	0	0	0	2	0	0	0	2	0	3	0	0	0	5	0
ASV_268	0	0	0	0	0	0	0	0	0	0	0	0	12	0	0	0	0	0
ASV_269	0	0	0	0	0	0	0	0	0	0	0	0	12	0	0	0	0	0
ASV_278	0	0	0	0	0	0	0	0	0	0	0	0	0	0	3	9	0	0
ASV_285	12	0	0	0	0	0	0	0	0	0	0	0	0	0	0	0	0	0
ASV_291	1	1	0	0	10	0	0	0	0	0	0	0	0	0	0	0	0	0
ASV_307	0	0	0	0	0	0	5	0	0	0	7	0	0	0	0	0	0	0
ASV_316	0	0	0	0	0	0	2	0	3	0	0	0	7	0	0	0	0	0
ASV_320	0	0	0	0	0	0	0	0	2	10	0	0	0	0	0	0	0	0
ASV_326	0	0	0	0	0	0	0	0	0	0	12	0	0	0	0	0	0	0
ASV_339	0	0	0	0	0	0	0	0	0	0	0	0	12	0	0	0	0	0
ASV_365	0	0	0	0	0	0	0	0	0	0	0	0	0	0	0	0	0	12
ASV_378	0	0	12	0	0	0	0	0	0	0	0	0	0	0	0	0	0	0
ASV_379	0	0	12	0	0	0	0	0	0	0	0	0	0	0	0	0	0	0
ASV_386	1	2	7	0	2	0	0	0	0	0	0	0	0	0	0	0	0	0
ASV_389	0	0	0	12	0	0	0	0	0	0	0	0	0	0	0	0	0	0
ASV_391	0	0	0	12	0	0	0	0	0	0	0	0	0	0	0	0	0	0
ASV_399	0	0	0	6	1	5	0	0	0	0	0	0	0	0	0	0	0	0
ASV_418	0	0	0	0	0	0	8	0	0	2	0	0	1	0	1	0	0	0
ASV_432	0	0	0	0	0	0	0	7	0	0	3	0	0	0	0	0	2	0
ASV_434	0	0	0	0	0	0	0	0	12	0	0	0	0	0	0	0	0	0
ASV_486	0	0	0	0	0	0	0	0	0	0	0	0	0	1	1	1	9	0
ASV_490	0	0	0	0	0	0	0	0	0	0	0	0	0	0	0	0	0	12
ASV_516	4	0	7	0	1	0	0	0	0	0	0	0	0	0	0	0	0	0
ASV_524	0	0	12	0	0	0	0	0	0	0	0	0	0	0	0	0	0	0
ASV_542	0	1	0	0	11	0	0	0	0	0	0	0	0	0	0	0	0	0
ASV_546	0	1	1	0	10	0	0	0	0	0	0	0	0	0	0	0	0	0
ASV_581	0	0	0	0	0	0	9	0	3	0	0	0	0	0	0	0	0	0
ASV_583	0	0	0	0	0	0	9	2	0	0	0	0	1	0	0	0	0	0
ASV_615	0	0	0	0	0	0	0	0	3	0	5	1	3	0	0	0	0	0
ASV_622	0	0	0	0	0	0	0	0	0	0	8	4	0	0	0	0	0	0
ASV_625	0	0	0	0	0	0	1	0	3	0	6	0	1	0	0	0	0	1
ASV_633	0	0	0	0	0	0	1	0	0	0	1	7	2	0	0	0	1	0
ASV_639	0	0	0	0	0	0	1	0	0	0	0	6	0	1	0	0	2	2
ASV_647	0	0	0	0	0	0	0	0	0	0	0	0	4	0	2	3	2	1
ASV_662	0	0	0	0	0	0	0	0	0	0	0	0	0	12	0	0	0	0
ASV_686	0	0	0	0	0	0	0	0	0	0	0	0	0	0	0	12	0	0
ASV_703	0	0	0	0	0	0	0	1	0	0	0	1	0	1	0	0	9	0
ASV_715	0	0	0	0	0	0	0	0	0	0	0	0	0	0	0	0	0	12
ASV_727	0	0	0	0	0	0	2	0	1	0	0	0	0	1	0	0	0	8
ASV_742	12	0	0	0	0	0	0	0	0	0	0	0	0	0	0	0	0	0
ASV_745	1	2	9	0	0	0	0	0	0	0	0	0	0	0	0	0	0	0
ASV_753	0	12	0	0	0	0	0	0	0	0	0	0	0	0	0	0	0	0
ASV_806	0	0	0	11	0	0	0	0	0	0	1	0	0	0	0	0	0	0
ASV_807	0	0	9	3	0	0	0	0	0	0	0	0	0	0	0	0	0	0
ASV_867	0	0	0	0	0	0	10	0	0	0	0	0	1	0	1	0	0	0
ASV_868	0	0	0	0	0	0	4	0	1	0	0	0	0	0	1	0	5	1
ASV_915	0	0	0	0	0	0	0	0	12	0	0	0	0	0	0	0	0	0
ASV_917	0	0	0	0	0	0	1	0	2	0	0	1	8	0	0	0	0	0
ASV_940	0	0	0	0	0	0	0	0	0	0	10	0	0	0	2	0	0	0
ASV_941	0	0	0	0	0	0	0	0	2	0	7	0	3	0	0	0	0	0
ASV_950	0	0	0	0	0	0	0	0	0	0	12	0	0	0	0	0	0	0
ASV_970	1	0	0	0	0	0	2	0	0	0	6	1	2	0	0	0	0	0
ASV_998	0	0	0	0	0	0	0	0	0	0	0	1	0	1	4	4	2	0
ASV_1015	0	0	0	0	0	0	0	0	0	0	8	0	3	0	0	0	0	0
ASV_1026	0	0	0	0	0	0	0	0	0	0	0	0	3	1	4	1	1	1
ASV_1027	0	0	0	0	0	0	0	0	0	0	0	0	11	0	0	0	0	0
ASV_1084	0	0	0	0	0	0	0	0	0	0	0	0	0	2	9	0	0	0
ASV_1095	0	0	0	0	0	0	0	0	0	0	0	1	0	0	10	0	0	0
ASV_1099	0	0	0	0	0	0	0	0	0	0	0	0	3	1	7	0	0	0
ASV_1109	0	0	0	0	0	0	0	0	0	0	0	0	0	0	11	0	0	0
ASV_1116	0	0	0	0	0	0	0	0	0	0	0	0	0	0	0	11	0	0
ASV_1119	0	0	0	0	0	0	0	0	0	0	0	0	0	1	4	6	0	0
ASV_1127	0	0	0	0	0	0	0	0	0	0	0	0	0	0	1	10	0	0
ASV_1128	0	0	0	0	0	0	0	0	1	0	0	0	0	1	0	8	1	0
ASV_1162	0	0	0	0	0	0	0	0	0	0	0	1	0	0	0	0	10	0
ASV_1167	0	0	0	0	0	0	0	0	0	0	0	0	0	0	0	0	11	0
ASV_1171	0	0	0	0	0	0	0	0	0	0	0	0	0	1	1	5	4	0
ASV_1178	0	0	0	0	0	0	0	0	0	0	0	0	2	2	1	0	3	3
ASV_1185	0	0	0	0	0	0	0	0	0	0	0	0	0	1	0	1	1	8
ASV_1191	0	0	0	0	0	0	0	1	0	0	1	0	0	1	0	0	0	8
ASV_1213	0	0	0	0	0	0	0	0	0	0	0	0	0	0	0	3	0	8
ASV_1217	0	0	0	0	0	0	0	0	0	0	0	0	0	0	1	0	0	10
ASV_239	0	0	0	0	0	0	11	0	0	0	0	0	0	0	0	0	0	0
ASV_244	0	0	0	0	0	0	10	0	0	0	0	0	1	0	0	0	0	0
ASV_257	0	0	0	0	0	0	0	0	0	0	11	0	0	0	0	0	0	0
ASV_270	0	0	0	0	0	0	0	0	0	0	0	0	11	0	0	0	0	0
ASV_284	11	0	0	0	0	0	0	0	0	0	0	0	0	0	0	0	0	0
ASV_295	0	0	0	0	0	11	0	0	0	0	0	0	0	0	0	0	0	0
ASV_319	0	0	0	0	0	0	0	0	0	9	1	1	0	0	0	0	0	0
ASV_323	0	0	0	0	0	0	0	0	0	0	11	0	0	0	0	0	0	0
ASV_328	0	0	0	0	0	0	0	0	0	0	11	0	0	0	0	0	0	0
ASV_346	0	0	0	0	0	0	0	0	0	0	0	0	0	0	11	0	0	0
ASV_360	0	0	0	0	0	0	0	0	0	0	0	0	0	0	1	1	9	0
ASV_390	0	0	0	11	0	0	0	0	0	0	0	0	0	0	0	0	0	0
ASV_397	0	0	0	0	11	0	0	0	0	0	0	0	0	0	0	0	0	0
ASV_405	0	0	0	0	0	0	9	0	0	0	1	0	1	0	0	0	0	0
ASV_415	0	0	0	0	0	0	7	0	0	4	0	0	0	0	0	0	0	0
ASV_461	0	0	0	0	0	0	3	0	0	0	0	0	7	0	1	0	0	0
ASV_467	0	0	0	0	0	0	0	0	0	0	0	0	0	0	1	10	0	0
ASV_487	0	0	0	0	0	0	0	0	0	0	0	0	0	0	0	0	11	0
ASV_549	0	0	0	0	11	0	0	0	0	0	0	0	0	0	0	0	0	0
ASV_567	0	0	0	0	0	0	8	0	3	0	0	0	0	0	0	0	0	0
ASV_568	0	0	0	0	0	0	2	0	0	0	0	1	0	0	8	0	0	0
ASV_570	0	0	0	0	0	0	10	0	0	0	0	0	1	0	0	0	0	0
ASV_604	0	0	0	0	0	0	0	0	11	0	0	0	0	0	0	0	0	0
ASV_609	0	0	0	0	0	0	0	0	0	8	3	0	0	0	0	0	0	0
ASV_620	0	0	0	0	0	0	0	0	1	0	3	3	4	0	0	0	0	0
ASV_651	0	0	0	0	0	0	1	0	2	0	0	3	5	0	0	0	0	0
ASV_661	0	0	0	0	0	0	0	0	0	0	0	0	0	11	0	0	0	0
ASV_673	0	0	0	0	0	0	0	0	0	0	0	0	0	0	11	0	0	0
ASV_695	0	0	0	0	0	0	0	0	0	0	0	0	0	2	1	1	7	0
ASV_716	0	0	0	0	0	0	0	0	0	0	0	0	0	0	0	0	0	11
ASV_725	0	0	0	0	0	0	1	0	0	0	0	0	0	0	1	0	0	9
ASV_749	0	10	0	0	1	0	0	0	0	0	0	0	0	0	0	0	0	0
ASV_779	1	5	5	0	0	0	0	0	0	0	0	0	0	0	0	0	0	0
ASV_784	1	1	5	3	1	0	0	0	0	0	0	0	0	0	0	0	0	0
ASV_793	0	5	4	2	0	0	0	0	0	0	0	0	0	0	0	0	0	0
ASV_795	0	1	7	0	3	0	0	0	0	0	0	0	0	0	0	0	0	0
ASV_799	0	0	11	0	0	0	0	0	0	0	0	0	0	0	0	0	0	0
ASV_805	2	0	0	9	0	0	0	0	0	0	0	0	0	0	0	0	0	0
ASV_817	0	0	0	0	11	0	0	0	0	0	0	0	0	0	0	0	0	0
ASV_824	0	0	0	0	11	0	0	0	0	0	0	0	0	0	0	0	0	0
ASV_825	0	0	5	0	6	0	0	0	0	0	0	0	0	0	0	0	0	0
ASV_882	0	0	0	0	0	0	11	0	0	0	0	0	0	0	0	0	0	0
ASV_894	0	0	0	0	0	0	1	7	0	0	0	2	0	0	0	1	0	0
ASV_920	0	0	0	0	0	0	2	0	2	7	0	0	0	0	0	0	0	0
ASV_923	0	0	0	0	0	0	1	0	1	6	2	0	1	0	0	0	0	0
ASV_1034	0	0	0	0	0	0	0	0	0	0	0	0	2	0	2	4	2	0
ASV_1046	0	0	0	0	0	0	1	1	0	0	1	1	5	0	0	0	1	0
ASV_1085	0	0	0	0	0	0	0	0	0	0	0	0	0	3	2	5	0	0
ASV_1098	0	0	0	0	0	0	0	3	1	0	0	0	0	0	6	0	0	0
ASV_1110	0	0	0	0	0	0	2	0	1	0	0	2	0	0	2	2	0	1
ASV_1123	0	0	0	0	0	0	0	0	0	0	0	0	0	1	0	9	0	0
ASV_1135	0	0	0	0	0	0	1	0	0	0	0	0	0	0	0	3	6	0
ASV_1143	0	0	0	0	0	0	0	2	0	0	0	0	0	0	0	0	8	0
ASV_1158	0	0	0	0	0	0	0	0	0	0	0	0	0	0	0	1	6	3
ASV_1184	0	0	0	0	0	0	0	0	0	0	0	0	0	0	0	1	0	9
ASV_1221	0	0	0	0	0	0	0	0	0	0	0	0	0	0	1	2	4	3
ASV_1226	0	0	0	0	0	0	0	0	1	0	0	0	0	0	1	3	1	4
ASV_253	0	0	0	0	0	0	0	0	10	0	0	0	0	0	0	0	0	0
ASV_302	0	0	0	0	0	0	3	0	0	0	1	6	0	0	0	0	0	0
ASV_317	0	0	0	0	0	0	0	0	10	0	0	0	0	0	0	0	0	0
ASV_321	0	0	0	0	0	0	0	0	0	10	0	0	0	0	0	0	0	0
ASV_329	0	0	0	0	0	0	0	0	0	0	5	2	3	0	0	0	0	0
ASV_382	0	0	10	0	0	0	0	0	0	0	0	0	0	0	0	0	0	0
ASV_422	0	0	0	0	0	0	10	0	0	0	0	0	0	0	0	0	0	0
ASV_431	0	0	0	0	0	0	0	10	0	0	0	0	0	0	0	0	0	0
ASV_435	0	0	0	0	0	0	0	0	10	0	0	0	0	0	0	0	0	0
ASV_442	0	0	0	0	0	0	0	0	0	0	10	0	0	0	0	0	0	0
ASV_444	0	0	0	0	0	0	0	1	0	0	3	6	0	0	0	0	0	0
ASV_458	0	0	0	0	0	0	1	0	0	0	0	0	2	0	5	0	2	0
ASV_474	0	0	0	0	0	0	0	0	0	0	0	0	0	1	0	9	0	0
ASV_475	0	0	0	0	0	0	0	0	0	0	0	0	0	0	0	3	0	7
ASV_491	0	0	0	0	0	0	0	0	0	0	0	0	0	0	1	0	1	8
ASV_514	0	0	10	0	0	0	0	0	0	0	0	0	0	0	0	0	0	0
ASV_521	0	0	10	0	0	0	0	0	0	0	0	0	0	0	0	0	0	0
ASV_522	0	0	10	0	0	0	0	0	0	0	0	0	0	0	0	0	0	0
ASV_547	0	0	0	0	10	0	0	0	0	0	0	0	0	0	0	0	0	0
ASV_566	0	0	0	0	0	0	7	0	2	0	0	1	0	0	0	0	0	0
ASV_574	0	0	0	0	0	0	9	0	0	0	0	1	0	0	0	0	0	0
ASV_587	0	0	0	0	0	0	9	0	0	0	0	0	1	0	0	0	0	0
ASV_596	0	0	0	0	0	0	0	0	10	0	0	0	0	0	0	0	0	0
ASV_619	0	0	0	0	0	0	0	0	0	0	4	6	0	0	0	0	0	0
ASV_642	0	0	0	0	0	0	0	0	0	0	0	0	6	0	3	1	0	0
ASV_663	0	0	0	0	0	0	0	0	0	0	0	0	0	2	0	5	3	0
ASV_683	0	0	0	0	0	0	0	0	0	0	0	0	0	0	0	10	0	0
ASV_693	0	0	0	0	0	0	0	0	0	0	0	0	0	2	0	0	8	0
ASV_702	0	0	0	0	0	0	0	0	0	0	0	0	0	0	1	0	9	0
ASV_709	0	0	0	0	0	0	0	0	0	0	0	0	0	0	0	0	1	9
ASV_733	10	0	0	0	0	0	0	0	0	0	0	0	0	0	0	0	0	0
ASV_761	0	0	10	0	0	0	0	0	0	0	0	0	0	0	0	0	0	0
ASV_777	0	0	10	0	0	0	0	0	0	0	0	0	0	0	0	0	0	0
ASV_785	0	0	10	0	0	0	0	0	0	0	0	0	0	0	0	0	0	0
ASV_789	0	0	10	0	0	0	0	0	0	0	0	0	0	0	0	0	0	0
ASV_792	0	0	10	0	0	0	0	0	0	0	0	0	0	0	0	0	0	0
ASV_811	1	1	3	0	5	0	0	0	0	0	0	0	0	0	0	0	0	0
ASV_814	0	0	0	0	10	0	0	0	0	0	0	0	0	0	0	0	0	0
ASV_816	0	1	0	0	9	0	0	0	0	0	0	0	0	0	0	0	0	0
ASV_846	0	0	0	0	0	0	4	0	0	0	2	0	4	0	0	0	0	0
ASV_887	0	0	0	0	0	0	6	0	0	0	4	0	0	0	0	0	0	0
ASV_913	0	0	0	0	0	0	5	0	3	0	0	0	2	0	0	0	0	0
ASV_984	0	0	0	0	0	0	0	0	0	0	0	10	0	0	0	0	0	0
ASV_1038	0	0	0	0	0	0	0	0	0	0	0	0	9	0	0	0	0	0
ASV_1066	0	0	0	0	0	0	0	0	0	0	0	1	0	5	1	1	0	1
ASV_1094	0	0	0	0	0	0	0	0	0	0	0	0	0	0	9	0	0	0
ASV_1125	0	0	0	0	0	0	0	0	0	0	0	0	0	0	0	5	4	0
ASV_1130	0	0	0	0	0	0	0	0	0	0	0	0	0	0	0	9	0	0
ASV_1134	0	0	0	0	0	0	0	0	0	0	0	0	0	0	0	9	0	0
ASV_1137	0	0	0	0	0	0	0	0	0	0	1	0	0	0	1	7	0	0
ASV_1139	0	0	0	0	0	0	0	0	0	0	0	0	0	0	0	9	0	0
ASV_1149	0	0	0	0	0	0	2	0	0	0	0	0	1	0	1	0	5	0
ASV_1156	0	0	0	0	0	0	0	0	0	0	0	0	0	1	2	0	2	4
ASV_1159	0	0	0	0	0	0	0	0	0	0	0	0	0	0	0	0	9	0
ASV_1170	0	0	0	0	0	0	0	0	0	0	0	0	0	2	1	0	6	0
ASV_1195	0	0	0	0	0	0	0	0	0	0	0	0	0	0	1	1	0	7
ASV_1202	0	0	0	0	0	0	0	0	0	0	0	0	0	0	1	0	0	8
ASV_1225	0	0	0	0	0	0	0	0	0	0	0	0	0	0	0	2	3	4
ASV_205	0	0	0	0	0	0	0	0	0	0	0	9	0	0	0	0	0	0
ASV_251	0	0	0	0	0	0	0	9	0	0	0	0	0	0	0	0	0	0
ASV_296	0	0	0	0	0	9	0	0	0	0	0	0	0	0	0	0	0	0
ASV_335	0	0	0	0	0	0	0	0	0	0	0	3	6	0	0	0	0	0
ASV_376	0	0	9	0	0	0	0	0	0	0	0	0	0	0	0	0	0	0
ASV_425	0	0	0	0	0	0	0	9	0	0	0	0	0	0	0	0	0	0
ASV_460	0	0	0	0	0	0	0	0	0	0	0	3	6	0	0	0	0	0
ASV_466	0	0	0	0	0	0	0	0	0	0	0	0	0	9	0	0	0	0
ASV_483	0	0	0	0	0	0	0	0	0	0	0	0	0	0	0	0	9	0
ASV_510	0	4	1	0	4	0	0	0	0	0	0	0	0	0	0	0	0	0
ASV_523	0	0	9	0	0	0	0	0	0	0	0	0	0	0	0	0	0	0
ASV_535	0	0	0	8	1	0	0	0	0	0	0	0	0	0	0	0	0	0
ASV_538	0	0	0	0	9	0	0	0	0	0	0	0	0	0	0	0	0	0
ASV_556	0	0	0	0	0	1	6	0	1	0	1	0	0	0	0	0	0	0
ASV_558	0	0	0	0	0	0	5	0	1	0	3	0	0	0	0	0	0	0
ASV_562	0	0	0	0	0	0	9	0	0	0	0	0	0	0	0	0	0	0
ASV_605	0	0	0	0	0	0	0	0	9	0	0	0	0	0	0	0	0	0
ASV_610	0	0	0	0	0	0	0	0	0	9	0	0	0	0	0	0	0	0
ASV_692	0	0	0	0	0	0	0	0	0	0	0	0	0	0	0	0	9	0
ASV_708	0	0	0	0	0	0	0	0	0	0	0	0	0	0	0	0	9	0
ASV_711	0	0	0	0	0	0	0	0	0	0	0	0	0	0	2	2	0	5
ASV_723	0	0	0	0	0	0	0	0	2	0	0	1	0	0	1	0	0	5
ASV_759	0	0	9	0	0	0	0	0	0	0	0	0	0	0	0	0	0	0
ASV_762	2	0	5	2	0	0	0	0	0	0	0	0	0	0	0	0	0	0
ASV_764	0	0	9	0	0	0	0	0	0	0	0	0	0	0	0	0	0	0
ASV_772	0	0	9	0	0	0	0	0	0	0	0	0	0	0	0	0	0	0
ASV_781	0	0	8	0	0	1	0	0	0	0	0	0	0	0	0	0	0	0
ASV_837	0	0	0	0	0	0	1	0	0	1	0	0	0	0	1	5	0	1
ASV_890	0	0	0	0	0	0	5	2	0	0	0	1	1	0	0	0	0	0
ASV_936	0	0	0	0	0	0	3	0	0	3	1	0	1	0	0	0	1	0
ASV_943	0	0	0	0	0	0	0	1	0	0	6	1	0	0	1	0	0	0
ASV_956	0	0	0	0	0	0	2	0	1	0	6	0	0	0	0	0	0	0
ASV_966	0	0	0	0	0	0	0	0	0	0	4	0	5	0	0	0	0	0
ASV_973	0	0	0	0	0	0	0	4	0	0	5	0	0	0	0	0	0	0
ASV_974	0	0	0	0	0	0	0	0	0	0	8	0	1	0	0	0	0	0
ASV_990	0	0	0	0	0	0	0	0	0	0	1	7	1	0	0	0	0	0
ASV_1002	0	0	0	0	0	0	0	0	0	0	0	8	0	0	0	0	0	0
ASV_1022	0	0	0	0	0	0	0	0	0	0	0	0	1	0	2	1	2	2
ASV_1039	0	0	0	0	0	0	0	0	0	0	0	0	2	0	2	0	4	0
ASV_1043	0	0	0	0	0	0	0	0	0	0	0	0	2	2	1	0	0	3
ASV_1071	0	0	0	0	0	0	0	0	0	0	0	0	1	4	2	0	1	0
ASV_1089	0	0	0	0	0	0	0	0	0	0	0	0	0	0	8	0	0	0
ASV_1103	0	0	0	0	0	0	0	0	0	0	0	0	0	1	4	3	0	0
ASV_1113	0	0	0	0	0	0	0	0	0	0	0	0	0	0	0	8	0	0
ASV_1126	0	0	0	0	0	0	0	0	0	0	0	0	0	0	3	5	0	0
ASV_1132	0	0	0	0	0	0	0	0	0	0	0	0	0	0	0	8	0	0
ASV_1133	0	0	0	0	0	0	0	0	0	0	0	0	0	1	3	4	0	0
ASV_1180	0	0	0	0	0	0	1	0	0	0	0	0	1	0	2	1	3	0
ASV_1192	0	0	0	0	0	0	0	0	0	0	0	0	0	0	0	2	0	6
ASV_1211	0	0	0	0	0	0	0	0	0	0	0	0	0	0	0	0	0	8
ASV_259	0	0	0	0	0	0	0	0	0	0	8	0	0	0	0	0	0	0
ASV_299	0	0	0	0	0	0	2	0	0	0	0	0	6	0	0	0	0	0
ASV_310	0	0	0	0	0	0	0	8	0	0	0	0	0	0	0	0	0	0
ASV_322	0	0	0	0	0	0	0	0	0	7	0	0	0	0	1	0	0	0
ASV_330	0	0	0	0	0	0	0	0	0	0	7	0	0	0	0	1	0	0
ASV_393	0	0	0	8	0	0	0	0	0	0	0	0	0	0	0	0	0	0
ASV_410	0	0	0	0	0	0	3	0	0	0	5	0	0	0	0	0	0	0
ASV_427	0	0	0	0	0	0	0	8	0	0	0	0	0	0	0	0	0	0
ASV_433	0	0	0	0	0	0	0	0	7	0	0	0	0	0	0	0	0	1
ASV_445	0	0	0	0	0	0	0	0	0	0	8	0	0	0	0	0	0	0
ASV_454	0	0	0	0	0	0	0	0	0	1	0	7	0	0	0	0	0	0
ASV_465	0	0	0	0	0	0	0	0	0	0	2	0	0	6	0	0	0	0
ASV_470	0	0	0	0	0	0	0	0	0	0	0	0	0	3	0	4	0	1
ASV_504	0	8	0	0	0	0	0	0	0	0	0	0	0	0	0	0	0	0
ASV_553	0	0	0	0	0	8	0	0	0	0	0	0	0	0	0	0	0	0
ASV_576	0	0	0	0	0	0	5	0	1	0	2	0	0	0	0	0	0	0
ASV_585	0	0	0	0	0	0	4	0	0	0	0	2	2	0	0	0	0	0
ASV_607	0	0	0	0	0	0	1	0	0	6	1	0	0	0	0	0	0	0
ASV_612	0	0	0	0	0	0	0	0	0	8	0	0	0	0	0	0	0	0
ASV_641	0	0	0	0	0	0	0	0	0	0	1	0	6	0	0	0	1	0
ASV_644	0	0	0	0	0	0	1	0	0	0	0	0	2	0	1	2	2	0
ASV_648	0	0	0	0	0	0	0	0	0	0	0	0	7	1	0	0	0	0
ASV_698	0	0	0	0	0	0	0	0	0	0	0	0	0	0	0	0	8	0
ASV_721	0	0	0	0	0	0	0	0	0	0	0	0	0	2	2	0	0	4
ASV_729	7	0	1	0	0	0	0	0	0	0	0	0	0	0	0	0	0	0
ASV_732	8	0	0	0	0	0	0	0	0	0	0	0	0	0	0	0	0	0
ASV_741	7	0	1	0	0	0	0	0	0	0	0	0	0	0	0	0	0	0
ASV_755	0	3	4	0	1	0	0	0	0	0	0	0	0	0	0	0	0	0
ASV_765	0	0	6	0	2	0	0	0	0	0	0	0	0	0	0	0	0	0
ASV_767	3	0	5	0	0	0	0	0	0	0	0	0	0	0	0	0	0	0
ASV_801	1	0	1	6	0	0	0	0	0	0	0	0	0	0	0	0	0	0
ASV_808	0	0	0	8	0	0	0	0	0	0	0	0	0	0	0	0	0	0
ASV_840	0	0	0	0	0	0	8	0	0	0	0	0	0	0	0	0	0	0
ASV_841	0	0	0	0	0	0	8	0	0	0	0	0	0	0	0	0	0	0
ASV_842	0	0	0	0	0	0	7	0	0	0	1	0	0	0	0	0	0	0
ASV_865	0	0	0	0	0	0	5	0	3	0	0	0	0	0	0	0	0	0
ASV_872	0	0	0	0	0	0	8	0	0	0	0	0	0	0	0	0	0	0
ASV_897	0	0	0	0	0	0	0	3	0	0	0	0	0	5	0	0	0	0
ASV_916	0	0	0	0	0	0	0	0	8	0	0	0	0	0	0	0	0	0
ASV_918	0	0	0	0	0	0	1	0	3	1	2	0	0	0	0	0	1	0
ASV_921	0	0	0	0	0	0	1	0	0	4	0	2	0	0	0	0	1	0
ASV_968	0	0	0	0	0	0	0	0	0	0	8	0	0	0	0	0	0	0
ASV_976	0	0	0	0	0	0	0	0	0	0	8	0	0	0	0	0	0	0
ASV_981	0	0	0	0	0	0	1	1	1	0	1	2	1	0	0	0	0	1
ASV_1003	0	0	0	0	0	0	0	0	0	0	2	4	1	0	0	0	0	0
ASV_1005	0	0	0	0	0	0	0	0	0	0	0	0	5	0	0	0	2	0
ASV_1009	0	0	0	0	0	0	0	0	1	0	0	0	6	0	0	0	0	0
ASV_1010	0	0	0	0	0	0	2	0	0	0	0	0	5	0	0	0	0	0
ASV_1024	0	0	0	0	0	0	0	0	0	0	0	0	7	0	0	0	0	0
ASV_1057	0	0	0	0	0	0	0	0	0	0	0	0	0	5	2	0	0	0
ASV_1058	0	0	0	0	0	0	0	0	0	0	0	0	0	5	2	0	0	0
ASV_1060	0	0	0	0	0	0	0	0	1	0	0	0	0	6	0	0	0	0
ASV_1075	0	0	0	0	0	0	0	0	0	0	1	2	0	0	1	2	0	1
ASV_1079	0	0	0	0	0	0	0	0	0	0	0	0	1	0	3	1	2	0
ASV_1121	0	0	0	0	0	0	0	0	1	1	2	0	1	0	0	2	0	0
ASV_1122	0	0	0	0	0	0	0	0	0	0	0	0	0	0	0	7	0	0
ASV_1138	0	0	0	0	0	0	0	1	0	0	0	0	0	0	0	6	0	0
ASV_1142	0	0	0	0	0	0	0	0	0	0	0	0	0	0	1	2	3	1
ASV_1154	0	0	0	0	0	0	0	0	0	0	0	0	0	0	0	0	7	0
ASV_1164	0	0	0	0	0	0	0	0	0	0	0	0	0	0	0	0	7	0
ASV_1201	0	0	0	0	0	0	0	0	0	0	0	0	0	0	0	0	0	7
ASV_1220	0	0	0	0	0	0	0	0	0	0	1	0	0	0	0	0	2	4
ASV_1223	0	0	0	0	0	0	0	0	0	0	0	0	0	0	0	0	0	7
ASV_1227	0	0	0	0	0	0	0	0	0	0	0	0	0	0	0	0	2	5
ASV_265	0	0	0	0	0	0	0	0	1	0	0	0	6	0	0	0	0	0
ASV_331	0	0	0	0	0	0	0	0	0	0	0	4	3	0	0	0	0	0
ASV_336	0	0	0	0	0	0	0	0	0	0	0	0	6	0	0	1	0	0
ASV_383	0	0	7	0	0	0	0	0	0	0	0	0	0	0	0	0	0	0
ASV_426	0	0	0	0	0	0	0	7	0	0	0	0	0	0	0	0	0	0
ASV_456	0	0	0	0	0	0	0	0	0	0	0	7	0	0	0	0	0	0
ASV_515	0	0	7	0	0	0	0	0	0	0	0	0	0	0	0	0	0	0
ASV_517	0	0	7	0	0	0	0	0	0	0	0	0	0	0	0	0	0	0
ASV_539	0	0	1	0	6	0	0	0	0	0	0	0	0	0	0	0	0	0
ASV_579	0	0	0	0	0	0	5	0	0	0	0	0	0	1	1	0	0	0
ASV_589	0	0	0	0	0	0	0	7	0	0	0	0	0	0	0	0	0	0
ASV_593	0	0	0	0	0	0	0	5	0	0	1	0	0	0	0	1	0	0
ASV_618	0	0	0	0	0	0	0	0	1	0	6	0	0	0	0	0	0	0
ASV_634	0	0	0	0	0	0	0	0	0	0	0	4	0	0	3	0	0	0
ASV_638	0	0	0	0	0	0	0	0	0	0	0	5	1	0	1	0	0	0
ASV_669	0	0	0	0	0	0	0	0	0	0	0	0	0	0	7	0	0	0
ASV_728	7	0	0	0	0	0	0	0	0	0	0	0	0	0	0	0	0	0
ASV_734	7	0	0	0	0	0	0	0	0	0	0	0	0	0	0	0	0	0
ASV_780	0	0	7	0	0	0	0	0	0	0	0	0	0	0	0	0	0	0
ASV_804	0	0	0	6	1	0	0	0	0	0	0	0	0	0	0	0	0	0
ASV_826	0	0	0	0	0	7	0	0	0	0	0	0	0	0	0	0	0	0
ASV_839	0	0	0	0	0	0	5	0	0	0	2	0	0	0	0	0	0	0
ASV_854	0	0	0	0	0	0	7	0	0	0	0	0	0	0	0	0	0	0
ASV_858	0	0	0	0	0	0	7	0	0	0	0	0	0	0	0	0	0	0
ASV_859	0	0	0	0	0	0	1	0	1	0	0	0	0	2	0	0	0	3
ASV_878	0	0	0	0	0	0	6	1	0	0	0	0	0	0	0	0	0	0
ASV_886	0	0	0	0	0	0	6	0	0	0	0	0	0	0	0	0	0	1
ASV_893	0	0	0	0	0	0	0	4	2	0	1	0	0	0	0	0	0	0
ASV_896	0	0	0	0	0	0	0	7	0	0	0	0	0	0	0	0	0	0
ASV_900	0	0	0	0	0	0	0	3	4	0	0	0	0	0	0	0	0	0
ASV_919	0	0	0	0	0	0	0	0	6	0	1	0	0	0	0	0	0	0
ASV_926	0	0	0	0	0	0	0	0	3	4	0	0	0	0	0	0	0	0
ASV_927	0	0	0	0	0	0	0	0	0	7	0	0	0	0	0	0	0	0
ASV_948	0	0	0	0	0	0	0	0	1	0	4	0	1	0	1	0	0	0
ASV_960	0	0	0	0	0	0	1	0	1	0	5	0	0	0	0	0	0	0
ASV_964	0	0	0	0	0	0	0	0	0	0	7	0	0	0	0	0	0	0
ASV_967	0	0	0	0	0	0	0	0	0	1	5	0	0	0	0	0	0	1
ASV_982	0	0	0	0	0	0	0	0	0	0	0	7	0	0	0	0	0	0
ASV_992	0	0	0	0	0	0	0	0	0	0	0	7	0	0	0	0	0	0
ASV_1004	0	0	0	0	0	0	0	0	0	0	0	1	0	3	0	1	1	0
ASV_1016	0	0	0	0	0	0	0	0	0	0	0	1	5	0	0	0	0	0
ASV_1019	0	0	0	0	0	0	0	0	0	0	0	0	4	0	2	0	0	0
ASV_1021	0	0	0	0	0	0	0	0	0	0	0	0	3	1	2	0	0	0
ASV_1023	0	0	0	0	0	0	0	0	0	0	0	0	5	0	0	1	0	0
ASV_1025	0	0	0	0	0	0	0	0	0	0	2	0	4	0	0	0	0	0
ASV_1036	0	0	0	0	0	0	1	1	0	0	1	0	3	0	0	0	0	0
ASV_1045	0	0	0	0	0	0	0	0	1	0	0	2	3	0	0	0	0	0
ASV_1048	0	0	0	0	0	0	0	0	1	0	0	0	1	0	2	0	1	1
ASV_1059	0	0	0	0	0	0	0	0	0	0	0	0	0	6	0	0	0	0
ASV_1063	0	0	0	0	0	0	0	0	0	0	0	0	0	6	0	0	0	0
ASV_1086	0	0	0	0	0	0	0	0	0	0	0	0	0	0	5	0	1	0
ASV_1087	0	0	0	0	0	0	0	0	0	0	1	0	0	0	3	2	0	0
ASV_1151	0	0	0	0	0	0	0	0	0	0	0	0	0	0	0	0	6	0
ASV_1169	0	0	0	0	0	0	0	0	0	0	0	0	0	0	0	0	6	0
ASV_1197	0	0	0	0	0	0	0	0	0	0	0	0	0	0	0	0	0	6
ASV_1214	0	0	0	0	0	0	0	0	0	0	0	0	0	1	2	0	0	3
ASV_1224	0	0	0	0	0	0	0	0	0	0	0	0	0	0	1	0	0	5
ASV_1234	0	0	0	0	0	0	0	0	0	0	0	0	0	0	0	0	0	6
ASV_401	0	0	0	0	0	0	5	0	0	0	0	0	0	0	0	1	0	0
ASV_409	0	0	0	0	0	0	6	0	0	0	0	0	0	0	0	0	0	0
ASV_412	0	0	0	0	0	0	6	0	0	0	0	0	0	0	0	0	0	0
ASV_438	0	0	0	0	0	0	0	0	4	2	0	0	0	0	0	0	0	0
ASV_440	0	0	0	0	0	0	0	0	1	5	0	0	0	0	0	0	0	0
ASV_443	0	0	0	0	0	0	0	0	0	0	6	0	0	0	0	0	0	0
ASV_447	0	0	0	0	0	0	0	0	0	0	6	0	0	0	0	0	0	0
ASV_462	0	0	0	0	0	0	0	0	0	0	0	0	6	0	0	0	0	0
ASV_463	0	0	0	0	0	0	0	0	0	0	0	0	6	0	0	0	0	0
ASV_478	0	0	0	0	0	0	0	0	0	0	0	0	0	0	0	6	0	0
ASV_508	0	6	0	0	0	0	0	0	0	0	0	0	0	0	0	0	0	0
ASV_548	0	0	0	0	6	0	0	0	0	0	0	0	0	0	0	0	0	0
ASV_551	0	0	0	0	0	1	0	0	0	0	2	0	0	0	0	0	3	0
ASV_595	0	0	0	0	0	0	0	0	6	0	0	0	0	0	0	0	0	0
ASV_597	0	0	0	0	0	0	0	0	4	0	1	0	1	0	0	0	0	0
ASV_598	0	0	0	0	0	0	0	0	5	0	0	0	1	0	0	0	0	0
ASV_603	0	0	0	0	0	0	0	0	6	0	0	0	0	0	0	0	0	0
ASV_613	0	0	0	0	0	0	0	0	0	6	0	0	0	0	0	0	0	0
ASV_616	0	0	0	0	0	0	0	0	0	0	6	0	0	0	0	0	0	0
ASV_621	0	0	0	0	0	0	0	0	0	0	5	0	1	0	0	0	0	0
ASV_623	0	0	0	0	0	0	0	0	0	0	6	0	0	0	0	0	0	0
ASV_630	0	0	0	0	0	0	0	0	0	0	6	0	0	0	0	0	0	0
ASV_631	0	0	0	0	0	0	0	0	0	0	3	3	0	0	0	0	0	0
ASV_640	0	0	0	0	0	0	0	0	0	0	0	0	6	0	0	0	0	0
ASV_645	0	0	0	0	0	0	0	0	0	0	0	0	6	0	0	0	0	0
ASV_649	0	0	0	0	0	0	0	0	0	0	0	0	6	0	0	0	0	0
ASV_652	0	0	0	0	0	0	0	0	0	0	0	0	6	0	0	0	0	0
ASV_666	0	0	0	0	0	0	0	0	0	0	0	0	0	6	0	0	0	0
ASV_707	0	0	0	0	0	0	0	0	0	0	0	0	1	0	0	0	5	0
ASV_717	0	0	0	0	0	0	0	0	0	0	0	0	0	1	0	0	0	5
ASV_730	5	0	0	0	0	1	0	0	0	0	0	0	0	0	0	0	0	0
ASV_774	0	0	4	2	0	0	0	0	0	0	0	0	0	0	0	0	0	0
ASV_790	0	0	5	0	0	0	1	0	0	0	0	0	0	0	0	0	0	0
ASV_834	0	0	0	0	0	0	6	0	0	0	0	0	0	0	0	0	0	0
ASV_850	0	0	0	0	0	0	2	0	1	0	3	0	0	0	0	0	0	0
ASV_851	0	0	0	0	0	0	5	0	0	0	0	0	0	0	0	1	0	0
ASV_895	0	0	0	0	0	0	0	4	2	0	0	0	0	0	0	0	0	0
ASV_903	0	0	0	0	0	0	0	0	4	0	0	0	1	1	0	0	0	0
ASV_907	0	0	0	0	0	0	0	0	6	0	0	0	0	0	0	0	0	0
ASV_914	0	0	0	0	0	0	1	0	4	1	0	0	0	0	0	0	0	0
ASV_922	0	0	0	0	0	0	0	0	0	6	0	0	0	0	0	0	0	0
ASV_931	0	0	0	0	0	0	1	0	0	1	0	0	0	0	0	0	3	1
ASV_933	0	0	0	0	0	0	0	0	0	6	0	0	0	0	0	0	0	0
ASV_942	0	0	0	0	0	0	0	0	0	0	6	0	0	0	0	0	0	0
ASV_946	0	0	0	0	0	0	0	0	0	0	4	0	2	0	0	0	0	0
ASV_951	0	0	0	0	0	0	0	0	0	0	6	0	0	0	0	0	0	0
ASV_977	0	0	0	0	0	0	0	0	0	0	4	1	1	0	0	0	0	0
ASV_980	0	0	0	0	0	0	0	0	0	0	0	1	0	0	0	5	0	0
ASV_1000	0	0	0	0	0	0	0	1	0	0	1	3	0	0	0	0	0	0
ASV_1001	0	0	0	0	0	0	0	0	0	0	0	5	0	0	0	0	0	0
ASV_1017	0	0	0	0	0	0	0	0	1	0	0	0	4	0	0	0	0	0
ASV_1029	0	0	0	0	0	0	0	0	0	0	0	0	5	0	0	0	0	0
ASV_1033	0	0	0	0	0	0	0	0	1	0	0	0	4	0	0	0	0	0
ASV_1047	0	0	0	0	0	0	0	1	1	0	0	0	3	0	0	0	0	0
ASV_1054	0	0	0	0	0	0	0	1	0	0	0	0	0	4	0	0	0	0
ASV_1105	0	0	0	0	0	0	0	0	0	0	0	0	0	2	3	0	0	0
ASV_1141	0	0	0	0	0	0	0	0	0	0	0	0	1	0	1	0	3	0
ASV_1146	0	0	0	0	0	0	0	0	0	0	0	0	0	0	0	0	5	0
ASV_1147	0	0	0	0	0	0	0	0	0	0	0	0	0	0	0	0	3	2
ASV_1157	0	0	0	0	0	0	0	0	0	0	0	0	0	0	0	0	5	0
ASV_1160	0	0	0	0	0	0	0	0	0	0	0	0	0	0	0	0	5	0
ASV_1183	0	0	0	0	0	0	0	0	0	0	0	0	0	0	0	0	5	0
ASV_1194	0	0	0	0	0	0	0	0	0	0	0	0	0	1	0	0	0	4
ASV_1200	0	0	0	0	0	0	0	0	0	0	0	0	0	0	0	0	0	5
ASV_1208	0	0	0	0	0	0	0	0	0	0	0	0	0	0	0	0	0	5
ASV_1209	0	0	0	0	0	0	0	0	0	0	0	0	0	0	0	0	0	5
ASV_1215	0	0	0	0	0	0	0	0	0	0	0	0	0	0	0	0	0	5
ASV_315	0	0	0	0	0	0	0	0	5	0	0	0	0	0	0	0	0	0
ASV_441	0	0	0	0	0	0	0	0	0	5	0	0	0	0	0	0	0	0
ASV_452	0	0	0	0	0	0	0	0	0	0	0	5	0	0	0	0	0	0
ASV_495	4	1	0	0	0	0	0	0	0	0	0	0	0	0	0	0	0	0
ASV_526	0	0	5	0	0	0	0	0	0	0	0	0	0	0	0	0	0	0
ASV_537	0	0	2	3	0	0	0	0	0	0	0	0	0	0	0	0	0	0
ASV_554	0	0	0	0	0	5	0	0	0	0	0	0	0	0	0	0	0	0
ASV_559	0	0	0	0	0	0	5	0	0	0	0	0	0	0	0	0	0	0
ASV_560	0	0	0	0	0	0	4	0	0	1	0	0	0	0	0	0	0	0
ASV_592	0	0	0	0	0	0	0	5	0	0	0	0	0	0	0	0	0	0
ASV_602	0	0	0	0	0	0	0	0	3	0	1	1	0	0	0	0	0	0
ASV_617	0	0	0	0	0	0	0	0	0	0	5	0	0	0	0	0	0	0
ASV_637	0	0	0	0	0	0	0	0	0	0	0	5	0	0	0	0	0	0
ASV_646	0	0	0	0	0	0	0	0	0	0	0	0	5	0	0	0	0	0
ASV_657	0	0	0	0	0	0	0	0	0	0	0	1	4	0	0	0	0	0
ASV_658	0	0	0	0	0	0	0	0	0	0	2	0	2	0	1	0	0	0
ASV_675	0	0	0	0	0	0	0	0	0	0	0	0	0	0	5	0	0	0
ASV_706	0	0	0	0	0	0	0	0	0	0	0	0	0	0	0	0	5	0
ASV_751	0	5	0	0	0	0	0	0	0	0	0	0	0	0	0	0	0	0
ASV_783	0	0	5	0	0	0	0	0	0	0	0	0	0	0	0	0	0	0
ASV_796	0	0	5	0	0	0	0	0	0	0	0	0	0	0	0	0	0	0
ASV_822	0	0	0	0	5	0	0	0	0	0	0	0	0	0	0	0	0	0
ASV_832	0	1	2	0	0	2	0	0	0	0	0	0	0	0	0	0	0	0
ASV_836	0	0	0	0	0	0	4	0	0	0	0	0	0	0	0	0	1	0
ASV_852	0	0	0	0	0	0	2	0	2	0	0	0	0	0	0	0	1	0
ASV_853	0	0	0	0	0	0	2	0	0	0	1	1	1	0	0	0	0	0
ASV_856	0	0	0	0	0	0	2	0	1	0	1	0	1	0	0	0	0	0
ASV_861	0	0	0	0	0	0	2	0	2	0	0	1	0	0	0	0	0	0
ASV_873	0	0	0	0	0	0	5	0	0	0	0	0	0	0	0	0	0	0
ASV_879	0	0	0	0	0	0	5	0	0	0	0	0	0	0	0	0	0	0
ASV_904	0	0	0	0	0	0	0	0	5	0	0	0	0	0	0	0	0	0
ASV_905	0	0	0	0	0	0	0	0	2	0	2	1	0	0	0	0	0	0
ASV_911	0	0	0	0	0	0	0	0	5	0	0	0	0	0	0	0	0	0
ASV_947	0	0	0	0	0	0	1	0	0	0	4	0	0	0	0	0	0	0
ASV_957	0	0	0	0	0	0	0	0	0	0	4	0	0	0	0	0	0	1
ASV_959	0	0	0	0	0	0	0	0	0	0	5	0	0	0	0	0	0	0
ASV_963	0	0	0	0	0	0	1	0	0	0	3	0	0	0	0	0	1	0
ASV_965	0	0	0	0	0	0	0	0	0	0	5	0	0	0	0	0	0	0
ASV_995	0	0	0	0	0	0	0	0	0	0	2	2	1	0	0	0	0	0
ASV_1007	0	0	0	0	0	0	0	0	0	0	0	1	3	0	0	0	0	0
ASV_1032	0	0	0	0	0	0	0	0	0	0	0	1	3	0	0	0	0	0
ASV_1037	0	0	0	0	0	0	0	0	0	0	0	0	1	0	0	0	3	0
ASV_1042	0	0	0	0	0	0	0	0	0	0	0	1	2	0	1	0	0	0
ASV_1051	0	0	0	0	0	0	0	0	0	0	0	0	0	3	0	1	0	0
ASV_1076	0	0	0	0	0	0	0	0	0	0	0	0	0	1	3	0	0	0
ASV_1077	0	0	0	0	0	0	0	0	0	0	0	0	0	0	1	0	3	0
ASV_1088	0	0	0	0	0	0	0	0	0	0	0	0	0	0	4	0	0	0
ASV_1112	0	0	0	0	0	0	0	0	0	0	0	0	0	0	4	0	0	0
ASV_1144	0	0	0	0	0	0	0	0	0	0	0	0	1	0	0	0	3	0
ASV_1166	0	0	0	0	0	0	0	0	0	0	0	0	1	0	1	0	2	0
ASV_1172	0	0	0	0	0	0	0	0	0	0	0	0	0	0	0	0	4	0
ASV_1173	0	0	0	0	0	0	0	0	0	0	0	0	0	0	0	0	4	0
ASV_1174	0	0	0	0	0	0	0	0	0	0	0	0	0	0	0	0	4	0
ASV_1177	0	0	0	0	0	0	0	0	0	0	0	0	0	0	0	0	4	0
ASV_1179	0	0	0	0	0	0	0	0	0	0	0	0	0	0	0	0	4	0
ASV_1182	0	0	0	0	0	0	0	0	0	0	0	0	0	0	0	0	4	0
ASV_1188	0	0	0	0	0	0	0	0	0	0	0	0	1	0	1	0	0	2
ASV_1189	0	0	0	0	0	0	0	0	0	0	0	0	0	0	0	0	0	4
ASV_1196	0	0	0	0	0	0	0	0	0	0	2	0	0	0	0	0	0	2
ASV_1216	0	0	0	0	0	0	0	0	0	0	0	0	0	1	0	0	0	3
ASV_453	0	0	0	0	0	0	0	0	0	0	0	2	0	0	0	2	0	0
ASV_492	0	0	0	0	0	0	0	0	0	0	0	0	0	0	0	0	0	4
ASV_530	0	0	3	0	1	0	0	0	0	0	0	0	0	0	0	0	0	0
ASV_534	0	0	0	4	0	0	0	0	0	0	0	0	0	0	0	0	0	0
ASV_591	0	0	0	0	0	0	0	4	0	0	0	0	0	0	0	0	0	0
ASV_632	0	0	0	0	0	0	0	0	0	0	0	4	0	0	0	0	0	0
ASV_643	0	0	0	0	0	0	0	0	0	1	0	0	3	0	0	0	0	0
ASV_710	0	0	0	0	0	0	0	0	0	0	0	0	0	0	0	1	0	3
ASV_720	0	0	0	0	0	0	0	0	0	0	0	0	0	0	0	0	0	4
ASV_739	4	0	0	0	0	0	0	0	0	0	0	0	0	0	0	0	0	0
ASV_758	0	0	4	0	0	0	0	0	0	0	0	0	0	0	0	0	0	0
ASV_823	0	0	0	0	4	0	0	0	0	0	0	0	0	0	0	0	0	0
ASV_829	0	0	0	1	0	3	0	0	0	0	0	0	0	0	0	0	0	0
ASV_830	0	0	0	0	0	4	0	0	0	0	0	0	0	0	0	0	0	0
ASV_847	0	0	0	0	0	0	4	0	0	0	0	0	0	0	0	0	0	0
ASV_860	0	0	0	0	0	0	4	0	0	0	0	0	0	0	0	0	0	0
ASV_876	0	0	0	0	0	0	3	0	0	0	0	1	0	0	0	0	0	0
ASV_883	0	0	0	0	0	0	3	0	0	0	0	0	0	1	0	0	0	0
ASV_889	0	0	0	0	0	0	4	0	0	0	0	0	0	0	0	0	0	0
ASV_909	0	0	0	0	0	0	0	0	4	0	0	0	0	0	0	0	0	0
ASV_930	0	0	0	0	0	0	0	0	0	3	1	0	0	0	0	0	0	0
ASV_934	0	0	0	0	0	1	0	0	0	2	0	0	0	0	0	1	0	0
ASV_937	0	0	0	0	0	0	0	0	0	0	4	0	0	0	0	0	0	0
ASV_997	0	0	0	0	0	0	0	0	0	0	0	4	0	0	0	0	0	0
ASV_1013	0	0	0	0	0	0	0	0	0	0	0	0	3	0	0	0	0	0
ASV_1014	0	0	0	0	0	0	0	0	1	0	0	0	2	0	0	0	0	0
ASV_1031	0	0	0	0	0	0	0	0	0	0	0	0	2	0	1	0	0	0
ASV_1056	0	0	0	0	0	0	0	0	0	0	0	1	0	1	0	0	1	0
ASV_1061	0	0	0	0	0	0	0	0	0	0	0	0	0	3	0	0	0	0
ASV_1062	0	0	0	0	0	0	0	0	0	0	0	0	0	3	0	0	0	0
ASV_1067	0	0	0	0	0	0	0	0	0	0	0	0	0	3	0	0	0	0
ASV_1097	0	0	0	0	0	0	0	0	0	0	0	0	0	0	3	0	0	0
ASV_1108	0	0	0	0	0	0	0	0	0	0	1	0	0	0	2	0	0	0
ASV_1140	0	0	0	0	0	0	0	0	0	0	0	0	0	0	0	0	3	0
ASV_1148	0	0	0	0	0	0	0	0	0	0	0	0	0	0	0	0	2	1
ASV_1168	0	0	0	0	0	0	0	0	0	0	0	0	0	0	0	0	3	0
ASV_1199	0	0	0	0	0	0	0	0	0	0	0	0	0	0	0	0	0	3
ASV_1203	0	0	0	0	0	0	0	0	0	0	0	0	0	0	0	0	0	3
ASV_1207	0	0	0	0	0	0	0	0	0	0	0	0	0	0	0	0	0	3
ASV_552	0	0	0	0	0	3	0	0	0	0	0	0	0	0	0	0	0	0
ASV_628	0	0	0	0	0	0	0	0	0	0	3	0	0	0	0	0	0	0
ASV_629	0	0	0	0	0	0	0	0	0	0	3	0	0	0	0	0	0	0
ASV_635	0	0	0	0	0	0	0	0	0	0	0	1	0	1	0	0	1	0
ASV_655	0	0	0	0	0	0	0	0	0	0	0	0	3	0	0	0	0	0
ASV_786	0	0	3	0	0	0	0	0	0	0	0	0	0	0	0	0	0	0
ASV_827	0	0	0	0	0	3	0	0	0	0	0	0	0	0	0	0	0	0
ASV_831	0	0	0	1	0	2	0	0	0	0	0	0	0	0	0	0	0	0
ASV_877	0	0	0	0	0	0	2	0	0	0	0	0	0	0	1	0	0	0
ASV_891	0	0	0	0	0	0	0	2	0	0	0	0	0	0	0	0	0	1
ASV_908	0	0	0	0	0	0	0	0	3	0	0	0	0	0	0	0	0	0
ASV_949	0	0	0	0	0	0	0	0	0	0	2	0	0	0	0	1	0	0
ASV_953	0	0	0	0	0	0	0	0	0	0	3	0	0	0	0	0	0	0
ASV_954	0	0	0	0	0	0	0	0	0	0	1	0	2	0	0	0	0	0
ASV_979	0	0	0	0	0	0	0	0	0	0	0	3	0	0	0	0	0	0
ASV_987	0	0	0	0	0	0	0	0	0	0	0	3	0	0	0	0	0	0
ASV_993	0	0	0	0	0	0	0	0	0	0	0	3	0	0	0	0	0	0
ASV_1008	0	0	0	0	0	0	0	0	0	0	0	0	2	0	0	0	0	0
ASV_1011	0	0	0	0	0	0	0	0	0	0	0	0	2	0	0	0	0	0
ASV_1035	0	0	0	0	0	0	0	0	0	0	0	0	2	0	0	0	0	0
ASV_1041	0	0	0	0	0	0	0	0	0	0	0	0	2	0	0	0	0	0
ASV_1044	0	0	0	0	0	0	0	0	0	0	0	0	2	0	0	0	0	0
ASV_1050	0	0	0	0	0	0	0	0	0	0	0	0	0	2	0	0	0	0
ASV_1053	0	0	0	0	0	0	0	0	0	0	0	0	0	2	0	0	0	0
ASV_1073	0	0	0	0	0	0	0	0	0	0	0	0	0	2	0	0	0	0
ASV_1083	0	0	0	0	0	0	0	0	0	0	0	0	0	0	2	0	0	0
ASV_1102	0	0	0	0	0	0	0	0	0	0	0	0	0	0	2	0	0	0
ASV_1150	0	0	0	0	0	0	0	0	0	0	0	0	0	0	0	0	2	0
ASV_1153	0	0	0	0	0	0	0	0	0	0	0	0	0	0	0	0	2	0
ASV_1161	0	0	0	0	0	0	0	0	0	0	0	0	0	0	0	0	2	0
ASV_1163	0	0	0	0	0	0	0	0	0	0	0	0	0	0	0	0	2	0
ASV_1204	0	0	0	0	0	0	0	0	0	0	0	0	0	0	0	0	0	2
ASV_1230	0	0	0	0	0	0	0	0	0	0	0	0	0	0	0	0	0	2
ASV_802	0	0	0	2	0	0	0	0	0	0	0	0	0	0	0	0	0	0
ASV_809	0	0	0	2	0	0	0	0	0	0	0	0	0	0	0	0	0	0
ASV_881	0	0	0	0	0	0	2	0	0	0	0	0	0	0	0	0	0	0
ASV_928	0	0	0	0	0	0	0	0	0	2	0	0	0	0	0	0	0	0
ASV_938	0	0	0	0	0	0	0	0	0	0	2	0	0	0	0	0	0	0
ASV_944	0	0	0	0	0	0	0	0	0	0	2	0	0	0	0	0	0	0
ASV_972	0	0	0	0	0	0	0	0	0	0	2	0	0	0	0	0	0	0
ASV_975	0	0	0	0	0	0	0	0	0	0	2	0	0	0	0	0	0	0
ASV_978	0	0	0	0	0	0	0	0	0	0	2	0	0	0	0	0	0	0
ASV_983	0	0	0	0	0	0	0	0	0	0	0	2	0	0	0	0	0	0
ASV_989	0	0	0	0	0	0	0	0	0	0	0	2	0	0	0	0	0	0
ASV_994	0	0	0	0	0	0	0	0	0	0	0	2	0	0	0	0	0	0
