PathwayL2	feces1	feces2	feces3	feces4	feces5	feces6	plaque1	plaque2	plaque3	plaque4	plaque5	plaque6	saliva1	saliva2	saliva3	saliva4	saliva5	saliva6
 sorting and degradation	32595.149999999987	18663.98	44869.81999999999	21985.899999999994	26177.129999999997	9183.650000000001	69142.61000000004	17804.939999999995	32566.73	18172.560000000005	47022.92000000002	13849.990000000005	33289.39	40602.93999999999	40412.139999999985	53774.11999999999	41385.13	47097.94999999999
Aging	4678.070000000001	2521.26	6921.900000000001	3382.2000000000007	4074.21	1337.75	13612.24	3892.9300000000003	6354.060000000001	3848.17	9218.289999999999	2804.0199999999995	7237.120000000001	10867.099999999995	9743.549999999997	13327.37	9529.83	9867.849999999999
Amino acid metabolism	147997.92999999985	82220.74000000012	200468.47000000032	101119.00000000023	123941.22000000018	41261.45000000002	279040.46	66191.50000000013	128757.37000000008	66948.68000000007	186863.5699999998	56810.80000000005	131544.33000000016	156548.01999999984	164914.63000000003	214238.75000000003	169120.96999999997	191123.03000000003
Biosynthesis of other secondary metabolites	34135.79999999999	18953.609999999997	45941.729999999996	22483.699999999986	27925.45	9122.300000000003	65113.68000000001	14290.059999999998	27692.97	16808.39	41562.18	12683.0	29486.120000000003	34368.41999999999	37560.0	47366.62000000001	35227.270000000004	42290.829999999994
Cancer: overview	11142.35	6346.55	13835.550000000001	7150.700000000001	9782.299999999997	2859.85	19886.55	6584.67	8825.480000000001	5513.67	12252.68	3915.430000000001	9739.849999999997	14271.73	13647.239999999998	17446.38	13886.179999999998	14973.909999999996
Cancer: specific types	923.26	558.9899999999998	1483.9199999999998	680.3000000000002	753.9600000000002	248.3	2789.0	488.26	1274.45	617.59	1767.4000000000003	443.09	1446.3500000000004	1103.32	1296.12	1669.1999999999998	1132.54	1499.2199999999998
Carbohydrate metabolism	212304.0800000004	115550.96000000011	272655.41000000027	135657.50000000023	175642.10999999978	57184.50000000012	405242.50999999914	118234.6000000002	188919.22999999986	121324.25000000013	272006.6499999995	83066.6999999999	191082.29999999987	259644.52999999962	262292.5300000001	335351.8600000007	265730.1299999997	291484.88999999996
Cardiovascular disease	3753.42	2144.6099999999997	4891.14	2666.9000000000005	2971.8399999999997	994.7	5814.53	1325.25	2473.3399999999997	1392.4199999999998	3915.9800000000014	1198.1899999999998	2865.64	2823.03	3024.0600000000004	3943.259999999999	3185.1100000000006	3892.69
Cell growth and death	16720.93	10119.01	24946.85	11714.600000000002	14560.71	4291.849999999999	41679.829999999994	10413.55	19728.620000000003	11348.02	28254.680000000004	8290.769999999999	19427.87	22891.499999999996	23790.59	30307.879999999997	21615.72000000001	27237.689999999995
Cell motility	16343.49	4832.540000000001	31101.05	8845.9	7784.33	8453.25	58217.44	4639.41	24368.470000000005	6982.799999999999	32922.520000000004	7974.13	19940.420000000002	4537.72	6725.61	7352.24	6662.27	9656.21
Cellular community - eukaryotes	0.0	0.0	0.0	0.0	0.0	0.0	19.0	0.0	0.0	0.0	0.0	2.0	5.0	10.0	4.0	6.0	3.0	2.0
Cellular community - prokaryotes	38469.76999999999	22758.09999999999	58417.22	28612.699999999983	33672.48	13485.249999999993	92392.14000000006	22639.590000000004	47509.23	24545.890000000007	60765.199999999975	17992.14	42757.87999999999	54065.17	53243.350000000006	74715.67000000006	60394.81000000004	63227.570000000014
Circulatory system	0.0	0.0	0.0	0.0	0.0	0.0	375.0	24.0	119.5	18.0	198.5	23.099999999999998	293.79999999999995	365.79999999999995	499.59999999999997	525.5999999999999	282.20000000000005	171.79999999999998
Development and regeneration	365.64	254.14	294.2100000000001	298.5	417.96	69.0	682.7399999999999	192.09	203.58	83.34	412.24	128.11	324.52	194.03	255.95999999999995	320.18	179.16	282.17999999999995
Digestive system	2432.14	1264.48	3578.85	1370.8	1457.72	377.0	7403.6	2320.33	3596.32	2469.18	5048.35	1557.6	3305.5600000000004	5300.94	5505.679999999999	6952.1	5033.880000000001	5701.5
Drug resistance: antimicrobial	22152.879999999997	11561.729999999996	25982.669999999987	14932.9	18393.749999999985	5308.100000000001	41586.09000000001	13050.82	21517.109999999997	13365.46	29856.059999999998	8582.830000000002	21128.869999999995	30250.170000000002	30840.359999999986	40615.29999999999	30844.999999999996	32092.950000000004
Drug resistance: antineoplastic	4966.0599999999995	2764.2199999999993	6841.019999999999	3117.5	4124.549999999999	1291.0	11735.859999999999	3244.5900000000006	5282.54	3141.25	7826.85	2382.42	5612.009999999999	7834.7599999999975	7980.679999999999	10355.0	8065.160000000002	9033.039999999997
Endocrine and metabolic disease	4559.32	2803.6799999999994	6692.640000000001	3128.5000000000005	3879.59	1224.5	10861.51	2897.4299999999994	4665.6	2740.07	6737.77	2086.95	4975.809999999999	6085.239999999999	6375.420000000001	8071.44	6311.860000000001	7155.049999999998
Endocrine system	16859.96	9815.68	22613.14	10657.1	14111.380000000001	4418.700000000001	34018.78999999999	8624.65	15283.750000000004	9443.03	21181.900000000005	6670.439999999998	15482.329999999996	20424.029999999995	20389.920000000002	25480.06	19059.760000000002	22429.61999999999
Energy metabolism	88764.6899999999	51239.01	122987.32999999999	60139.800000000076	72983.22	24031.64999999997	202006.9800000002	48308.52000000004	88144.54000000001	52301.17000000005	132610.55000000002	38255.35	88548.3400000001	103324.94999999995	111932.6000000001	142782.36000000016	105860.90999999999	128804.29000000005
Environmental adaptation	5323.490000000001	2533.6	6770.04	3088.8	4070.9700000000003	1319.05	12249.970000000003	2265.1000000000004	5795.94	2926.5499999999997	8111.65	2313.38	5887.319999999999	5219.5599999999995	5695.199999999998	7166.75	4724.4800000000005	6491.219999999998
Excretory system	792.4	57.03	145.42	137.0	316.58	9.0	870.7499999999999	59.239999999999995	482.83000000000004	117.41	532.74	147.86	394.68000000000006	392.77000000000004	345.69	648.87	538.06	722.33
Folding	32595.149999999987	18663.98	44869.81999999999	21985.899999999994	26177.129999999997	9183.650000000001	69142.61000000004	17804.939999999995	32566.73	18172.560000000005	47022.92000000002	13849.990000000005	33289.39	40602.93999999999	40412.139999999985	53774.11999999999	41385.13	47097.94999999999
Glycan biosynthesis and metabolism	57472.31000000002	23729.699999999997	58455.75999999995	29958.799999999985	42417.58999999998	9674.15	109132.72999999995	27940.63	52050.76999999999	32393.32000000002	75577.04	21312.629999999994	50067.819999999985	71958.31999999998	73078.25000000004	95189.58999999997	65279.78	80278.23000000004
Immune disease	578.27	274.73	1260.17	337.3	616.4700000000001	260.35	2185.85	705.6699999999998	1062.6300000000003	709.4999999999999	1480.7600000000004	513.98	1196.56	1665.9799999999996	1844.0900000000001	2208.87	1601.0399999999997	1796.8499999999995
Immune system	6253.6900000000005	3336.569999999999	8990.710000000001	4196.000000000001	4573.08	1835.55	11178.79	2272.4700000000003	5221.84	2803.2999999999997	7663.93	2098.04	5100.31	3599.53	4276.05	5249.539999999999	3360.34	5534.549999999999
Infectious disease: bacterial	14064.54	7354.149999999997	20942.099999999988	9434.900000000001	11047.22	4338.900000000001	34382.28	9112.69	15504.730000000003	9240.87	22608.149999999998	6703.720000000001	16770.960000000003	18986.73	19635.440000000002	25613.51	20502.949999999997	22672.920000000002
Infectious disease: parasitic	616.26	486.32	643.5099999999998	448.0	665.59	189.8	856.52	361.17	342.52	199.24999999999997	395.68	281.66999999999996	669.66	1192.3700000000003	1186.8500000000001	1299.5300000000002	1266.56	1044.28
Infectious disease: viral	912.01	575.91	1379.0	748.8000000000002	812.71	272.05	2511.4300000000007	655.3299999999998	1235.76	644.66	1557.16	424.79000000000013	1552.2999999999997	1438.7	1538.2300000000007	2091.8099999999995	1798.6	1761.1699999999994
Lipid metabolism	39589.9	23059.179999999993	52973.49999999996	25625.39999999999	32586.94999999999	11066.599999999999	78522.49000000006	22669.900000000005	38303.910000000025	23491.230000000003	51315.720000000016	15917.64000000001	39990.24999999999	50667.709999999985	52043.2	66290.48	51008.90000000003	54627.970000000045
Membrane transport	49295.50000000002	37977.35999999999	88001.5099999999	46474.90000000002	55844.23999999995	22635.19999999995	126041.45000000011	43943.510000000024	60153.660000000054	39237.41999999999	79999.36000000002	26309.230000000014	64220.369999999966	96191.60999999996	92676.04000000002	128832.72999999994	112465.19	105938.16000000008
Metabolism of cofactors and vitamins	91760.91999999991	49527.41	125580.81000000006	59359.70000000006	70741.42999999993	24726.29999999996	210371.25999999992	47009.12000000007	100650.64000000004	54234.05000000006	146922.81999999986	41206.24000000006	99847.80999999991	118364.96000000006	121098.47000000002	163881.48000000016	118210.89	142023.26
Metabolism of other amino acids	25807.49999999999	14058.859999999995	34186.129999999976	17033.099999999995	22250.41999999999	6860.500000000002	56437.820000000014	15965.76	27414.27	16826.95	37361.98000000001	11198.460000000003	28288.30999999999	35743.83999999999	36855.22	48373.679999999986	37382.49000000002	41737.13999999999
Metabolism of terpenoids and polyketides	19795.29	11141.689999999995	27840.029999999995	13621.799999999996	15821.31	5341.750000000001	43177.24	11052.21	21059.43	12281.12	29641.26000000001	8812.04	20526.6	23697.189999999988	24817.220000000016	30801.69	23451.540000000005	29406.58000000001
Nervous system	5552.370000000001	2867.6400000000012	5834.06	3074.2	4590.71	1103.45	5841.29	1383.83	2355.2	1366.98	3125.26	1227.2599999999998	2645.459999999999	3480.3899999999985	3558.46	4451.1	3379.4900000000002	4570.64
Neurodegenerative disease	4670.06	2578.87	6262.340000000001	2757.4	3046.0899999999997	1134.1	14385.8	3592.52	6346.5599999999995	4098.92	9025.240000000002	2602.5799999999986	7818.060000000004	10801.280000000006	11820.630000000008	14261.770000000002	9929.899999999994	10849.210000000001
Not included in regular maps	588.87	469.0	1013.92	647.0	646.0	250.05	971.67	160.92	544.75	177.0	782.25	268.4	605.7	370.62	483.98	438.57	319.88	388.44
Nucleotide metabolism	58875.00000000003	34090.18000000003	84704.71999999997	40438.90000000001	50032.60999999995	15818.699999999988	133876.03999999995	38292.76999999997	65990.31000000004	39255.42000000002	92452.31000000001	27958.25999999999	65519.519999999975	84680.96999999993	86454.64000000007	111246.70000000007	85620.39	96837.71999999996
Poorly characterized	53000.92000000002	29680.71	69225.85999999994	34904.19999999999	41984.289999999986	13854.099999999988	107046.84000000013	29768.340000000004	53219.18	30717.830000000013	70898.45000000001	21344.220000000012	52793.43999999994	67377.87	68516.49999999996	89977.43000000014	68738.1100000001	72893.8900000001
Protein families: genetic information processing	392309.49000000185	242565.72999999957	586165.4299999999	283858.09999999823	338946.94000000064	112480.7500000007	870217.1299999991	248624.9200000002	427987.0800000007	253003.71999999895	597700.6000000004	178474.32000000012	425502.13000000105	546321.8899999993	554720.079999998	717653.7700000004	544320.4800000003	616839.2099999988
Protein families: metabolism	136895.78999999986	81410.93000000005	197628.84000000037	96407.30000000022	116491.84000000014	38562.950000000004	313681.8800000002	85624.20999999999	154382.24999999994	91677.21000000012	215057.3299999997	62179.55000000003	149167.95999999993	186928.8599999997	194113.56000000006	254827.24000000005	191558.87000000014	221432.46000000002
Protein families: signaling and cellular processes	264058.20000000054	158856.23000000053	386841.8800000007	194165.19999999987	235976.85999999987	88600.20000000029	589259.7999999997	154761.5700000001	280748.90999999974	158519.99000000002	377217.6699999993	112926.76	279789.4199999999	343783.78999999946	345980.33000000037	465528.89000000176	375602.6400000004	394478.02000000014
Replication and repair	64367.49000000002	38931.800000000025	95832.72999999995	46464.60000000002	55907.41999999996	18675.14999999998	152420.02000000005	43435.24999999997	74075.51	44820.98000000004	105085.34	31189.619999999995	75234.35999999994	96428.64	97454.1300000001	128055.4000000001	97421.07999999999	111232.71999999997
Signal transduction	43369.859999999986	21693.18	58211.019999999975	27709.99999999999	32686.910000000007	13979.699999999997	91289.11	22256.169999999995	40564.500000000015	22095.63000000001	55787.93	16549.960000000003	42010.24999999998	53336.26999999998	51702.23000000003	67393.23	55552.620000000024	53561.61000000001
Signaling molecules and interaction	0.0	0.0	0.0	0.0	0.0	0.0	128.0	5.5	1.5	0.0	5.0	4.0	15.0	25.0	11.0	12.5	9.0	6.0
Transcription	3336.92	2001.4399999999996	5080.939999999999	2451.4000000000005	2967.4700000000003	964.2	8478.529999999999	2590.2599999999998	3939.03	2496.57	5614.030000000001	1735.2899999999997	4267.69	5650.219999999998	5618.58	7326.89	6086.830000000001	6353.269999999998
Translation	72320.41000000002	44743.630000000005	111162.2799999999	54049.90000000006	63061.47999999994	20995.44999999997	178211.48	50235.58999999991	89232.3300000001	51018.23000000009	124564.9599999999	36916.079999999994	88596.43000000002	110679.76999999999	112544.54000000015	145052.0200000001	111295.71999999994	126896.76999999979
Transport and catabolism	9068.09	2407.1499999999996	5308.45	2602.5	6701.01	847.8499999999999	10905.460000000001	2645.5600000000004	5663.630000000001	3921.940000000001	7930.220000000001	2464.189999999999	5433.93	10095.619999999997	9326.879999999997	11619.860000000002	6888.53	8844.489999999998
Unclassified: genetic information processing	13009.27	9519.379999999997	22122.319999999992	12141.600000000002	13315.310000000003	4970.1500000000015	38306.40000000001	10441.689999999997	17545.750000000007	10326.359999999997	24404.60000000001	7115.569999999998	17749.410000000003	23107.289999999994	23670.710000000003	33401.560000000005	26387.660000000003	28266.479999999992
Unclassified: metabolism	61122.83000000005	30886.95	72766.00999999998	38236.100000000006	47875.47999999997	15745.549999999983	106443.16000000016	29367.370000000003	57325.22000000007	31595.479999999996	75633.47000000004	22065.53	52324.38999999999	66300.35999999997	66896.86000000007	89188.21000000006	66097.84000000013	75814.47000000012
Unclassified: signaling and cellular processes	37253.049999999996	22809.950000000008	55295.79999999997	25088.499999999996	29007.2	11676.049999999996	54303.180000000066	13134.43	25772.389999999996	15699.249999999998	35947.380000000005	10618.85	25800.339999999997	31101.77999999999	33487.17	43237.27999999998	30607.03999999999	36653.60999999998
Xenobiotics biodegradation and metabolism	14946.240000000002	8214.800000000001	18639.5	10530.5	12621.0	3505.400000000001	32244.279999999995	9273.82	15417.670000000007	8927.99	20995.14	6309.139999999998	15903.19	23714.72	23702.850000000006	30688.150000000005	26553.359999999997	23304.029999999995
