Genus	feces1	feces2	feces3	feces4	feces5	feces6	plaque1	plaque2	plaque3	plaque4	plaque5	plaque6	saliva1	saliva2	saliva3	saliva4	saliva5	saliva6
Bacteria|Actinomycetota|Actinobacteria|Actinomycetales|Actinomycetaceae|Schaalia	0	0	0	0	0	0	0	0.237529691211401	0.134589502018843	0.100806451612903	0	1.76991150442478	0.274725274725275	0.0526592943654555	0.404858299595142	0.53964300539643	0.92038656235619	1.10943015632879
Bacteria|Actinomycetota|Actinobacteria|Bifidobacteriales|Bifidobacteriaceae|Bifidobacterium	0.092678405931418	7.41626794258373	0	7.7720207253886	10.1041666666667	6.72782874617737	0	0.118764845605701	0	0	0.0523834468308015	0	0	0	0	0	0	0
Bacteria|Actinomycetota|Actinobacteria|Micrococcales|Micrococcaceae|Rothia	0	0	0	0	0	0	0.760456273764259	0	0	0	0	0.530973451327434	1.16758241758242	14.6919431279621	4.3956043956044	4.5662100456621	6.39668660837552	4.13514876449823
Bacteria|Actinomycetota|Actinobacteria|Mycobacteriales|Corynebacteriaceae|Corynebacterium	0	0	0	0	0	0	0.172830971310059	0.475059382422803	0.134589502018843	0	0	2.12389380530973	0.137362637362637	0	0.0578368999421631	0	0.368154624942476	0
Bacteria|Actinomycetota|Coriobacteriia|Coriobacteriales|Atopobiaceae|Lancefieldella	0	0	0	0	0	0	0.20739716557207	0.950118764845606	0.269179004037685	0.201612903225806	0.261917234154007	0.530973451327434	0.824175824175824	0.157977883096367	0.462695199537305	0.29057700290577	0.552231937413714	0.655572365103379
Bacteria|Actinomycetota|Coriobacteriia|Coriobacteriales|Atopobiaceae|Olsenella	0	0	0	0	0	0	0.138264777048047	0.593824228028504	0.201884253028264	0	0.209533787323206	1.23893805309735	0	0	0	0	0	0
Bacteria|Actinomycetota|Coriobacteriia|Coriobacteriales|Coriobacteriaceae|Collinsella	0.46339202965709	1.07655502392344	0.908173562058527	0.38860103626943	0.104166666666667	1.8348623853211	0.0345661942620118	0	0	0	0	0	0	0	0	0	0	0
Bacteria|Actinomycetota|Coriobacteriia|Coriobacteriales|Coriobacteriales Incertae Sedis|Incertae Sedis	0	0	0	0.129533678756477	0	0.611620795107034	0	0	0	0	0	0	0	0	0	0	0	0
Bacteria|Bacillota|Bacilli|Acholeplasmatales|Acholeplasmataceae|Acholeplasma	0	0	0	0	0	0	0	0	0.874831763122476	0	0.523834468308015	0.176991150442478	0.0686813186813187	0	0	0	0	0
Bacteria|Bacillota|Bacilli|Erysipelotrichales|Erysipelatoclostridiaceae|Catenibacterium	0	2.63157894736842	0.504540867810293	0	0	0	0	0.118764845605701	0	0	0	0	0	0	0	0	0	0
Bacteria|Bacillota|Bacilli|Erysipelotrichales|Erysipelatoclostridiaceae|Erysipelotrichaceae UCG-003	0.278035217794254	0.358851674641148	0	0	1.25	3.6697247706422	0	0	0	0	0	0	0	0	0	0	0	0
Bacteria|Bacillota|Bacilli|Erysipelotrichales|Erysipelatoclostridiaceae|Incertae Sedis	0	0	0	1.42487046632124	0	0	0	0	0	0	0	0	0	0	0	0	0	0
Bacteria|Bacillota|Bacilli|Erysipelotrichales|Erysipelotrichaceae|Bulleidia	0	0	0	0	0	0	0	0	0	0	0.104766893661603	0	0.137362637362637	0	0.0578368999421631	0	0	0
Bacteria|Bacillota|Bacilli|Erysipelotrichales|Erysipelotrichaceae|Erysipelotrichaceae UCG-006	0	0	0	0	0	0	0.0691323885240235	0	0.134589502018843	0	0.36668412781561	0	0.0686813186813187	0	0.0578368999421631	0	0	0
Bacteria|Bacillota|Bacilli|Erysipelotrichales|Erysipelotrichaceae|Holdemanella	0	0	1.61453077699294	2.72020725388601	5.20833333333333	0	0	0	0	0	0	0	0	0	0	0	0	0
Bacteria|Bacillota|Bacilli|Erysipelotrichales|Erysipelotrichaceae|Solobacterium	0	0	0	0	0	0	0.0691323885240235	0.475059382422803	0.471063257065949	0.30241935483871	0.104766893661603	0.176991150442478	0.137362637362637	0.210637177461822	0.809716599190283	0.12453300124533	0.276115968706857	0.857286938981341
Bacteria|Bacillota|Bacilli|Izemoplasmatales|Incertae Sedis|Incertae Sedis	0	0	0	0	0	0	0	0.118764845605701	0.0672947510094213	0	0	0	0.206043956043956	0	0	0	0	0
Bacteria|Bacillota|Bacilli|Lactobacillales|Carnobacteriaceae|Granulicatella	0	0	0	0	0	0.305810397553517	0.103698582786035	0.118764845605701	0.134589502018843	0.504032258064516	0	0.530973451327434	0.618131868131868	4.42338072669826	5.03181029496819	2.36612702366127	4.8780487804878	2.26928895612708
Bacteria|Bacillota|Bacilli|Lactobacillales|Streptococcaceae|Streptococcus	0	0.358851674641148	0.0504540867810293	0	0.3125	0	3.87141375734532	24.9406175771971	2.62449528936743	33.8709677419355	0.838135149292824	8.14159292035398	11.1950549450549	34.0179041600843	30.0173510699826	33.9975093399751	37.8278877128394	22.6928895612708
Bacteria|Bacillota|Bacilli|Mycoplasmatales|Mycoplasmataceae|Mycoplasma	0	0	0	0	0	0	0.380228136882129	0	1.34589502018843	0	0.104766893661603	0	0.0686813186813187	0	0.115673799884326	0	0	0
Bacteria|Bacillota|Bacilli|RF39|Incertae Sedis|Incertae Sedis	0	0	0.504540867810293	0.906735751295337	0.625	0	0	0	0	0	0	0	0.0686813186813187	0	0.0578368999421631	0	0	0.100857286938981
Bacteria|Bacillota|Bacilli|Staphylococcales|Gemellaceae|Gemella	0	0	0	0	0	0	0.622191496716212	1.78147268408551	0.269179004037685	0.504032258064516	0	3.00884955752212	2.06043956043956	8.26750921537651	6.82475419317525	3.27936903279369	10.4924068108606	1.6137165910237
Bacteria|Bacillota|Clostridia|Christensenellales|Christensenellaceae|Christensenellaceae R-7 group	0.092678405931418	0	0.0504540867810293	3.62694300518135	0	0	0	0	0	0	0	0	0	0	0	0	0	0
Bacteria|Bacillota|Clostridia|Clostridia UCG-014|Incertae Sedis|Incertae Sedis	9.63855421686747	3.34928229665072	0.504540867810293	5.95854922279793	3.75	0	0.0345661942620118	0	0.0672947510094213	0	0.104766893661603	0.530973451327434	0.0686813186813187	0.105318588730911	0.520532099479468	0.08302200083022	0.322135296824666	2.1684316691881
Bacteria|Bacillota|Clostridia|Lachnospirales|Defluviitaleaceae|Defluviitaleaceae UCG-011	0	0	0	0	0	0	0.276529554096094	0	0.134589502018843	0	0.419067574646412	0	0.686813186813187	0	0	0	0	0.100857286938981
Bacteria|Bacillota|Clostridia|Lachnospirales|Lachnospiraceae|Agathobacter	0.741427247451344	1.07655502392344	4.28859737638749	0.518134715025907	3.22916666666667	20.1834862385321	0	0	0	0	0	0	0	0	0	0	0	0
Bacteria|Bacillota|Clostridia|Lachnospirales|Lachnospiraceae|Blautia	0.092678405931418	1.43540669856459	1.05953582240161	2.2020725388601	0.833333333333333	12.8440366972477	0	0	0	0	0	0	0	0	0	0	0	0
Bacteria|Bacillota|Clostridia|Lachnospirales|Lachnospiraceae|Butyrivibrio	0	0	7.51765893037336	0	0	0	0	0	0.471063257065949	0	0	0	0	0	0	0	0	0.0504286434694907
Bacteria|Bacillota|Clostridia|Lachnospirales|Lachnospiraceae|Catonella	0	0	0	0	0	0	1.38264777048047	0.118764845605701	0.403768506056528	1.10887096774194	0.680984808800419	2.83185840707965	0.755494505494506	0.157977883096367	0.173510699826489	0.04151100041511	0.138057984353428	0.0504286434694907
Bacteria|Bacillota|Clostridia|Lachnospirales|Lachnospiraceae|Coprococcus	1.20481927710843	2.7511961722488	6.40766902119072	0.77720207253886	0.104166666666667	0.305810397553517	0	0	0	0	0	0	0	0	0	0	0	0
Bacteria|Bacillota|Clostridia|Lachnospirales|Lachnospiraceae|Dorea	1.20481927710843	2.03349282296651	1.2108980827447	3.8860103626943	3.64583333333333	4.89296636085627	0	0	0	0	0.0523834468308015	0	0	0	0	0	0	0
Bacteria|Bacillota|Clostridia|Lachnospirales|Lachnospiraceae|Fusicatenibacter	0.648748841519926	0	0.302724520686176	0.259067357512953	0.104166666666667	0	0	0	0	0	0	0	0	0	0	0	0	0
Bacteria|Bacillota|Clostridia|Lachnospirales|Lachnospiraceae|Incertae Sedis	0	0	0	0	0	0	0	0	0.201884253028264	0	0.0523834468308015	0.176991150442478	0	0	0	0	0	0
Bacteria|Bacillota|Clostridia|Lachnospirales|Lachnospiraceae|Johnsonella	0	0	0	0	0	0	0.691323885240235	0	0.269179004037685	0	0.104766893661603	1.41592920353982	0.686813186813187	0	0.173510699826489	0.62266500622665	0.322135296824666	0.453857791225416
Bacteria|Bacillota|Clostridia|Lachnospirales|Lachnospiraceae|Lachnoanaerobaculum	0	0	0	0	0	0	0.0345661942620118	0.237529691211401	0	0	0.104766893661603	0.176991150442478	0.0686813186813187	0.105318588730911	0.231347599768652	0.16604400166044	0.322135296824666	1.10943015632879
Bacteria|Bacillota|Clostridia|Lachnospirales|Lachnospiraceae|Lachnoclostridium	0	0	0	0	0	1.22324159021407	0	0	0	0	0	0	0	0	0	0	0	0
Bacteria|Bacillota|Clostridia|Lachnospirales|Lachnospiraceae|Lachnospira	1.48285449490269	0.358851674641148	0.252270433905146	0	0.208333333333333	0	0	0	0	0	0	0	0	0	0	0	0	0
Bacteria|Bacillota|Clostridia|Lachnospirales|Lachnospiraceae|Mediterraneibacter	1.11214087117702	3.82775119617225	0.201816347124117	0.129533678756477	3.4375	0	0	0	0	0	0	0	0	0	0	0	0	0
Bacteria|Bacillota|Clostridia|Lachnospirales|Lachnospiraceae|Moryella	0	0	0	0	0	0	0.276529554096094	0.237529691211401	0.740242261103634	0	0.733368255631221	0.707964601769911	0.206043956043956	0	0	0	0	0
Bacteria|Bacillota|Clostridia|Lachnospirales|Lachnospiraceae|Oribacterium	0	0	0	0	0	0	0.414794331144141	0.118764845605701	0.134589502018843	3.32661290322581	0.890518596123625	0	0.137362637362637	0.4739336492891	0.404858299595142	0.58115400581154	0.138057984353428	1.00857286938981
Bacteria|Bacillota|Clostridia|Lachnospirales|Lachnospiraceae|Roseburia	0.648748841519926	0	2.01816347124117	0	0.104166666666667	0.305810397553517	0.138264777048047	0	0.269179004037685	0	0.628601361969618	1.76991150442478	0.686813186813187	0	0	0	0	0
Bacteria|Bacillota|Clostridia|Lachnospirales|Lachnospiraceae|Stomatobaculum	0	0	0	0	0	0	0.0345661942620118	0	0.0672947510094213	0.100806451612903	0	0	0	0	0.578368999421631	0.95475300954753	0.276115968706857	1.36157337367625
Bacteria|Bacillota|Clostridia|Lachnospirales|Lachnospiraceae|Tyzzerella	1.48285449490269	0	0	0	0	0.305810397553517	0	0	0	0	0	0	0	0	0	0	0	0
Bacteria|Bacillota|Clostridia|Lachnospirales|Lachnospiraceae|Unassigned	0	0	0.0504540867810293	0	1.66666666666667	0	0	0	0	0	0	0	0	0	0	0	0	0
Bacteria|Bacillota|Clostridia|Lachnospirales|Lachnospiraceae|[Eubacterium] eligens group	0.834105653382762	0.119617224880383	2.77497477295661	0.906735751295337	1.04166666666667	0	0	0	0	0	0	0	0	0	0	0	0	0
Bacteria|Bacillota|Clostridia|Lachnospirales|Lachnospiraceae|[Eubacterium] ruminantium group	0.46339202965709	0.358851674641148	0.0504540867810293	0	3.75	0	0	0	0	0	0	0	0	0	0	0	0	0
Bacteria|Bacillota|Clostridia|Lachnospirales|Lachnospiraceae|[Eubacterium] xylanophilum group	0	0	0.554994954591322	0	0.208333333333333	0	0	0	0	0	0	0	0	0	0	0	0	0
Bacteria|Bacillota|Clostridia|Lachnospirales|Lachnospiraceae|[Ruminococcus] gauvreauii group	0	0	0.201816347124117	0.259067357512953	0	0	0	0	0	0	0	0	0	0	0	0	0	0
Bacteria|Bacillota|Clostridia|Lachnospirales|Lachnospiraceae|[Ruminococcus] gnavus group	0	0	0	0	0	18.0428134556575	0	0	0	0	0	0	0	0	0	0	0	0
Bacteria|Bacillota|Clostridia|Oscillospirales|Oscillospiraceae|NK4A214 group	0	0.358851674641148	0.201816347124117	0	0.104166666666667	0	0	0	0	0	0	0	0	0	0	0	0	0
Bacteria|Bacillota|Clostridia|Oscillospirales|Oscillospiraceae|UCG-002	9.45319740500463	0.717703349282297	5.54994954591322	0.259067357512953	0.104166666666667	0.305810397553517	0	0	0	0	0	0	0	0	0	0	0	0
Bacteria|Bacillota|Clostridia|Oscillospirales|Oscillospiraceae|UCG-005	1.66821130676552	0	0.100908173562059	0.129533678756477	0	0	0	0	0	0	0	0	0	0	0	0	0	0
Bacteria|Bacillota|Clostridia|Oscillospirales|Ruminococcaceae|Acutalibacter	0	0	0	0.129533678756477	0	0.917431192660551	0	0	0	0	0	0	0	0	0	0	0	0
Bacteria|Bacillota|Clostridia|Oscillospirales|Ruminococcaceae|Faecalibacterium	15.4772937905468	40.1913875598086	11.8567103935419	7.12435233160622	17.6041666666667	5.19877675840979	0	0	0	0.100806451612903	0	0	0	0	0	0	0	0
Bacteria|Bacillota|Clostridia|Oscillospirales|Ruminococcaceae|Gemmiger	0.185356811862836	2.99043062200957	0.554994954591322	1.55440414507772	0.104166666666667	0	0	0	0	0	0	0	0	0	0	0	0	0
Bacteria|Bacillota|Clostridia|Oscillospirales|Ruminococcaceae|Incertae Sedis	0.741427247451344	4.42583732057416	1.26135216952573	20.7253886010363	3.33333333333333	0	0	0.118764845605701	0	0	0	0	0	0	0	0	0.0460193281178095	0
Bacteria|Bacillota|Clostridia|Oscillospirales|Ruminococcaceae|Ruminococcus	13.4383688600556	0	1.46316851664985	0	2.5	0	0	0	0	0	0	0	0	0	0	0	0	0
Bacteria|Bacillota|Clostridia|Oscillospirales|UCG-010|Incertae Sedis	0	0	0.201816347124117	0	0	0	0	0	0	0	0	0	0	0	0	0	0	0
Bacteria|Bacillota|Clostridia|Oscillospirales|[Eubacterium] coprostanoligenes group|Incertae Sedis	0.185356811862836	0	3.83451059535822	6.21761658031088	0.416666666666667	14.9847094801223	0	0	0	0	0	0	0	0	0	0	0	0
Bacteria|Bacillota|Clostridia|Peptococcales|Peptococcaceae|Peptococcus	0	0	0	0	0	0	0.691323885240235	0	0.53835800807537	2.01612903225806	1.10005238344683	3.89380530973451	0	0	0.0578368999421631	0	0.0460193281178095	0
Bacteria|Bacillota|Clostridia|Peptostreptococcales-Tissierellales|Anaerovoracaceae|Family XIII AD3011 group	0	0	0	0	0.625	2.44648318042813	0	0	0	0	0	0	0	0	0	0	0	0
Bacteria|Bacillota|Clostridia|Peptostreptococcales-Tissierellales|Anaerovoracaceae|Family XIII UCG-001	0	0	0	0	0	0	0.276529554096094	0	0.0672947510094213	0	0.261917234154007	0.353982300884956	0.137362637362637	0	0	0	0.0460193281178095	0.100857286938981
Bacteria|Bacillota|Clostridia|Peptostreptococcales-Tissierellales|Anaerovoracaceae|Hornefia	0	0	0	0	0	0	0.345661942620118	0.237529691211401	0.134589502018843	0	0	0.530973451327434	0.412087912087912	0	0	0	0	0
Bacteria|Bacillota|Clostridia|Peptostreptococcales-Tissierellales|Anaerovoracaceae|Incertae Sedis	0	0	0	0	0	0	1.79744210162461	0.475059382422803	1.41318977119785	0.100806451612903	0.838135149292824	0.884955752212389	1.23626373626374	0	0	0	0	0.0504286434694907
Bacteria|Bacillota|Clostridia|Peptostreptococcales-Tissierellales|Anaerovoracaceae|Mogibacterium	0	0	0	0	0	0	0.103698582786035	0.475059382422803	0.336473755047106	0	0.0523834468308015	0.353982300884956	0.274725274725275	0.0526592943654555	0.173510699826489	0.20755500207555	0.092038656235619	0.302571860816944
Bacteria|Bacillota|Clostridia|Peptostreptococcales-Tissierellales|Anaerovoracaceae|[Eubacterium] brachy group	0	0	0	0	0	0	1.10611821638438	1.78147268408551	0.874831763122476	1.20967741935484	0.261917234154007	0.176991150442478	0	0.0526592943654555	0	0	0.0460193281178095	0.0504286434694907
Bacteria|Bacillota|Clostridia|Peptostreptococcales-Tissierellales|Anaerovoracaceae|[Eubacterium] saphenum group	0	0	0	0	0	0	0.483926719668165	0	0.134589502018843	0	0.36668412781561	1.5929203539823	1.51098901098901	0	0	0	0	0
Bacteria|Bacillota|Clostridia|Peptostreptococcales-Tissierellales|Anaerovoracaceae|[Eubacterium] sulci group	0	0	0	0	0	0	0.207397165572071	0	0.269179004037685	0	1.25720272393924	0.353982300884956	1.03021978021978	0	0.115673799884326	0.20755500207555	0.184077312471238	0.75642965204236
Bacteria|Bacillota|Clostridia|Peptostreptococcales-Tissierellales|Family XI|Incertae Sedis	0	0	0	0	0	0	0.103698582786035	0	0	0	0.942902042954426	1.23893805309735	0.137362637362637	0	0.0578368999421631	0	0	0
Bacteria|Bacillota|Clostridia|Peptostreptococcales-Tissierellales|Family XI|Parvimonas	0	0	0	0	0	0	2.41963359834082	22.9216152019002	1.07671601615074	5.54435483870968	1.88580408590885	1.41592920353982	1.30494505494505	0	0.289184499710816	0.58115400581154	0.138057984353428	0.201714573877963
Bacteria|Bacillota|Clostridia|Peptostreptococcales-Tissierellales|Family XI|W5053	0	0	0	0	0	0	0	1.54394299287411	0	0	0	0.530973451327434	0.412087912087912	0	0	0	0	0
Bacteria|Bacillota|Clostridia|Peptostreptococcales-Tissierellales|Peptostreptococcaceae|Filifactor	0	0	0	0	0	0	8.29588662288282	0	13.3243606998654	3.72983870967742	7.0193818753274	5.30973451327434	7.62362637362637	0	0.173510699826489	0	0.092038656235619	0.151285930408472
Bacteria|Bacillota|Clostridia|Peptostreptococcales-Tissierellales|Peptostreptococcaceae|Peptoanaerobacter	0	0	0	0	0	0	0.276529554096094	0	0.0672947510094213	0	0.104766893661603	0	0.137362637362637	0	0	0	0	0
Bacteria|Bacillota|Clostridia|Peptostreptococcales-Tissierellales|Peptostreptococcaceae|Peptostreptococcus	0	0	0	0	0	0	0.276529554096094	3.32541567695962	0.471063257065949	1.61290322580645	0.680984808800419	3.00884955752212	2.26648351648352	0.0526592943654555	0.173510699826489	0.24906600249066	0.276115968706857	0.0504286434694907
Bacteria|Bacillota|Negativicutes|Acidaminococcales|Acidaminococcaceae|Phascolarctobacterium	1.48285449490269	0	1.05953582240161	12.3056994818653	4.27083333333333	4.28134556574924	0	0	0	0	0	0	0	0	0	0	0	0
Bacteria|Bacillota|Negativicutes|Veillonellales-Selenomonadales|Selenomonadaceae|Selenomonas	0	0	0	0	0	0	9.36743864500519	2.37529691211401	0.53835800807537	1.71370967741935	5.50026191723415	1.94690265486726	4.18956043956044	0	0.636205899363794	0.12453300124533	0.552231937413714	0.453857791225416
Bacteria|Bacillota|Negativicutes|Veillonellales-Selenomonadales|Veillonellaceae|Anaeroglobus	0	0	0	0	0	0	0.0345661942620118	1.66270783847981	0.0672947510094213	0	0.576217915138816	0.176991150442478	0.0686813186813187	0	0	0.04151100041511	0	0
Bacteria|Bacillota|Negativicutes|Veillonellales-Selenomonadales|Veillonellaceae|Dialister	0	3.34928229665072	3.88496468213925	0	0	0	1.14068441064639	2.25653206650831	0.605652759084791	0.403225806451613	1.88580408590885	0.884955752212389	1.23626373626374	0	0.173510699826489	0.04151100041511	0.184077312471238	0.201714573877963
Bacteria|Bacillota|Negativicutes|Veillonellales-Selenomonadales|Veillonellaceae|Megasphaera	0	0	0	0	0	0	0	0	0.0672947510094213	0	0.104766893661603	0	0	0	0.520532099479468	0.12453300124533	0.276115968706857	1.76500252143217
Bacteria|Bacillota|Negativicutes|Veillonellales-Selenomonadales|Veillonellaceae|Veillonella	0	0	0	0	0	0	1.00241963359834	0.593824228028504	0.336473755047106	2.01612903225806	0.36668412781561	0.353982300884956	0.892857142857143	2.58030542390732	3.52805089647195	7.92860107928601	8.7436723423838	8.67372667675239
Bacteria|Bacillota|Syntrophomonadia|Syntrophomonadales|Syntrophomonadaceae|Pelospora	0	0	0	0	0	0	0	0	0	0	0	0	0.755494505494505	0	0	0	0	0
Bacteria|Bacteroidota|Bacteroidia|Bacteroidales|Bacteroidaceae|Bacteroides	24.0963855421687	1.07655502392344	0.252270433905146	0	23.9583333333333	0	0	0	0	0	0	0	0	0	0	0	0	0
Bacteria|Bacteroidota|Bacteroidia|Bacteroidales|Incertae Sedis|Phocaeicola	0	0	0	0	0	0	0.0691323885240235	0	0	0	0.471451021477213	0	0.549450549450549	0	0	0	0	0
Bacteria|Bacteroidota|Bacteroidia|Bacteroidales|Marinifilaceae|Odoribacter	0	0	0	0	0	0	0	0	0	0	0	0.884955752212389	0.824175824175824	0	0	0	0	0
Bacteria|Bacteroidota|Bacteroidia|Bacteroidales|Paludibacteraceae|F0058	0	0	0	0	0	0	0.414794331144141	0	0	0	0.209533787323206	1.06194690265487	0.824175824175824	0.105318588730911	0	0.04151100041511	0.0460193281178095	0
Bacteria|Bacteroidota|Bacteroidia|Bacteroidales|Porphyromonadaceae|Porphyromonas	0	0	0	0	0	0	2.14310404424473	4.39429928741093	16.0161507402423	5.34274193548387	16.2912519643793	9.38053097345133	15.6593406593407	12.5329120589784	8.03932909196067	8.7173100871731	1.74873446847676	2.47100353000504
Bacteria|Bacteroidota|Bacteroidia|Bacteroidales|Prevotellaceae|Alloprevotella	0	0	0	0	0	0	1.00241963359834	3.56294536817102	0.874831763122476	2.01612903225806	2.09533787323206	0.707964601769911	0.824175824175824	0.315955766192733	1.04106419895894	0.20755500207555	0	1.15985879979829
Bacteria|Bacteroidota|Bacteroidia|Bacteroidales|Prevotellaceae|Hoylesella	0	0	0	0	0	0	5.21949533356378	1.42517814726841	0.672947510094213	0.907258064516129	2.20010476689366	1.23893805309735	2.1978021978022	0.4739336492891	1.38808559861191	1.6604400166044	0.87436723423838	1.91628845184065
Bacteria|Bacteroidota|Bacteroidia|Bacteroidales|Prevotellaceae|Incertae Sedis	1.39017608897127	0	8.627648839556	0	0	0	0	0	0.269179004037685	0	0	0.530973451327434	0	1.00052659294365	1.73510699826489	1.90950601909506	0.276115968706857	0.958144225920323
Bacteria|Bacteroidota|Bacteroidia|Bacteroidales|Prevotellaceae|Leyella	0	0	1.61453077699294	0	0	0	0	0	0	0	0	0	0	0	0	0	0	0
Bacteria|Bacteroidota|Bacteroidia|Bacteroidales|Prevotellaceae|Paraprevotella	2.87303058387396	0.119617224880383	0.0504540867810293	0	0	0	0	0	0	0	0	0	0	0	0	0	0	0
Bacteria|Bacteroidota|Bacteroidia|Bacteroidales|Prevotellaceae|Prevotella	0	0	0	0	0	0	8.95264431386104	6.76959619952494	10.699865410498	8.56854838709677	8.43373493975904	10.9734513274336	2.06043956043956	6.21379673512375	12.0300751879699	6.39269406392694	3.12931431201104	13.0105900151286
Bacteria|Bacteroidota|Bacteroidia|Bacteroidales|Prevotellaceae|Prevotellaceae NK3B31 group	0	3.82775119617225	0	2.84974093264249	0	0	0	0	0	0	0	0	0	0	0	0	0	0
Bacteria|Bacteroidota|Bacteroidia|Bacteroidales|Prevotellaceae|Segatella	0	11.4832535885167	26.5388496468214	0.518134715025907	0	0	2.97269270653301	4.39429928741093	2.15343203230148	11.3911290322581	2.88108957569408	2.12389380530973	1.37362637362637	0.210637177461822	0.983227299016773	0.4151100041511	0.230096640589047	0.605143721633888
Bacteria|Bacteroidota|Bacteroidia|Bacteroidales|Rikenellaceae|Alistipes	0.092678405931418	1.55502392344498	0	15.2849740932642	4.47916666666667	0	0	0	0	0	0	0	0	0	0	0	0	0
Bacteria|Bacteroidota|Bacteroidia|Bacteroidales|Rikenellaceae|Rikenellaceae RC9 gut group	0	2.51196172248804	1.76589303733602	0	0	0	0.622191496716212	0	0.134589502018843	0	0.314300680984809	0	1.30494505494505	0	0.0578368999421631	0	0	0
Bacteria|Bacteroidota|Bacteroidia|Bacteroidales|Tannerellaceae|Parabacteroides	1.94624652455978	0.239234449760766	0	0	1.04166666666667	0	0	0	0	0	0	0	0	0	0	0	0	0
Bacteria|Bacteroidota|Bacteroidia|Bacteroidales|Tannerellaceae|Tannerella	0	0	0	0	0	0	2.45419979260283	0.593824228028504	1.278600269179	0.705645161290323	1.99057097957046	2.12389380530973	2.81593406593407	0	0.404858299595142	0.4151100041511	0.230096640589047	0.857286938981341
Bacteria|Bacteroidota|Bacteroidia|Bacteroidales|p-2534-18B5 gut group|Incertae Sedis	0	0	0	0	0	0	0.0691323885240235	0	0.201884253028264	0	0	0	0.892857142857143	0	0	0	0	0
Bacteria|Bacteroidota|Bacteroidia|Flavobacteriales|Flavobacteriaceae|Capnocytophaga	0	0	0	0	0	0	1.41721396474248	0.237529691211401	0.0672947510094213	0	0.523834468308015	0.176991150442478	1.71703296703297	0.421274354923644	1.27241179872759	1.2453300124533	0.736309249884952	1.81543116490166
Bacteria|Bacteroidota|Bacteroidia|Flavobacteriales|Weeksellaceae|Bergeyella	0	0	0	0	0	0	0.172830971310059	0	0	0	0	0	0.0686813186813187	0	0.173510699826489	0.08302200083022	0.092038656235619	0
Bacteria|Bacteroidota|Bacteroidia|Sphingobacteriales|Lentimicrobiaceae|Lentimicrobium	0	0	0	0	0	0	1.83200829588662	0	0	0	0.157150340492404	0	1.16758241758242	0	0.115673799884326	0	0	0.0504286434694907
Bacteria|Campylobacterota|Campylobacteria|Campylobacterales|Campylobacteraceae|Campylobacter	0	0	0	0	0	0	1.48634635326651	0.237529691211401	1.68236877523553	0.30241935483871	2.25248821372446	0.176991150442478	3.09065934065934	0.0526592943654555	0.347021399652979	0.66417600664176	0.322135296824666	0.403429147755925
Bacteria|Chloroflexota|Anaerolineae|Anaerolineales|Anaerolineaceae|Flexilinea	0	0	0	0	0	0	0.553059108192188	0.118764845605701	0.336473755047106	0.100806451612903	0.785751702462022	1.06194690265487	0	0	0	0	0	0
Bacteria|Fusobacteriota|Fusobacteriia|Fusobacteriales|Fusobacteriaceae|Fusobacterium	0	0	0	0	0	0	7.15520221223643	2.96912114014252	16.0834454912517	9.375	4.76689366160293	1.23893805309735	6.73076923076923	1.63243812532912	2.60266049739734	4.9813200498132	2.76115968706857	6.75743822491175
Bacteria|Fusobacteriota|Fusobacteriia|Fusobacteriales|Leptotrichiaceae|Leptotrichia	0	0	0	0	0	0.305810397553517	1.1752506049084	3.32541567695962	0.269179004037685	0	2.72393923520168	4.07079646017699	0.274725274725275	0	0.694042799305957	0.29057700290577	1.10446387482743	1.76500252143217
Bacteria|Fusobacteriota|Fusobacteriia|Fusobacteriales|Leptotrichiaceae|Pseudoleptotrichia	0	0	0	0	0	0	0	0	0.0672947510094213	0	0	0	0	0.0526592943654555	0.231347599768652	0.74719800747198	0.414173953060285	3.63086232980333
Bacteria|Fusobacteriota|Fusobacteriia|Fusobacteriales|Leptotrichiaceae|Sneathia	0	0	0	0	0	0	0	0	0	0	1.78103719224725	0	0.0686813186813187	0	0	0	0	0
Bacteria|Patescibacteria|Gracilibacteria|Absconditabacteriales (SR1)|Incertae Sedis|Incertae Sedis	0	0	0	0	0	0	0	0	0.0672947510094213	0	0.104766893661603	0	0	0	0.115673799884326	0.53964300539643	0.0460193281178095	0.302571860816944
Bacteria|Patescibacteria|Saccharimonadia|Saccharimonadales|Incertae Sedis|Incertae Sedis	0	0	0	0	0	0.305810397553517	0.691323885240235	0.118764845605701	0.336473755047106	0	3.09062336301729	2.47787610619469	0.0686813186813187	0	0.289184499710816	0.04151100041511	0.322135296824666	0.0504286434694907
Bacteria|Patescibacteria|Saccharimonadia|Saccharimonadales|Saccharimonadaceae|Candidatus Saccharimonas	0	0	0	0	0	0	0.0345661942620118	0	0	0.100806451612903	0	0.353982300884956	0	1.05318588730911	0.115673799884326	0.20755500207555	0	0.0504286434694907
Bacteria|Patescibacteria|Saccharimonadia|Saccharimonadales|Saccharimonadaceae|Incertae Sedis	0	0	0	0	0	0	1.72830971310059	0.356294536817102	0.0672947510094213	0.100806451612903	1.04766893661603	1.94690265486726	0.137362637362637	0	0	0.08302200083022	0.506212609295904	0.100857286938981
Bacteria|Patescibacteria|Saccharimonadia|Saccharimonadales|Saccharimonadaceae|TM7x	0	0	0	0	0	0	1.62461113031455	0	0.269179004037685	0	0.104766893661603	0	0.274725274725275	0	0.694042799305957	0.16604400166044	0.552231937413714	4.08472012102874
Bacteria|Pseudomonadota|Gammaproteobacteria|Burkholderiales|Burkholderiaceae|Lautropia	0	0	0	0	0	0	0	0	0	0	0	0	0.274725274725275	0	0.115673799884326	0	0.736309249884952	0.100857286938981
Bacteria|Pseudomonadota|Gammaproteobacteria|Burkholderiales|Neisseriaceae|Eikenella	0	0	0	0	0	0	0.276529554096094	0	0.0672947510094213	0	0	0	0.206043956043956	0.157977883096367	0.173510699826489	0.04151100041511	0.230096640589047	0
Bacteria|Pseudomonadota|Gammaproteobacteria|Burkholderiales|Neisseriaceae|Kingella	0	0	0	0	0	0	0.553059108192188	0	0	0	0	0	0	0.105318588730911	0	0	0.0460193281178095	0
Bacteria|Pseudomonadota|Gammaproteobacteria|Burkholderiales|Neisseriaceae|Neisseria	0	0	0	0	0	0	0	0.356294536817102	0	0.100806451612903	0	0.353982300884956	2.60989010989011	5.58188520273828	9.19606709080393	5.8115400581154	7.91532443626323	4.68986384266263
Bacteria|Pseudomonadota|Gammaproteobacteria|Burkholderiales|Neisseriaceae|Unassigned	0	0	0	0	0	0	0.0345661942620118	0	0	0.100806451612903	0	0	0	0	0	0	0.138057984353428	0.0504286434694907
Bacteria|Pseudomonadota|Gammaproteobacteria|Cardiobacteriales|Cardiobacteriaceae|Cardiobacterium	0	0	0	0	0	0	0.20739716557207	0.118764845605701	0	0	0.0523834468308015	0.176991150442478	0.343406593406593	0.157977883096367	0.0578368999421631	0	0	0.151285930408472
Bacteria|Pseudomonadota|Gammaproteobacteria|Enterobacterales|Pasteurellaceae|Aggregatibacter	0	0	0	0	0	0	0	0	0	0.504032258064516	0	0	0	0	0	0	0	0
Bacteria|Pseudomonadota|Gammaproteobacteria|Enterobacterales|Pasteurellaceae|Haemophilus	0	0	0	0	0	0	0.345661942620118	0	0	0	0	0.176991150442478	0.755494505494506	3.63349131121643	0.867553499132447	8.13615608136156	2.66912103083295	1.56328794755421
Bacteria|Spirochaetota|Spirochaetia|Spirochaetales|Spirochaetaceae|Treponema	0.092678405931418	0	0	0	0	0	5.77255444175596	0.237529691211401	4.37415881561238	1.10887096774194	4.55735987427973	3.00884955752212	6.31868131868132	0.0526592943654555	0.289184499710816	0.04151100041511	0.184077312471238	0.252143217347453
Bacteria|Synergistota|Synergistia|Synergistales|Synergistaceae|Fretibacterium	0	0	0	0	0	0	3.35292084341514	0.831353919239905	9.62314939434724	0.201612903225806	6.23363017286537	2.65486725663717	1.64835164835165	0	0.115673799884326	0	0	0
Bacteria|Thermodesulfobacteriota|Desulfobulbia|Desulfobulbales|Desulfobulbaceae|Desulfobulbus	0	0	0	0	0	0	8.84894573107501	1.42517814726841	4.64333781965007	0.604838709677419	6.23363017286537	3.71681415929204	0.274725274725275	0	0	0	0	0
Bacteria|Thermodesulfobacteriota|Desulfovibrionia|Desulfovibrionales|Desulfovibrionaceae|Bilophila	0	0	0	1.03626943005181	0.104166666666667	0	0	0	0	0	0	0	0	0	0	0	0	0
Bacteria|Thermodesulfobacteriota|Desulfovibrionia|Desulfovibrionales|Desulfovibrionaceae|Desulfovibrio	0	0	0	0	0	0	0	0	0	0	0	0.530973451327434	0	0	0	0	0	0
Bacteria|Verrucomicrobiota|Verrucomicrobiia|Verrucomicrobiales|Akkermansiaceae|Akkermansia	6.39481000926784	0	0	0	1.66666666666667	0	0	0.118764845605701	0	0	0	0	0	0	0	0	0	0
