Pathway	feces1	feces2	feces3	feces4	feces5	feces6	plaque1	plaque2	plaque3	plaque4	plaque5	plaque6	saliva1	saliva2	saliva3	saliva4	saliva5	saliva6
 aspartate and glutamate metabolism [PATH:ko00250]	21914.840000000004	12061.700000000003	28476.459999999995	13769.100000000002	18330.29	5482.700000000002	36584.21000000001	9695.16	16930.930000000004	10191.06	25047.370000000003	7640.560000000001	17459.399999999998	20066.670000000002	21779.390000000003	27251.09	20476.250000000007	24760.36
 diarylheptanoid and gingerol biosynthesis [PATH:ko00945]	0.0	0.0	0.0	0.0	0.0	0.0	100.91	12.91	92.08	55.41	31.24	5.16	67.08	39.33	67.83	147.82999999999996	64.5	159.07999999999996
 kanamycin and gentamicin biosynthesis [PATH:ko00524]	1171.54	718.16	1575.2500000000002	858.3000000000002	924.22	339.8	2225.04	565.24	1120.35	733.66	1594.92	470.06	1010.81	1184.7599999999998	1300.32	1488.32	1162.0	1368.94
 leucine and isoleucine biosynthesis [PATH:ko00290]	9438.35	5790.899999999999	13110.17	7040.800000000001	8531.140000000001	3041.1500000000005	15620.769999999999	2684.7599999999998	5635.5599999999995	2985.88	9192.650000000001	2940.3799999999997	6831.710000000002	9940.15	9472.139999999998	14299.529999999999	11832.119999999999	12253.849999999999
 leucine and isoleucine degradation [PATH:ko00280]	4301.050000000001	1711.1899999999998	4028.4500000000007	2861.3	3109.28	877.9499999999999	10753.880000000001	2293.64	5590.84	2106.62	7647.96	2063.45	4970.01	5930.78	5631.759999999999	7575.529999999999	6322.320000000001	6399.149999999998
 piperidine and pyridine alkaloid biosynthesis [PATH:ko00960]	2009.92	909.0	2899.41	1246.4	1613.88	472.6	4721.61	776.9000000000001	1754.8600000000004	914.9900000000001	2735.6500000000005	881.55	1849.8700000000006	1413.48	1982.1799999999996	2422.6000000000004	1722.4699999999996	2634.480000000001
 secretion and action [PATH:ko04928]	0.0	0.0	0.0	0.0	0.0	0.0	0.0	0.0	0.0	0.0	0.0	0.0	2.0	0.0	0.0	0.0	6.0	0.0
 serine and threonine metabolism [PATH:ko00260]	19568.399999999998	11269.779999999999	28222.109999999993	13599.499999999996	16796.160000000003	5867.300000000002	41281.350000000006	10807.66	20380.089999999997	10956.15	28997.77000000001	8583.999999999998	19452.83	23975.469999999994	24974.929999999997	31465.439999999988	24334.399999999994	28626.09999999999
 tyrosine and tryptophan biosynthesis [PATH:ko00400]	17111.250000000004	9274.309999999998	25332.72	10885.2	13338.320000000003	5016.6500000000015	33167.64	7671.6799999999985	12235.070000000002	8026.59	20107.260000000002	6573.549999999998	14991.289999999999	19939.420000000002	20439.32	27195.92	21571.88	24705.399999999998
ABC transporters [PATH:ko02010]	34618.0	26178.289999999997	64647.92999999995	33217.59999999999	39016.75999999998	17464.499999999978	85330.84000000008	27063.630000000012	42339.44000000001	24990.07	54297.92000000003	17960.450000000008	43718.67	62930.269999999975	60345.61999999997	86780.95999999999	74247.49000000006	70199.17000000003
AMPK signaling pathway [PATH:ko04152]	2525.66	1527.66	3379.89	1589.3	1938.24	784.9	3679.2799999999993	691.4999999999999	1187.94	725.33	1903.65	628.6400000000001	1413.6599999999999	1764.71	1713.59	2347.79	1771.2600000000002	1982.6699999999994
Acarbose and validamycin biosynthesis [PATH:ko00525]	1829.6599999999999	1091.1	2493.919999999999	1385.1000000000004	1581.1700000000005	495.1	3681.7700000000004	905.31	1742.46	1136.01	2573.92	770.8	1705.3899999999999	1948.0700000000002	2127.2300000000005	2361.38	1687.76	2437.6799999999994
Adipocytokine signaling pathway [PATH:ko04920]	1830.32	726.32	1555.62	804.4	1312.6699999999998	170.0	3895.17	590.85	1988.68	973.48	2715.4600000000005	787.5600000000001	1808.5599999999995	1769.9	1933.0799999999992	2172.040000000001	1173.3	2257.39
African trypanosomiasis [PATH:ko05143]	0.25	25.25	4.75	33.5	95.5	8.75	190.42	13.17	65.75	14.0	69.5	45.58	145.5	119.67	114.33	99.17	96.33	144.49
Alanine	21914.840000000004	12061.700000000003	28476.459999999995	13769.100000000002	18330.29	5482.700000000002	36584.21000000001	9695.16	16930.930000000004	10191.06	25047.370000000003	7640.560000000001	17459.399999999998	20066.670000000002	21779.390000000003	27251.09	20476.250000000007	24760.36
Alzheimer disease [PATH:ko05010]	1010.01	564.2399999999999	1495.67	694.8000000000002	800.71	270.05	2982.0999999999995	752.1699999999997	1353.7700000000002	699.49	2030.1499999999994	586.59	1599.9599999999998	1995.7699999999998	2172.8600000000006	2538.6099999999988	1890.3599999999997	1980.559999999999
Amino acid metabolism	951.01	913.0099999999999	1895.0399999999995	1070.6000000000001	1232.88	481.25	3161.2499999999995	954.1099999999999	1936.9300000000003	1161.7599999999998	2266.4900000000002	734.84	1688.7399999999996	2186.7999999999993	2188.24	4011.4299999999994	3505.9500000000003	3120.66
Amino acid related enzymes [BR:ko01007]	29444.619999999995	16787.419999999995	42080.82999999996	20577.199999999993	24574.78	8205.700000000004	66122.22	17467.02	31877.509999999987	18101.719999999998	45379.250000000015	13209.480000000005	32020.619999999988	38034.769999999975	39658.53	51741.11000000001	38792.38000000003	45045.79000000001
Amino sugar and nucleotide sugar metabolism [PATH:ko00520]	27212.169999999995	14780.819999999994	32721.509999999987	17205.899999999994	23892.410000000003	6311.150000000002	49367.31999999999	15240.46	23113.090000000004	15878.02	33317.87	10340.5	24337.519999999993	36840.29999999998	35746.19999999999	46112.75999999998	36486.740000000005	38157.55999999999
Aminoacyl-tRNA biosynthesis [PATH:ko00970]	21588.859999999993	13511.309999999996	33975.09999999998	16583.599999999995	19228.369999999988	6783.000000000003	54804.46999999998	15583.92	27569.07999999999	15748.829999999998	37982.95000000002	11198.419999999996	26976.169999999995	33407.75	34097.58	44162.28000000002	34278.890000000014	38910.16
Aminobenzoate degradation [PATH:ko00627]	378.5	151.20999999999998	755.68	307.0	287.51000000000005	264.5	2429.11	731.6400000000001	1650.8200000000002	771.91	1871.4299999999998	486.93	1482.8699999999997	1847.7899999999995	1827.0800000000002	2270.9800000000005	1955.8700000000003	1485.98
Amoebiasis [PATH:ko05146]	615.76	438.82	638.0099999999998	373.0	474.59000000000003	172.3	438.18	332.83	171.01999999999998	165.24999999999997	222.68	189.51	313.15999999999997	952.0300000000002	945.6900000000003	1071.19	1034.9	739.8
Amyotrophic lateral sclerosis [PATH:ko05014]	381.5	286.94	697.1200000000001	199.6	155.04	97.3	2357.2	527.0	1053.36	737.6700000000002	1339.15	382.57	1135.71	1773.17	1959.01	2314.77	1440.8400000000001	1749.2699999999993
Antifolate resistance [PATH:ko01523]	4503.8099999999995	2385.3999999999996	6137.429999999999	2606.5	3664.7999999999997	1129.75	9962.03	2725.67	4370.2	2731.41	6574.530000000001	2053.1800000000003	4599.0199999999995	6519.049999999998	6710.239999999999	8517.17	6417.920000000002	7621.679999999998
Antigen processing and presentation [PATH:ko04612]	908.76	528.0899999999998	1368.08	643.3000000000002	689.7900000000002	240.3	1703.61	305.49	887.58	468.91	1241.2400000000002	308.83	789.5800000000003	461.08	598.8299999999998	713.8299999999998	307.75	750.8299999999998
Antimicrobial resistance genes [BR:ko01504]	7455.290000000001	2695.7900000000004	5164.63	3551.4000000000005	5341.3	1031.55	7135.29	4040.51	2998.7	2872.959999999999	4278.5199999999995	1450.3300000000002	3946.3499999999995	7138.030000000001	6749.99	8551.439999999999	7423.309999999999	5979.72
Apoptosis - fly [PATH:ko04214]	470.26	141.28999999999996	549.55	360.5	350.46	139.5	2129.72	545.4200000000002	1116.12	481.33	1546.5700000000004	398.19	999.3099999999997	729.1	782.3699999999999	1138.3100000000004	692.5699999999998	1233.6199999999994
Apoptosis - multiple species [PATH:ko04215]	0.0	0.0	0.0	8.0	1.0	0.0	37.5	2.0	40.0	6.0	34.0	1.0	65.5	1.0	12.5	30.0	39.0	15.5
Apoptosis [PATH:ko04210]	377.4	146.29	654.1100000000001	141.60000000000002	189.13	0.0	1117.4	304.0	448.25	506.0	664.0	222.17	402.0	892.0	982.5	1047.0	354.0	936.0
Arabinogalactan biosynthesis - Mycobacterium [PATH:ko00572]	259.75	73.15	215.09	247.0	302.91999999999996	31.75	1024.3999999999999	269.01	414.79	214.09	568.67	265.03	462.65	497.11	423.70999999999987	608.2399999999998	746.4800000000001	719.28
Arachidonic acid metabolism [PATH:ko00590]	360.12	253.19	683.1200000000001	125.6	105.21	82.5	1783.29	455.67	708.6099999999999	683.6700000000002	946.6500000000002	321.89	790.57	1144.1899999999998	1464.06	1530.8500000000001	1045.13	1586.4699999999993
Arginine and proline metabolism [PATH:ko00330]	7257.210000000001	4013.089999999999	9400.509999999997	5154.500000000001	5997.58	1891.75	15048.059999999998	3236.2700000000004	7261.699999999999	3198.4099999999994	10398.8	3023.27	7418.879999999998	8882.600000000002	9329.069999999998	11934.04	9120.930000000002	9277.84
Arginine biosynthesis [PATH:ko00220]	11523.900000000001	5562.75	14481.78	6852.800000000001	8830.4	3051.6000000000004	17915.399999999998	3868.069999999999	7248.759999999999	3457.420000000001	11013.43	3536.66	7972.669999999999	6871.53	8014.619999999999	10365.250000000005	8662.3	10120.199999999999
Arrhythmogenic right ventricular cardiomyopathy [PATH:ko05412]	0.0	0.0	0.0	0.0	0.0	0.0	19.0	0.0	0.0	0.0	0.0	2.0	5.0	10.0	4.0	6.0	3.0	2.0
Ascorbate and aldarate metabolism [PATH:ko00053]	1507.21	824.52	1581.6499999999999	926.9	1031.22	383.85	2924.18	1599.0800000000002	1279.1499999999999	1240.5	2060.74	627.87	1442.52	1634.69	2131.45	2269.02	2377.49	2911.3399999999997
Atrazine degradation [PATH:ko00791]	3.0	35.01	44.18	165.0	18.509999999999998	3.0	8.0	0.5	2.5	0.5	7.5	9.0	25.5	2.0100000000000002	7.5	6.0	66.0	24.509999999999998
Autophagy - yeast [PATH:ko04138]	57.75	225.75	292.75	238.0	379.0	113.55	212.25	116.01	173.57999999999996	40.84	170.49	68.24	120.16	116.67	103.49	89.33	92.83	137.32000000000002
Axon regeneration [PATH:ko04361]	365.64	254.14	294.2100000000001	298.5	417.96	69.0	682.7399999999999	192.09	203.58	83.34	412.24	128.11	324.52	194.03	255.95999999999995	320.18	179.16	282.17999999999995
Bacterial chemotaxis [PATH:ko02030]	6563.12	2021.06	12392.96	3560.3	3279.16	3826.1	22349.82	1584.5	9492.41	2496.0699999999997	12341.050000000001	3055.74	7462.59	1102.3100000000002	1823.18	2312.39	2215.65	3123.7999999999997
Bacterial invasion of epithelial cells [PATH:ko05100]	0.0	0.97	0.17	0.0	1.42	0.0	94.38	92.34	228.98000000000002	76.34	280.18999999999994	70.06	133.76	378.45	326.14	526.3299999999999	392.59000000000003	251.35000000000002
Bacterial motility proteins [BR:ko02035]	15370.86	4956.42	29488.409999999993	8977.3	7852.15	8406.7	58687.26	4071.51	23533.210000000003	5773.869999999999	32300.300000000003	7670.089999999998	19941.65999999998	5037.06	7741.9299999999985	7788.98	7589.059999999996	8792.370000000004
Bacterial secretion system [PATH:ko03070]	12404.36	7612.58	16211.439999999999	9201.0	10025.810000000001	3026.2	30219.390000000003	7582.07	13480.320000000005	7433.29	19718.489999999998	5655.1399999999985	13974.9	16369.179999999998	16803.390000000003	22769.600000000002	17312.430000000015	19285.019999999986
Bacterial toxins [BR:ko02042]	1839.78	883.19	1919.1000000000001	1036.3	1547.0500000000002	500.1	2952.0099999999998	1183.66	1256.6399999999999	1088.0900000000001	1728.99	630.02	1341.8300000000002	2772.7400000000002	2857.58	3463.0299999999997	2648.1800000000003	2860.32
Basal transcription factors [PATH:ko03022]	0.5	0.0	0.0	0.0	0.0	0.0	99.0	1.0	51.5	7.0	54.0	12.5	66.5	0.5	2.5	0.5	6.5	2.5
Base excision repair [PATH:ko03410]	7382.880000000001	4352.959999999999	11290.24	5826.900000000001	6363.7300000000005	2453.4	18214.449999999997	5466.53	8562.220000000001	5381.219999999999	12158.55	3717.28	8865.76	13149.72	12979.859999999999	16595.28	12753.75	14183.729999999998
Benzoate degradation [PATH:ko00362]	2120.79	1006.25	2941.9400000000005	1508.8	1551.71	453.25	4130.1900000000005	1149.98	2266.5400000000004	982.1399999999999	2559.14	748.8199999999999	1961.2	1981.1799999999998	2104.62	3256.08	3362.0999999999995	2900.62
Betalain biosynthesis [PATH:ko00965]	0.0	3.0	4.0	0.0	1.0	0.0	53.66	23.0	15.0	24.0	21.0	6.2	46.44000000000001	139.77999999999997	87.05000000000003	278.02	176.91	141.60000000000005
Bile secretion [PATH:ko04976]	0.0	0.0	0.0	0.0	0.0	0.0	11.0	1.0	0.0	0.0	1.0	1.0	5.0	3.0	1.0	0.0	0.0	3.0
Biofilm formation - Escherichia coli [PATH:ko02026]	5764.93	3276.74	9156.77	3684.2000000000003	4684.27	1958.75	12252.41	2997.9399999999996	5942.05	3579.9500000000003	8141.86	2407.68	5540.23	7039.440000000002	6803.730000000001	9375.21	6537.6	7028.460000000001
Biofilm formation - Pseudomonas aeruginosa [PATH:ko02025]	2305.02	887.82	3889.0	1185.1	1307.42	988.2	6581.6	646.82	2153.21	703.3399999999999	3551.6000000000004	1028.21	2332.17	2488.7499999999995	2107.749999999999	3263.57	2511.4400000000005	2589.32
Biofilm formation - Vibrio cholerae [PATH:ko05111]	7154.070000000001	2312.4400000000005	6514.65	2922.1000000000004	3761.0899999999997	1342.85	14256.03	2693.3599999999997	6783.219999999999	3105.51	9046.009999999998	2360.7300000000005	5592.3	5325.910000000001	5931.620000000001	7798.639999999999	6473.3	7497.15
Biosynthesis of ansamycins [PATH:ko01051]	2357.07	1101.35	2923.9299999999994	1394.3	1659.8799999999994	777.95	3755.52	974.59	1843.94	867.06	2840.71	871.0300000000002	1739.57	1800.2700000000002	1989.65	2554.29	2030.18	2779.09
Biosynthesis of siderophore group nonribosomal peptides [PATH:ko01053]	292.62	81.59	346.58000000000004	23.8	119.12	3.0	878.2099999999999	175.5	225.0	264.0	361.0	203.57000000000002	335.59000000000003	872.5299999999999	774.0000000000001	833.1699999999998	701.6600000000001	1006.8799999999999
Biosynthesis of unsaturated fatty acids [PATH:ko01040]	23.25	22.25	0.75	33.5	99.83	8.75	352.99	21.83	100.0	15.0	170.5	47.53	136.78	308.63	232.22999999999996	352.51	192.75	132.26
Biosynthesis of vancomycin group antibiotics [PATH:ko01055]	1009.4	556.8	1264.4599999999996	762.3000000000002	820.1700000000003	259.8	1954.0	462.73	1037.85	636.92	1375.4899999999998	403.81	924.57	1077.29	1158.5800000000004	1362.4299999999996	960.3	1372.4599999999996
Biosynthesis of various secondary metabolites - part 2 [PATH:ko00998]	2168.8199999999997	1201.54	2836.2200000000007	1139.6	1323.2200000000003	486.1	4666.43	1153.92	1711.21	1326.26	2574.57	755.8499999999998	2189.92	2379.9	2539.06	3145.68	2289.2900000000004	2315.26
Biotin metabolism [PATH:ko00780]	8941.41	3820.9799999999996	9315.7	4622.900000000001	5626.84	1927.95	17206.31	4043.9699999999993	8771.850000000002	4585.719999999999	12179.079999999998	3103.4300000000003	8612.19	10158.190000000002	10073.019999999999	13905.260000000002	9094.92	10459.319999999998
Bladder cancer [PATH:ko05219]	0.0	0.0	0.0	0.0	0.0	0.0	0.0	0.67	2.0	1.0	0.0	10.0	4.0	1.0	7.0	13.0	20.0	21.33
Butanoate metabolism [PATH:ko00650]	12008.810000000001	6144.529999999999	15960.62	8572.500000000002	9063.68	3034.5499999999993	29380.879999999994	6907.459999999998	16758.609999999997	8068.709999999999	22059.09	5821.609999999999	13998.46	14381.270000000002	14813.449999999999	20358.319999999996	14711.95	18254.87
C5-Branched dibasic acid metabolism [PATH:ko00660]	5099.06	3047.5299999999993	7057.5	3853.8000000000006	4726.76	1745.1	11220.99	1748.9500000000005	3737.3300000000004	2079.52	6106.400000000001	1860.6000000000004	4343.710000000001	5947.959999999999	5886.299999999998	8598.15	7008.9800000000005	7713.1900000000005
CD molecules [BR:ko04090]	795.39	181.32	656.2800000000002	164.1	415.71	8.75	1457.4	351.5	889.0	574.0	1323.5	307.8400000000001	690.0	818.0	938.0	1010.0	321.0	867.5
Calcium signaling pathway [PATH:ko04020]	0.0	0.0	0.0	0.0	0.0	0.0	1.0	0.0	4.0	0.0	1.0	3.0	2.0	25.0	19.0	57.0	35.0	62.0
Caprolactam degradation [PATH:ko00930]	0.0	0.0	0.0	0.0	2.5	0.0	165.0	12.0	41.0	3.5	80.5	30.0	28.0	2.0	3.5	3.5	27.0	8.0
Carbapenem biosynthesis [PATH:ko00332]	1786.02	1032.48	2383.3399999999992	1205.6000000000004	1487.42	504.1	2483.5199999999995	374.84	801.9	346.09	1349.09	489.3	1145.5900000000004	1720.83	1666.8399999999995	2466.8600000000006	2168.78	1817.7800000000007
Carbohydrate digestion and absorption [PATH:ko04973]	220.5	148.76999999999995	388.37	103.3	80.42	28.5	1187.65	385.5	357.44000000000005	377.09	622.1800000000001	220.54	458.22	835.8199999999998	901.47	1103.62	823.4300000000002	858.61
Carbohydrate metabolism	1306.3600000000001	891.6700000000003	1951.7400000000005	1182.3999999999999	1312.79	374.3	3359.79	816.9200000000001	2082.11	1345.24	2657.15	776.03	1297.78	1898.3899999999999	2147.5700000000006	2885.87	2175.37	2747.1200000000003
Carbon fixation in photosynthetic organisms [PATH:ko00710]	11391.090000000002	6094.0599999999995	16264.560000000001	7220.900000000002	9095.77	3217.9500000000007	26613.980000000003	7408.45	12875.920000000002	7689.45	18830.190000000002	5517.900000000001	12695.589999999998	14487.15	15426.250000000002	19820.190000000002	14848.74	18325.689999999995
Carbon fixation pathways in prokaryotes [PATH:ko00720]	20676.42	10303.279999999997	24558.529999999988	12955.999999999996	14518.019999999997	4607.200000000002	45179.91	9969.39	21303.010000000006	11261.84	31666.219999999994	8727.840000000002	20463.27	22081.550000000007	23575.790000000008	30032.65000000001	20935.510000000006	26601.200000000004
Cardiac muscle contraction [PATH:ko04260]	0.0	0.0	0.0	0.0	0.0	0.0	375.0	24.0	119.5	18.0	198.5	23.099999999999998	293.79999999999995	365.79999999999995	499.59999999999997	525.5999999999999	282.20000000000005	171.79999999999998
Carotenoid biosynthesis [PATH:ko00906]	24.0	0.0	0.0	0.0	5.33	0.0	137.5	8.33	37.5	6.5	58.0	22.2	107.6	116.1	162.7	149.2	90.9	70.6
Cationic antimicrobial peptide (CAMP) resistance [PATH:ko01503]	6548.99	2058.770000000001	5678.37	3120.5000000000005	4233.48	1189.75	11724.749999999996	3449.2400000000002	6369.730000000001	3757.5700000000006	9237.670000000002	2347.4100000000003	5781.29	7492.02	7794.89	10151.68	7686.749999999999	7631.39
Cell adhesion molecules [BR:ko04515]	0.0	0.0	0.0	0.0	0.0	0.0	19.0	0.0	0.0	0.0	0.0	2.0	5.0	10.0	4.0	6.0	3.0	2.0
Cell adhesion molecules [PATH:ko04514]	0.0	0.0	0.0	0.0	0.0	0.0	19.0	0.0	0.0	0.0	0.0	2.0	5.0	10.0	4.0	6.0	3.0	2.0
Cell cycle - Caulobacter [PATH:ko04112]	9724.750000000002	6159.0199999999995	15494.23	7165.100000000001	8502.23	2749.35	25778.55	6763.95	12055.160000000002	6983.63	17651.489999999998	5089.3	11980.569999999998	14506.139999999994	14935.169999999998	19362.5	14494.370000000004	16827.579999999994
Cell cycle - yeast [PATH:ko04111]	0.0	0.0	0.0	0.0	0.0	0.0	3.0	4.0	5.0	0.0	1.0	2.0	4.0	1.0	3.0	5.0	2.0	6.0
Cell cycle [PATH:ko04110]	0.0	0.0	0.0	0.0	0.0	0.0	3.0	4.0	5.0	0.0	1.0	2.0	4.0	1.0	3.0	5.0	2.0	6.0
Cell growth	16566.27	11197.93	26732.849999999995	10987.9	11216.04	6407.9500000000035	8274.869999999999	1508.92	3881.96	2108.9900000000007	5636.52	1988.48	3904.66	2726.1800000000007	3255.27	3931.2900000000004	2921.36	4748.0599999999995
Cell motility	0.5	22.0	86.0	39.0	0.0	49.0	163.66	10.0	42.5	10.0	76.0	14.87	33.44	81.78	21.049999999999997	72.02	67.91	35.6
Central carbon metabolism in cancer [PATH:ko05230]	5535.99	3199.32	7049.550000000001	3594.4000000000005	5265.13	1639.85	10017.74	3102.41	3923.3199999999997	2565.75	5483.33	1898.2	4763.949999999999	8135.32	7229.160000000001	9451.75	8069.96	7675.45
Chagas disease [PATH:ko05142]	0.25	22.25	0.75	33.5	94.5	8.75	190.42	13.17	65.75	14.0	69.5	45.58	145.5	119.67	114.33	99.17	96.33	144.49
Chaperones and folding catalysts [BR:ko03110]	22557.399999999998	12522.919999999998	31282.840000000004	14726.400000000001	18553.329999999998	5696.400000000002	50744.690000000024	12766.72	23427.750000000007	13967.74	34160.37	10021.070000000005	23827.39999999999	32480.069999999985	33064.909999999996	42291.899999999965	29485.32	34406.67999999998
Chemical carcinogenesis [PATH:ko05204]	0.0	0.0	0.0	0.0	0.0	0.0	57.0	14.0	5.0	13.0	2.0	6.4	115.19999999999999	206.2	312.4	279.4	216.8	65.2
Chloroalkane and chloroalkene degradation [PATH:ko00625]	1139.51	1164.2800000000002	1614.1599999999996	1529.5	1825.55	360.65	2460.22	662.92	855.12	503.09999999999997	1314.3300000000002	415.76000000000005	984.24	1832.6200000000003	1791.6000000000004	2076.67	2102.47	1357.2699999999998
Chlorocyclohexane and chlorobenzene degradation [PATH:ko00361]	127.0	209.07	273.17	265.0	244.92	30.0	191.66	82.83	77.85	42.66	82.43	50.019999999999996	151.95	701.9199999999998	611.03	691.88	899.8599999999998	441.17
Choline metabolism in cancer [PATH:ko05231]	368.26	254.39	294.2100000000001	298.5	425.78999999999996	69.0	917.7399999999999	293.34000000000003	503.83000000000004	274.34000000000003	827.49	201.11	449.27	216.28	328.7099999999999	390.18	212.41	402.92999999999995
Cholinergic synapse [PATH:ko04725]	0.0	0.0	0.0	0.0	0.0	0.0	1.0	1.5	1.5	0.0	0.0	0.0	5.0	5.0	3.0	0.5	3.0	2.0
Chromosome and associated proteins [BR:ko03036]	35939.98999999999	21790.810000000005	51273.159999999996	25590.999999999993	30455.649999999998	9450.35	77306.60000000002	20880.070000000007	37615.98999999999	21612.150000000005	52717.29000000004	15139.090000000002	35754.56	45113.61999999999	47569.38999999998	60002.01999999998	44208.299999999996	51982.43
Citrate cycle (TCA cycle) [PATH:ko00020]	13266.940000000002	5738.29	14796.070000000002	7725.500000000002	8772.03	2447.7000000000003	31594.39	6456.67	14112.809999999998	7238.01	21658.090000000004	5792.2	13267.830000000004	15944.140000000007	16938.350000000006	20482.49	13170.299999999997	17709.559999999998
Cofactor metabolism	455.89	207.66	426.83	361.8	447.13	105.55	1655.32	403.91	742.94	416.90999999999997	881.57	233.36	667.85	684.9899999999999	837.3199999999998	971.56	588.12	673.2600000000001
Colorectal cancer [PATH:ko05210]	0.0	0.0	0.0	8.0	1.0	0.0	37.5	2.0	40.0	6.0	34.0	1.0	65.5	1.0	12.5	30.0	39.0	15.5
Cushing syndrome [PATH:ko04934]	14.5	30.33	115.67	21.0	61.0	8.0	842.9099999999999	154.59999999999997	290.59	96.67	440.73	103.61	350.03	330.7	388.29	589.18	419.32	483.0
Cyanoamino acid metabolism [PATH:ko00460]	5232.430000000001	2932.2799999999997	6638.24	3263.6000000000004	4653.41	1366.85	7737.43	1928.09	3732.74	2517.08	5106.7300000000005	1417.87	3710.3199999999997	3855.5899999999992	4309.37	5344.68	3942.900000000001	4805.009999999998
Cysteine and methionine metabolism [PATH:ko00270]	22495.429999999997	13392.969999999996	32321.569999999992	16601.7	19812.47	6772.450000000003	43062.15	11600.31	19682.370000000006	11620.259999999998	28076.31	8829.73	20696.28	27082.530000000002	28567.380000000005	37338.14000000001	29968.770000000004	33662.13999999999
Cytochrome P450 [BR:ko00199]	0.0	0.0	0.0	0.0	0.0	0.0	20.67	0.0	0.0	0.0	0.0	2.33	17.0	103.67	55.33	40.67	48.33	72.66
Cytoskeleton proteins [BR:ko04812]	8936.11	6500.639999999999	14120.38	7300.2	8549.67	3160.25	15981.640000000001	3378.84	7992.82	3933.03	10940.349999999999	3011.94	6812.03	6589.329999999998	7429.42	9225.21	6868.35	8858.470000000001
D-Alanine metabolism [PATH:ko00473]	1923.02	1276.9499999999996	2927.35	1649.6000000000004	1818.92	573.1	5318.800000000001	2214.09	2869.91	1770.07	3812.54	1216.29	2977.3	4159.23	4125.22	5459.32	4522.5599999999995	4395.2
D-Arginine and D-ornithine metabolism [PATH:ko00472]	16.0	9.33	78.67	116.0	103.0	34.0	267.33000000000004	29.0	72.34	33.66	187.66	35.0	158.01	103.0	140.0	417.33000000000004	310.33000000000004	385.0
D-Glutamine and D-glutamate metabolism [PATH:ko00471]	3138.9300000000003	1709.7499999999995	4162.4299999999985	2115.4000000000005	2655.7200000000003	785.1500000000001	7392.59	1955.5	3685.98	2050.81	5073.93	1491.6399999999999	3634.8699999999994	4392.409999999999	4493.72	6016.7300000000005	4589.590000000002	5500.359999999998
DNA repair and recombination proteins [BR:ko03400]	60593.21000000002	37607.63	90019.36999999997	44311.60000000002	53198.329999999965	17527.349999999984	137969.44000000003	40139.98999999999	66723.59	40985.14000000004	93503.50999999998	28243.949999999997	67060.70000000001	88124.03000000001	89029.24000000009	116103.59000000008	89516.39000000001	101342.64000000003
DNA replication [PATH:ko03030]	13150.820000000002	7988.409999999998	19722.759999999995	9469.2	11557.819999999996	3747.3000000000006	31715.370000000003	9068.21	15327.570000000003	9096.04	21956.790000000008	6500.7699999999995	15889.379999999997	20732.37	20829.480000000003	27439.25	21024.170000000006	23269.749999999993
DNA replication proteins [BR:ko03032]	26137.049999999992	15865.879999999997	37815.30999999998	17700.899999999998	22287.959999999995	6784.550000000002	55204.21000000001	16943.97	27124.699999999997	17000.64	38563.15000000001	11369.799999999997	26961.459999999995	35784.57999999999	36535.6	46699.21	34545.18	39457.08999999998
Dilated cardiomyopathy [PATH:ko05414]	0.0	0.0	0.0	0.0	0.0	0.0	19.0	0.0	0.0	0.0	0.0	2.0	5.0	10.0	4.0	6.0	3.0	2.0
Dioxin degradation [PATH:ko00621]	540.14	20.85	135.08999999999997	15.0	110.0	17.0	652.61	214.33	289.69000000000005	182.08999999999997	368.17999999999995	97.15	336.91	668.27	664.0199999999999	940.47	864.5	532.63
Domain-containing proteins not elsewhere classified [BR:ko04990]	0.0	0.0	0.0	0.0	3.0	0.0	1.0	0.0	0.0	3.0	0.0	0.0	2.0	47.0	65.66	0.0	36.0	108.0
Drug metabolism - cytochrome P450 [PATH:ko00982]	348.76	31.63	77.05	91.5	350.63	12.5	345.4	135.5	66.6	137.94	142.0	66.71000000000001	296.35	940.85	940.88	1117.35	996.63	594.1700000000001
Drug metabolism - other enzymes [PATH:ko00983]	7692.39	4427.86	11036.769999999999	5154.700000000001	6200.660000000001	1840.35	16726.85	5133.24	8410.99	5270.11	11956.08	3566.9499999999994	8282.640000000001	10321.28	10509.770000000002	13298.080000000002	9888.6	11498.629999999997
ECM-receptor interaction [PATH:ko04512]	0.0	0.0	0.0	0.0	0.0	0.0	19.0	0.0	0.0	0.0	0.0	2.0	5.0	10.0	4.0	6.0	3.0	2.0
Endocytosis [PATH:ko04144]	0.0	0.0	0.0	0.0	3.0	0.0	1.0	0.0	0.0	3.0	0.0	0.0	2.0	47.0	65.66	0.0	36.0	108.0
Energy metabolism	4742.17	2697.51	6401.829999999998	3296.000000000001	3412.0499999999997	1234.95	10431.39	2232.24	5972.0	2589.3700000000003	7961.2	2051.01	5182.300000000003	4919.64	4435.83	7106.039999999999	4025.550000000002	5809.41
Enzymes with EC numbers	51450.870000000024	25084.409999999996	59365.50999999998	31240.49999999998	39715.86999999998	12993.349999999991	84030.06000000007	23856.100000000002	44803.42000000002	25017.259999999995	59443.62000000002	17427.600000000002	41573.51000000004	53192.20999999998	54038.620000000046	70120.59999999998	52323.06000000006	60105.92000000006
Epithelial cell signaling in Helicobacter pylori infection [PATH:ko05120]	1817.27	1106.0	2787.4300000000003	1386.6	1498.34	499.35	4353.110000000001	1123.34	1966.02	1281.8200000000004	2943.53	793.18	1963.34	1953.9000000000008	2197.2	2962.52	2009.3999999999994	2532.87
Epstein-Barr virus infection [PATH:ko05169]	0.0	0.0	0.0	8.0	1.0	0.0	37.5	2.0	40.0	6.0	34.0	1.0	65.5	1.0	12.5	30.0	39.0	15.5
Estrogen signaling pathway [PATH:ko04915]	908.76	528.0899999999998	1368.08	643.3000000000002	689.7900000000002	240.3	1703.61	305.49	887.58	468.91	1241.2400000000002	308.83	789.5800000000003	461.08	598.8299999999998	713.8299999999998	307.75	750.8299999999998
Ether lipid metabolism [PATH:ko00565]	2.62	0.75	0.0	30.0	2.5	0.0	304.25	11.0	101.25	20.0	149.5	30.12	223.1	119.6	194.2	194.7	88.4	81.1
Ethylbenzene degradation [PATH:ko00642]	0.0	0.0	0.0	0.0	0.0	0.0	10.5	0.0	3.5	0.0	6.0	0.0	14.0	0.0	3.5	3.0	21.0	6.5
Exosome [BR:ko04147]	31982.44999999999	17125.579999999994	41910.43999999999	20938.499999999993	26687.359999999997	7818.850000000003	68623.4	17767.36	33258.939999999995	18910.79	47189.99000000001	14003.41	32620.719999999987	39083.5	40357.59000000001	51437.33	38628.99000000001	47162.76999999998
Fat digestion and absorption [PATH:ko04975]	483.0	238.83	916.67	290.0	300.0	107.5	1138.1400000000006	277.91	588.4100000000002	196.07	704.9899999999999	218.57	491.82	327.92	356.65	452.92	614.01	624.4000000000002
Fatty acid biosynthesis [PATH:ko00061]	14596.520000000002	8104.989999999999	18190.519999999997	8535.500000000002	9821.880000000001	3258.9	29254.82	8247.77	13629.330000000004	8724.38	18707.41	5529.42	14682.19	18458.960000000003	18909.300000000003	24440.059999999998	18218.77	19332.9
Fatty acid degradation [PATH:ko00071]	3013.9700000000003	1878.9299999999998	4008.77	2223.9	3196.72	676.15	6950.02	1676.4899999999998	3875.12	1842.47	4832.25	1457.3000000000002	3662.209999999999	4127.35	4161.769999999999	5197.68	3946.4500000000003	4481.740000000001
Ferroptosis [PATH:ko04216]	1815.58	795.4100000000001	1804.53	888.1999999999999	1508.55	170.0	4595.95	863.02	2523.17	1336.65	3344.2000000000007	945.97	2342.6399999999994	2582.07	2730.7399999999993	3173.0300000000007	1742.7200000000003	2955.22
Flagellar assembly [PATH:ko02040]	9780.369999999999	2811.48	18708.09	5285.6	4505.17	4627.150000000001	35848.62	3054.91	14876.06	4486.73	20581.47	4916.389999999999	12472.83	3425.4100000000003	4898.43	5033.849999999999	4443.620000000001	6530.41
Flavone and flavonol biosynthesis [PATH:ko00944]	89.28	7.5	0.0	26.5	34.84	18.3	0.0	0.5	0.0	0.0	0.5	0.0	0.0	0.0	0.0	0.0	0.0	0.0
Flavonoid biosynthesis [PATH:ko00941]	0.0	0.0	0.0	0.0	0.0	0.0	100.91	12.91	92.08	55.41	31.24	5.16	67.08	39.33	67.83	147.82999999999996	64.5	159.07999999999996
Fluid shear stress and atherosclerosis [PATH:ko05418]	3753.42	2144.6099999999997	4891.14	2658.9000000000005	2970.8399999999997	994.7	5720.03	1323.25	2433.3399999999997	1386.4199999999998	3881.9800000000014	1191.1899999999998	2785.14	2792.03	2999.5600000000004	3895.259999999999	3137.1100000000006	3871.19
Fluorobenzoate degradation [PATH:ko00364]	0.0	0.0	0.0	0.0	0.0	0.0	128.0	6.0	34.5	3.0	59.5	10.5	10.0	0.0	4.0	0.0	32.0	4.0
Focal adhesion [PATH:ko04510]	0.0	0.0	0.0	0.0	0.0	0.0	19.0	0.0	0.0	0.0	0.0	2.0	5.0	10.0	4.0	6.0	3.0	2.0
Folate biosynthesis [PATH:ko00790]	8737.18	5108.420000000001	12747.199999999999	5302.4000000000015	6829.990000000001	1897.9999999999998	24055.75000000001	5292.76	10996.580000000002	6129.87	16796.31	4441.869999999999	11418.66	16457.15	15916.54	21724.99	15004.98	17164.589999999997
FoxO signaling pathway [PATH:ko04068]	668.26	87.96000000000001	474.38	247.0	270.87	58.0	1437.2600000000002	507.75	556.1	460.59	919.42	310.91999999999996	819.6600000000002	1891.2999999999993	1440.1099999999994	2159.51	1475.32	1266.86
Fructose and mannose metabolism [PATH:ko00051]	14228.270000000002	7701.130000000002	19569.45	8423.800000000001	11965.710000000001	3930.7500000000014	30139.489999999998	9009.31	12385.910000000003	9800.8	19607.33	5927.47	13321.300000000001	19915.8	19938.209999999995	24124.420000000002	20380.399999999998	21391.479999999996
Function unknown	43037.579999999994	24990.930000000008	57678.61999999998	29428.59999999999	33950.42999999999	11570.39999999999	84332.8300000001	22789.27	42318.520000000004	23662.310000000016	55720.090000000004	16468.310000000016	40482.64999999992	47297.71999999998	49026.51999999999	65780.00999999994	49799.21000000011	54461.86999999999
Furfural degradation [PATH:ko00365]	0.0	0.0	0.0	8.0	1.0	0.0	0.0	0.0	0.0	0.0	0.0	1.0	2.0	0.0	1.0	0.0	0.0	0.0
G protein-coupled receptors [BR:ko04030]	0.0	0.0	0.0	0.0	0.0	0.0	89.0	4.0	0.0	0.0	5.0	0.0	0.0	0.0	0.0	0.0	0.0	0.0
GABAergic synapse [PATH:ko04727]	2915.19	1449.6400000000008	2917.76	1579.6	2384.0	552.85	2899.1400000000003	723.5799999999999	1185.93	693.74	1566.8700000000001	614.4599999999998	1328.0599999999997	1738.8599999999992	1780.56	2236.63	1690.4100000000003	2311.65
Galactose metabolism [PATH:ko00052]	17219.11	8622.94	20603.03	9681.2	15030.710000000001	4905.450000000002	22816.539999999997	9160.719999999998	9895.339999999997	8758.28	14294.509999999998	5120.95	11608.229999999998	19989.989999999998	19027.24	24728.51	20311.19000000001	19621.420000000002
General function prediction only	9963.340000000002	4689.78	11547.239999999998	5475.6	8033.860000000001	2283.7	22714.01	6979.07	10900.66	7055.52	15178.36	4875.909999999998	12310.790000000003	20080.15	19489.980000000003	24197.420000000006	18938.9	18432.02
Geraniol degradation [PATH:ko00281]	0.0	0.0	0.0	0.0	0.0	0.0	154.0	24.0	75.0	43.0	84.5	24.5	36.0	0.0	19.0	10.0	68.0	50.0
Global maps only	588.87	469.0	1013.92	647.0	646.0	250.05	971.67	160.92	544.75	177.0	782.25	268.4	605.7	370.62	483.98	438.57	319.88	388.44
Glucagon signaling pathway [PATH:ko04922]	5517.72	3628.8599999999997	8206.220000000001	3981.4000000000005	5355.71	1820.3999999999999	10845.269999999999	3485.83	4740.6	3027.6600000000003	6437.93	2158.42	4978.69	8218.369999999999	7467.750000000003	9795.009999999998	8239.71	8081.51
Glucosinolate biosynthesis [PATH:ko00966]	1804.02	1091.82	2543.0	1279.6000000000004	1536.42	492.1	3543.44	669.99	1537.46	689.0899999999999	2359.11	709.13	1558.0600000000002	2208.4699999999993	2173.5199999999995	2985.620000000001	2387.1700000000005	2662.2299999999996
Glutamatergic synapse [PATH:ko04724]	2637.1800000000003	1418.0000000000007	2916.3	1494.6	2206.71	550.6	2933.15	658.25	1165.27	672.74	1550.89	609.7999999999998	1301.3999999999996	1736.5299999999993	1774.9	2213.9700000000003	1686.0800000000002	2256.9900000000002
Glutathione metabolism [PATH:ko00480]	3329.17	1696.8899999999999	4208.94	1930.5	2780.56	843.95	9043.29	2660.5299999999997	4182.79	2798.65	5379.57	1790.88	4673.44	8066.12	7822.960000000001	9974.859999999999	7483.18	7689.73
Glycan metabolism	1716.26	764.59	2209.92	682.3	978.46	410.6	2337.86	401.75	1128.0	551.5	1535.75	465.2500000000001	1028.18	1044.95	932.11	1351.98	832.93	1280.32
Glycerolipid metabolism [PATH:ko00561]	5391.700000000001	4050.3600000000006	8786.770000000002	4631.400000000001	5353.62	2248.9	11078.33	4408.35	5336.819999999998	3589.010000000001	7137.540000000001	2486.4099999999994	5844.210000000001	7310.13	7570.34	9471.99	9053.11	8327.660000000002
Glycerophospholipid metabolism [PATH:ko00564]	8582.630000000001	5563.799999999998	13698.55	6500.000000000002	7548.3099999999995	3050.6500000000005	20868.0	5738.739999999999	10881.02	6304.2	14126.24	4239.119999999999	10709.740000000002	13311.17	13484.700000000003	17998.82	13031.940000000002	14432.3
Glycine	19568.399999999998	11269.779999999999	28222.109999999993	13599.499999999996	16796.160000000003	5867.300000000002	41281.350000000006	10807.66	20380.089999999997	10956.15	28997.77000000001	8583.999999999998	19452.83	23975.469999999994	24974.929999999997	31465.439999999988	24334.399999999994	28626.09999999999
Glycolysis / Gluconeogenesis [PATH:ko00010]	24840.379999999994	13775.499999999998	32905.889999999985	16234.2	20096.779999999995	6906.500000000003	53201.70000000002	16329.42	26127.780000000002	16424.09	36262.62	11070.080000000004	24972.810000000005	34056.56999999997	34293.22	42906.37999999998	34021.930000000015	38164.06999999999
Glycosaminoglycan binding proteins [BR:ko00536]	260.76	56.39	10.71	1.0	161.46000000000004	4.0	719.55	143.63	576.6499999999999	484.3	417.7000000000001	107.3	285.4	630.65	618.9	1283.65	764.5	1563.9
Glycosaminoglycan degradation [PATH:ko00531]	3676.67	555.51	1126.48	744.0	2118.1800000000003	209.55	2380.2599999999998	484.12	1029.99	954.6700000000002	1443.33	473.06	1061.28	3092.3799999999997	2749.09	3730.84	2160.0099999999998	2477.7199999999993
Glycosphingolipid biosynthesis - ganglio series [PATH:ko00604]	2193.14	248.23	500.97	498.0	1375.94	13.0	1381.85	308.14	625.49	516.6700000000002	860.3299999999998	325.19	645.84	2436.7699999999995	2079.54	2733.65	1460.26	1644.3699999999994
Glycosphingolipid biosynthesis - globo and isoglobo series [PATH:ko00603]	3140.18	1015.46	1884.26	1173.3000000000002	2571.0299999999997	312.4	2230.55	468.04999999999995	1095.49	761.1700000000002	1520.08	604.94	1017.84	2791.2699999999995	2544.37	3145.15	1814.51	2240.3699999999994
Glycosylphosphatidylinositol (GPI)-anchor biosynthesis [PATH:ko00563]	0.0	0.0	0.0	0.0	0.0	0.0	62.0	2.0	12.0	6.0	32.0	12.0	34.0	0.0	1.0	0.0	0.0	4.0
Glycosylphosphatidylinositol (GPI)-anchored proteins [BR:ko00537]	1140.55	491.03	793.17	619.5	871.09	124.55	895.5	210.15999999999997	667.75	350.5	873.0	214.92000000000002	432.25	457.0	536.0	679.5	395.0	736.75
Glycosyltransferases [BR:ko01003]	5509.570000000001	2112.0499999999997	6423.640000000001	3491.6000000000004	3923.1600000000008	1191.85	17691.839999999997	4903.68	8185.569999999999	4972.000000000001	11469.590000000004	3171.1899999999987	7758.590000000001	10402.25	10529.770000000002	14878.67	11685.739999999996	12395.509999999995
Glyoxylate and dicarboxylate metabolism [PATH:ko00630]	15706.230000000003	8386.54	19838.759999999995	10446.599999999999	12696.11	3988.250000000001	31224.610000000008	6213.510000000001	13617.210000000001	6658.580000000002	20718.64	5743.239999999999	12922.800000000001	13984.520000000002	15119.370000000004	19325.309999999998	13888.25	17515.700000000004
HIF-1 signaling pathway [PATH:ko04066]	5699.700000000001	3657.1199999999994	8503.17	4106.700000000001	5037.63	1869.7	13049.43	3730.6	5736.25	3357.2400000000002	8384.699999999999	2562.8700000000003	6006.8099999999995	8776.22	8333.170000000002	10708.26	8937.48	9338.029999999997
Hepatitis B [PATH:ko05161]	0.0	0.0	0.0	8.0	1.0	0.0	37.5	2.0	40.0	6.0	34.0	1.0	65.5	1.0	12.5	30.0	39.0	15.5
Hepatitis C [PATH:ko05160]	0.0	0.0	0.0	8.0	1.0	0.0	37.5	2.0	40.0	6.0	34.0	1.0	65.5	1.0	12.5	30.0	39.0	15.5
Hepatocellular carcinoma [PATH:ko05225]	0.0	0.5700000000000001	0.17	0.0	1.17	0.0	167.48000000000002	23.5	14.28	39.01	17.43	18.65	171.74	308.54	277.0	293.19	307.47	213.05999999999997
Herpes simplex virus 1 infection [PATH:ko05168]	0.0	0.0	0.0	8.0	1.0	0.0	37.5	2.0	40.0	6.0	34.0	1.0	65.5	3.0	15.5	30.0	39.0	15.5
Histidine metabolism [PATH:ko00340]	10334.41	6120.0199999999995	13155.829999999998	7657.9000000000015	9193.909999999998	2806.85	15580.619999999999	2388.7000000000007	7007.789999999999	2513.3900000000003	10404.81	3049.74	6644.3099999999995	4566.06	5712.86	7663.0599999999995	5915.929999999999	7584.5
Homologous recombination [PATH:ko03440]	19562.909999999996	11864.569999999998	28648.019999999997	14048.8	17134.62	5395.050000000001	45805.88000000001	12797.29	22300.08	13380.83	31633.130000000005	9319.320000000002	22440.52	27917.739999999994	28355.729999999992	37447.609999999986	28274.079999999998	32823.00999999999
Human cytomegalovirus infection [PATH:ko05163]	0.0	0.0	0.0	8.0	1.0	0.0	37.5	2.0	40.0	6.0	34.0	1.0	65.5	1.0	12.5	30.0	39.0	15.5
Human immunodeficiency virus 1 infection [PATH:ko05170]	0.0	0.0	0.0	8.0	1.0	0.0	37.5	2.0	40.0	6.0	34.0	1.0	65.5	1.0	12.5	30.0	39.0	15.5
Human papillomavirus infection [PATH:ko05165]	912.01	575.91	1379.0	676.8000000000002	803.71	272.05	2173.9300000000007	637.3299999999998	875.76	590.66	1251.16	415.79000000000013	962.7999999999997	1427.7	1422.7300000000007	1821.8099999999995	1447.6	1621.6699999999994
Huntington disease [PATH:ko05016]	681.26	322.9	1027.5	268.6	302.92	151.3	3080.79	931.09	1323.46	1131.2600000000002	1891.5700000000002	575.7600000000001	1785.17	2850.099999999999	2998.3899999999985	3653.7099999999996	2522.53	2741.939999999999
Hypertrophic cardiomyopathy [PATH:ko05410]	0.0	0.0	0.0	0.0	0.0	0.0	19.0	0.0	0.0	0.0	0.0	2.0	5.0	10.0	4.0	6.0	3.0	2.0
IL-17 signaling pathway [PATH:ko04657]	908.76	528.0899999999998	1368.08	643.3000000000002	689.7900000000002	240.3	1703.61	305.49	887.58	468.91	1241.2400000000002	308.83	789.5800000000003	461.08	598.8299999999998	713.8299999999998	307.75	750.8299999999998
Influenza A [PATH:ko05164]	0.0	0.0	0.0	8.0	1.0	0.0	37.5	2.0	40.0	6.0	34.0	1.0	65.5	1.0	12.5	30.0	39.0	15.5
Inositol phosphate metabolism [PATH:ko00562]	1606.81	792.9600000000003	1928.5400000000004	971.9000000000001	1432.51	424.85	3357.42	1095.17	1451.39	1154.0	2204.07	775.99	1605.1299999999992	2455.059999999999	2590.2299999999996	3251.2200000000003	2546.71	2586.24
Insect hormone biosynthesis [PATH:ko00981]	170.0	278.0	369.0	349.0	316.0	112.1	272.83	101.34	145.82999999999996	40.84	172.49	51.83	181.83	10.5	32.66	17.66	40.5	67.33
Insulin resistance [PATH:ko04931]	2445.29	1605.56	3801.8400000000006	1660.9	2044.88	682.1500000000001	4668.5599999999995	1337.9999999999995	2137.15	1340.4100000000003	3018.750000000001	1038.6599999999999	2011.9500000000003	2514.1799999999994	2587.9000000000005	3280.7200000000003	2698.6600000000008	3157.58
Insulin signaling pathway [PATH:ko04910]	1837.15	1027.26	2394.76	920.8000000000002	1433.87	423.15000000000003	3721.5699999999997	843.9899999999999	1485.54	845.0900000000003	2169.1800000000003	657.8999999999999	1478.8200000000002	1590.0200000000002	1658.7900000000004	2144.4400000000005	1633.98	1829.0800000000006
Ion channels [BR:ko04040]	0.0	0.0	0.0	0.0	0.0	0.0	1.0	1.5	1.5	0.0	0.0	0.0	5.0	5.0	3.0	0.5	3.0	2.0
Isoquinoline alkaloid biosynthesis [PATH:ko00950]	1012.77	345.76000000000005	1486.2399999999998	576.6	802.75	220.55	3036.3799999999997	506.74	1261.6700000000003	660.6500000000001	1799.2200000000003	522.73	1231.9600000000005	773.29	1230.1599999999999	1618.21	1021.39	1753.9400000000003
Kaposi sarcoma-associated herpesvirus infection [PATH:ko05167]	0.0	0.0	0.0	8.0	1.0	0.0	37.5	2.0	40.0	6.0	34.0	1.0	65.5	1.0	12.5	30.0	39.0	15.5
Legionellosis [PATH:ko05134]	2666.0299999999997	1397.3199999999997	4475.499999999999	1961.9000000000003	2251.71	976.6500000000001	7791.19	1628.17	3433.38	1809.41	5104.8	1422.53	3532.189999999999	3656.6099999999988	3878.08	4771.040000000001	3561.9500000000007	4253.98
Limonene and pinene degradation [PATH:ko00903]	170.0	278.0	369.0	349.0	316.0	112.1	277.83	105.34	147.82999999999996	40.84	172.49	63.83	187.33	10.5	35.66	19.66	63.5	73.33
Linoleic acid metabolism [PATH:ko00591]	2.62	0.25	0.0	0.0	2.5	0.0	190.25	11.0	30.25	9.0	91.5	16.12	150.1	118.6	189.2	194.7	85.4	78.1
Lipid biosynthesis proteins [BR:ko01004]	12714.75	7138.159999999999	16667.84	8239.0	9533.029999999999	3235.15	28580.010000000002	7356.77	13471.950000000004	7879.32	18484.14	5388.5199999999995	13607.189999999999	17147.850000000006	17553.0	22761.190000000006	16971.56	18321.329999999998
Lipoarabinomannan (LAM) biosynthesis [PATH:ko00571]	0.0	0.0	0.0	0.0	0.0	0.0	105.34	36.67	20.0	1.0	0.0	124.66	57.0	218.34	130.66	100.34	159.66	168.64999999999998
Lipoic acid metabolism [PATH:ko00785]	1100.3899999999999	205.85	768.34	391.5	510.8300000000001	82.75	2390.5600000000004	714.1000000000001	1124.09	479.68	1714.6500000000003	527.1500000000001	1250.9000000000005	2286.07	2009.6000000000001	2369.9900000000002	1667.8399999999997	1665.6700000000003
Lipopolysaccharide biosynthesis [PATH:ko00540]	4714.440000000001	1559.6899999999996	6337.759999999999	3433.600000000001	3251.2299999999996	321.8	25082.72	4547.7699999999995	11705.700000000003	6229.799999999997	17487.889999999996	3615.91	9583.330000000007	10327.050000000003	12507.689999999999	18492.690000000002	10482.479999999998	16572.000000000004
Lipopolysaccharide biosynthesis proteins [BR:ko01005]	6436.9400000000005	2522.0	7937.51	4858.9000000000015	4970.35	610.8	29526.85000000001	6110.470000000001	14242.09	7783.53	20806.660000000003	4477.619999999999	11823.400000000005	12243.220000000007	14486.019999999999	21125.68	13100.739999999996	18792.099999999995
Longevity regulating pathway - multiple species [PATH:ko04213]	1207.27	632.3000000000001	1713.21	874.8000000000002	1040.8300000000002	328.85	3917.17	966.42	1786.3400000000001	988.5	2624.4000000000005	785.55	2093.1900000000005	2851.4499999999994	2501.5999999999995	3423.050000000001	2280.7299999999996	2504.2799999999997
Longevity regulating pathway - worm [PATH:ko04212]	3123.04	1829.0	4878.3099999999995	2312.4000000000005	2782.84	954.9000000000001	8481.48	2430.76	4063.6200000000003	2406.08	5766.469999999999	1746.88	4376.2699999999995	6229.519999999997	5869.169999999999	7798.9800000000005	5863.610000000001	6194.699999999998
Longevity regulating pathway [PATH:ko04211]	347.76	59.96	330.38	195.0	250.54000000000002	54.0	1213.5900000000001	495.75	504.1	453.59	827.42	271.59	767.6600000000002	1786.1299999999992	1372.7799999999995	2105.34	1385.49	1168.87
Lysine biosynthesis [PATH:ko00300]	12117.02	7981.759999999999	18683.559999999998	9575.600000000002	11309.690000000002	4035.000000000001	24702.460000000003	6101.430000000001	12871.28	6282.879999999999	18244.16	5271.459999999999	11958.48	15725.579999999998	16104.519999999999	20463.010000000002	16624.010000000002	17850.709999999995
Lysine degradation [PATH:ko00310]	2849.7700000000004	1134.25	3120.26	1710.3	1859.2900000000002	629.65	7253.869999999999	2159.2800000000007	5727.92	2121.1900000000005	6912.819999999998	1759.0799999999992	4779.07	4254.9800000000005	4450.82	5575.129999999998	4181.65	4978.2699999999995
Lysosome [PATH:ko04142]	5811.600000000001	605.3	1166.7000000000003	819.5	3632.29	115.39999999999999	3877.4	976.6200000000001	2365.7200000000003	1982.2700000000004	3266.24	984.3699999999999	2002.7600000000002	5346.459999999999	4718.3099999999995	5898.849999999999	3111.8199999999997	3931.4099999999994
MAPK signaling pathway - fly [PATH:ko04013]	323.76	47.96	330.38	132.0	199.21	54.0	1018.09	457.42	458.6	424.59	752.92	239.89	721.0600000000002	1433.5299999999993	1214.0799999999995	1730.14	1236.09	1086.77
MAPK signaling pathway - plant [PATH:ko04016]	780.25	435.36	956.1399999999999	671.5	671.8700000000001	182.25	2838.39	776.9200000000001	1073.7099999999998	626.2499999999999	1719.6600000000003	486.47	1318.16	2065.0799999999995	1839.8600000000004	2715.5100000000007	2221.5500000000006	2001.6699999999998
MAPK signaling pathway - yeast [PATH:ko04011]	24.0	12.0	0.0	63.0	51.33	0.0	195.5	38.33	45.5	29.0	74.5	31.7	46.6	352.6	158.7	375.2	149.4	82.1
Mannose type O-glycan biosynthesis [PATH:ko00515]	0.0	0.0	0.0	0.0	0.0	0.0	1.0	2.0	0.0	0.0	2.0	1.0	1.0	2.0	4.0	4.0	7.0	22.0
Measles [PATH:ko05162]	0.0	0.0	0.0	8.0	1.0	0.0	37.5	2.0	40.0	6.0	34.0	1.0	65.5	1.0	12.5	30.0	39.0	15.5
Meiosis - yeast [PATH:ko04113]	0.5	0.0	0.0	0.0	0.0	0.0	503.92	26.67	157.75	25.5	204.0	67.08	245.5	115.67	97.33	86.67	96.33	140.99
Membrane trafficking [BR:ko04131]	4090.71	2492.2699999999995	5927.6	3023.2000000000007	4238.75	1266.55	11049.67	3116.25	5227.06	3034.14	7231.619999999999	2077.32	5181.66	6043.8099999999995	6161.590000000001	7855.019999999999	6281.889999999999	7293.739999999999
Messenger RNA biogenesis [BR:ko03019]	15447.320000000002	9129.99	22978.859999999997	11064.7	13202.13	4835.000000000001	33114.86	8829.689999999999	16251.870000000003	9026.77	22740.200000000004	6743.76	16009.630000000001	20750.649999999998	20488.909999999996	27063.59	20559.449999999997	22833.499999999993
Metabolism of xenobiotics by cytochrome P450 [PATH:ko00980]	348.76	31.63	77.05	91.5	350.63	12.5	345.4	135.5	66.6	137.94	142.0	66.71000000000001	296.35	940.85	940.88	1117.35	996.63	594.1700000000001
Methane metabolism [PATH:ko00680]	15489.240000000002	8851.73	21597.38	10725.300000000003	13277.039999999997	4693.9000000000015	35500.60999999999	9163.44	16368.21	9688.59	24251.15	6877.25	15814.460000000003	18375.47	18960.7	24455.269999999993	17974.45	21511.179999999997
MicroRNAs in cancer [PATH:ko05206]	2301.82	1193.7	2234.2000000000003	1231.9	1740.0	370.6	1785.6899999999994	1425.83	1175.18	822.5	1395.65	501.04	969.7100000000002	1823.5500000000002	1687.2099999999998	2084.2400000000007	1501.9499999999998	2163.5899999999997
Mineral absorption [PATH:ko04978]	493.25	398.02	840.7899999999998	606.8	500.75	175.25	2150.11	605.4200000000001	1174.5899999999997	618.8399999999999	1558.3200000000004	420.57000000000005	1045.0800000000002	1645.5599999999995	1559.6200000000001	2194.3200000000006	1683.5800000000006	1727.7699999999998
Mismatch repair [PATH:ko03430]	16328.900000000001	9933.449999999999	24301.979999999996	11479.300000000003	14093.949999999999	4658.300000000001	38333.51000000001	10978.52	18886.910000000003	11501.67	26561.770000000004	7769.07	18954.049999999996	23291.579999999994	23825.519999999997	31660.64	24173.390000000007	27840.00999999999
Mitochondrial biogenesis [BR:ko03029]	25719.959999999985	15392.529999999997	38948.049999999996	18485.099999999995	22228.3	7434.300000000002	61960.1	17425.41	30641.719999999994	17555.26	42701.91000000001	12730.010000000002	30425.279999999988	37680.04999999999	38690.26	49528.96	38187.440000000024	44282.419999999984
Monobactam biosynthesis [PATH:ko00261]	5380.330000000001	2942.1099999999997	7269.179999999999	3431.500000000001	4491.8	1535.65	9865.7	2259.51	4527.2	2512.83	6971.51	2100.25	4811.349999999999	6048.169999999998	6325.5999999999985	7958.96	5885.3200000000015	6842.859999999998
N-Glycan biosynthesis [PATH:ko00510]	348.38	127.67	713.08	292.8	249.46	111.0	1775.28	288.67	889.92	487.24	1415.48	348.91	707.59	632.25	753.41	973.33	579.5799999999998	1077.4
NOD-like receptor signaling pathway [PATH:ko04621]	3335.41	1748.2999999999997	4886.470000000001	2266.1000000000004	2499.71	1114.65	6026.96	1223.0	2538.44	1360.2399999999998	3932.210000000001	1163.22	2697.8999999999996	2156.1200000000003	2396.8900000000003	3091.7199999999993	2391.42	3209.15
Naphthalene degradation [PATH:ko00626]	668.01	624.45	824.1399999999998	669.5	1090.05	190.55	817.3299999999999	425.83	393.62	305.18999999999994	501.18	219.02	548.41	1673.7800000000002	1547.3700000000003	1922.3400000000001	1794.6299999999999	1075.62
Necroptosis [PATH:ko04217]	4332.4400000000005	2877.0000000000005	6444.43	3143.2000000000003	4008.34	1233.0	7473.289999999999	1898.49	3338.17	2002.9100000000003	4774.420000000002	1562.0599999999995	3318.8500000000004	4062.5199999999995	4231.4800000000005	5430.37	4153.7300000000005	5101.280000000001
Neomycin	1171.54	718.16	1575.2500000000002	858.3000000000002	924.22	339.8	2225.04	565.24	1120.35	733.66	1594.92	470.06	1010.81	1184.7599999999998	1300.32	1488.32	1162.0	1368.94
Neuroactive ligand-receptor interaction [PATH:ko04080]	0.0	0.0	0.0	0.0	0.0	0.0	90.0	5.5	1.5	0.0	5.0	0.0	5.0	5.0	3.0	0.5	3.0	2.0
Nicotinate and nicotinamide metabolism [PATH:ko00760]	10430.27	6322.99	15004.689999999999	7157.100000000001	9227.85	2814.6500000000005	24853.889999999996	6158.670000000001	13127.230000000003	6714.279999999999	18576.77	5398.63	12288.110000000004	14465.45	14897.370000000004	18468.55	12737.53	15620.04
Nitrogen metabolism [PATH:ko00910]	7444.380000000001	4446.14	10853.63	5262.7	6487.94	2059.1000000000004	16072.679999999998	3203.66	6643.499999999999	3842.66	10443.3	2864.01	6852.839999999998	7905.659999999998	8768.179999999998	11493.699999999999	8772.14	10929.410000000002
Nitrotoluene degradation [PATH:ko00633]	909.24	452.0	572.67	663.0	420.32000000000005	277.1	1866.0700000000002	126.99	265.75	159.5	888.5	229.45	409.78	642.96	594.9000000000001	1147.3400000000001	858.42	991.1
Non-alcoholic fatty liver disease [PATH:ko04932]	0.0	0.0	0.0	8.0	1.0	0.0	411.5	26.0	155.5	24.0	231.5	21.099999999999998	357.29999999999995	341.79999999999995	493.09999999999997	498.59999999999997	286.20000000000005	125.30000000000001
Non-homologous end-joining [PATH:ko03450]	0.0	6.0	160.0	81.0	2.0	104.0	20.0	0.0	8.0	20.0	21.0	22.0	33.0	0.0	1.0	0.0	1.0	0.0
Nonribosomal peptide structures [PATH:ko01054]	158.75	173.25	270.75	297.5	254.0	32.25	563.24	176.5	389.49	244.01	485.81000000000006	125.24	391.16	159.50000000000003	196.16	251.49000000000007	319.8300000000001	266.24
Novobiocin biosynthesis [PATH:ko00401]	2594.17	1408.6499999999999	3960.6699999999996	1900.4	2257.13	723.6500000000001	5710.09	1015.4900000000001	2024.4000000000003	1132.5800000000002	3185.0700000000006	1043.37	2275.370000000001	2155.27	2695.0099999999993	3511.8700000000003	2675.77	3531.4500000000007
Nucleotide excision repair [PATH:ko03420]	7941.9800000000005	4786.409999999999	11709.73	5559.400000000001	6755.300000000001	2317.1000000000004	18330.809999999998	5124.7	8990.730000000001	5441.219999999999	12754.099999999999	3861.1800000000003	9051.65	11337.229999999998	11462.539999999999	14912.619999999999	11194.69	13116.219999999996
Nucleotide metabolism	160.5	264.71	513.68	134.0	379.01000000000005	121.8	370.09000000000003	563.51	143.82	384.93999999999994	166.69	158.67000000000002	394.46	1422.3700000000003	1233.6900000000005	1498.9999999999998	1786.7999999999997	1213.0700000000002
O-Antigen nucleotide sugar biosynthesis [PATH:ko00541]	13193.709999999997	6163.779999999999	14364.729999999998	7465.600000000001	9502.11	2245.1499999999996	27386.250000000004	6356.96	12551.280000000002	7554.8099999999995	18808.039999999997	5203.46	12200.9	13276.110000000002	14362.830000000004	17340.78	12781.88	16896.659999999996
One carbon pool by folate [PATH:ko00670]	11731.300000000001	6281.089999999999	15641.779999999997	7404.100000000002	9259.02	2924.8000000000006	26189.48	6781.5	12871.210000000003	7276.16	18078.48	5339.520000000001	12238.589999999998	14977.679999999997	15800.070000000002	20212.730000000003	15070.310000000003	18339.599999999995
Other glycan degradation [PATH:ko00511]	9678.33	1443.1500000000003	4330.9800000000005	1839.0	5491.46	818.2499999999999	6498.46	1598.27	3415.6899999999996	2520.2700000000004	5051.4	1630.81	3433.61	8748.82	7791.340000000002	9872.34	5616.200000000001	6695.369999999999
Other types of O-glycan biosynthesis [PATH:ko00514]	0.0	0.0	0.0	0.0	0.0	0.0	1.0	2.0	0.0	0.0	2.0	1.0	1.0	2.0	4.0	4.0	7.0	22.0
Others	2503.29	1458.41	3321.93	1928.8	2385.29	781.45	6126.119999999999	1546.58	3002.31	1443.4200000000003	4247.74	1143.3500000000001	3210.2000000000003	4788.93	4975.920000000001	6097.79	4589.829999999999	4116.28
Oxidative phosphorylation [PATH:ko00190]	21220.899999999998	12961.349999999995	28951.530000000002	14217.7	17793.269999999997	5386.9000000000015	52116.950000000004	11828.019999999999	21121.280000000006	12859.69	32364.36	9009.77	20780.33000000001	23187.939999999995	26742.280000000013	32340.02000000001	23995.170000000013	29883.259999999995
PI3K-Akt signaling pathway [PATH:ko04151]	1229.26	556.0899999999998	1512.08	695.3000000000002	710.1200000000002	244.3	1946.28	317.49	939.58	475.91	1333.2400000000002	350.15999999999997	846.5800000000003	576.25	670.1599999999999	773.9999999999998	400.58	850.8199999999998
PPAR signaling pathway [PATH:ko03320]	2897.84	1277.37	2937.58	1494.6999999999998	2032.09	422.1	6096.76	1386.51	3027.18	1703.23	4148.200000000001	1295.27	3019.12	3562.3700000000003	3723.8299999999995	4320.250000000001	3046.6599999999994	4029.4700000000003
Pancreatic secretion [PATH:ko04972]	220.0	148.76999999999995	388.37	103.3	80.42	28.5	729.65	349.5	293.44000000000005	351.59	419.18	194.54	307.72	835.3199999999998	874.47	1095.62	795.9300000000002	810.11
Pantothenate and CoA biosynthesis [PATH:ko00770]	11715.390000000001	7364.94	17637.570000000003	8346.900000000001	10308.93	3603.950000000001	25131.920000000002	5872.47	11492.1	6702.75	16864.960000000003	5004.829999999999	11674.340000000002	14739.560000000001	15159.61	19934.59	15663.11	17710.7
Parathyroid hormone synthesis	0.0	0.0	0.0	0.0	0.0	0.0	0.0	0.0	0.0	0.0	0.0	0.0	2.0	0.0	0.0	0.0	6.0	0.0
Parkinson disease [PATH:ko05012]	1935.65	1087.71	2330.2200000000007	1375.8	1502.4199999999996	503.35	3108.35	824.26	1338.11	754.8299999999998	2113.7200000000007	643.99	1675.3699999999994	2017.0900000000004	2209.4100000000008	2822.4899999999993	2269.62	2465.8700000000003
Pathogenic Escherichia coli infection [PATH:ko05130]	1010.01	564.2399999999999	1495.67	702.8000000000002	801.71	270.05	2608.0999999999995	728.1699999999997	1238.2700000000002	681.49	1832.6499999999994	566.4899999999999	1308.16	1654.97	1692.2600000000007	2070.0099999999993	1643.1599999999994	1870.7599999999993
Pathways in cancer [PATH:ko05200]	923.26	558.9899999999998	1483.9199999999998	672.3000000000002	752.9600000000002	248.3	2751.5	485.59	1232.45	610.59	1733.4000000000003	432.09	1376.8500000000004	1101.32	1276.62	1626.1999999999998	1073.54	1462.3899999999999
Pathways of neurodegeneration - multiple diseases [PATH:ko05022]	381.5	286.94	697.1200000000001	199.6	155.04	97.3	2357.2	527.0	1053.36	737.6700000000002	1339.15	382.57	1135.71	1773.17	1959.01	2314.77	1440.8400000000001	1749.2699999999993
Penicillin and cephalosporin biosynthesis [PATH:ko00311]	444.14	255.14	159.70999999999998	441.0	503.54	28.0	714.5900000000001	166.82	174.9	105.06	327.99000000000007	92.39999999999999	246.82	595.49	512.75	845.95	841.7100000000002	728.6999999999998
Pentose and glucuronate interconversions [PATH:ko00040]	8018.4900000000025	3170.85	8176.6399999999985	3491.500000000001	5030.530000000001	1975.1499999999999	7738.859999999999	2102.6000000000004	3434.7000000000003	3145.4900000000002	5231.79	1634.43	3581.79	3688.709999999999	3955.4000000000005	4908.3	4173.710000000001	4953.639999999999
Pentose phosphate pathway [PATH:ko00030]	15935.040000000003	8863.9	23339.559999999998	10644.7	14218.379999999997	5211.200000000001	32143.59	9068.880000000001	15348.010000000002	9114.86	22137.640000000003	6917.069999999998	15979.309999999998	20256.45	20664.28	26472.51000000001	20992.120000000003	22980.26
Peptidases and inhibitors [BR:ko01002]	38365.99	24223.44	56898.01999999998	26718.099999999995	33763.89999999998	11367.449999999999	79133.02000000005	22884.319999999992	43807.34	25162.97	58732.62000000001	17073.810000000005	39036.009999999995	49550.42999999998	50991.82000000001	66000.91	50256.69000000002	58966.04999999998
Peptidoglycan biosynthesis [PATH:ko00550]	18074.57	12294.829999999994	28481.439999999988	13767.500000000002	16179.32	5598.250000000002	39821.77000000001	13268.83	19664.930000000008	12630.93	27525.49000000001	8378.470000000003	20215.939999999995	27497.449999999997	27647.070000000003	35450.579999999994	28004.460000000003	30094.03999999999
Peptidoglycan biosynthesis and degradation proteins [BR:ko01011]	23099.399999999994	15087.769999999995	35115.11999999999	16881.2	20083.739999999998	6868.300000000001	48552.77000000004	15210.63	23872.900000000012	14936.109999999999	33664.58000000001	10159.720000000005	24264.829999999998	31208.18	32014.250000000004	41676.56999999999	31430.880000000005	35428.309999999976
Peroxisome [PATH:ko04146]	3198.7400000000002	1576.1000000000001	3849.0	1545.0	2686.72	618.9	6814.81	1552.93	3124.3300000000004	1895.83	4493.49	1411.58	3309.0099999999993	4585.489999999999	4439.419999999998	5631.68	3647.88	4667.76
Pertussis [PATH:ko05133]	751.14	122.73000000000002	345.62	165.79999999999995	451.59000000000003	4.0	1710.5	264.8	937.6499999999999	704.3	1119.2	210.47000000000003	876.65	739.65	830.9	2092.15	1436.0	2288.15
Phenazine biosynthesis [PATH:ko00405]	1451.77	672.57	1962.75	675.1	932.9200000000001	439.35	2386.0400000000004	403.57	684.3800000000001	357.67999999999995	1426.86	473.7199999999999	1044.5700000000004	1825.9599999999998	1752.7899999999995	2486.6100000000006	1900.33	1910.1700000000003
Phenylalanine	17111.250000000004	9274.309999999998	25332.72	10885.2	13338.320000000003	5016.6500000000015	33167.64	7671.6799999999985	12235.070000000002	8026.59	20107.260000000002	6573.549999999998	14991.289999999999	19939.420000000002	20439.32	27195.92	21571.88	24705.399999999998
Phenylalanine metabolism [PATH:ko00360]	4601.4800000000005	1680.0599999999995	4662.360000000001	2296.9	3048.2200000000003	772.9	7750.4	1205.06	3402.01	1292.5700000000002	4506.330000000001	1479.18	3200.760000000001	2250.52	3094.81	4046.1600000000003	3146.7300000000005	3935.7800000000007
Phenylpropanoid biosynthesis [PATH:ko00940]	2198.140000000001	1399.86	2817.65	1574.7	2281.69	663.2	2133.46	331.99	668.83	754.91	1129.99	328.78	925.4300000000001	410.17999999999995	669.28	758.53	519.65	868.93
Phosphatidylinositol signaling system [PATH:ko04070]	1611.1599999999999	910.2299999999999	1773.2199999999998	1158.8000000000002	1591.17	437.6	3437.3700000000003	1041.83	1523.79	938.6700000000001	2178.8099999999995	728.29	1833.62	2554.8699999999994	2632.469999999999	3420.5000000000005	2465.3900000000003	2531.77
Phospholipase D signaling pathway [PATH:ko04072]	365.64	254.14	294.2100000000001	298.5	417.96	69.0	771.7399999999999	196.09	203.58	83.34	417.24	128.11	324.52	194.03	255.95999999999995	320.18	179.16	282.17999999999995
Phosphonate and phosphinate metabolism [PATH:ko00440]	1499.27	654.1600000000001	1239.3	651.3	1061.0800000000002	240.65	2414.0	433.84	886.04	638.4200000000001	1389.75	353.82	1030.15	631.53	929.2199999999998	1082.1200000000001	929.9699999999998	1145.38
Phosphotransferase system (PTS) [PATH:ko02060]	2273.14	4186.49	7142.140000000001	4056.3	6801.670000000001	2144.499999999999	10491.220000000001	9297.81	4333.899999999998	6814.0599999999995	5982.949999999999	2693.64	6526.800000000001	16892.16	15527.03	19282.170000000006	20905.269999999997	16453.969999999998
Photosynthesis [PATH:ko00195]	6556.080000000001	5559.919999999999	12558.36	6011.4000000000015	7337.68	2405.4	15248.959999999995	4094.8899999999994	5274.88	4603.919999999999	8421.030000000002	2904.6199999999994	6511.17	9310.629999999996	10116.249999999998	12970.619999999999	10780.610000000002	12266.549999999996
Photosynthesis proteins [BR:ko00194]	6581.080000000001	5563.919999999999	12618.36	6026.4000000000015	7350.68	2405.4	15315.279999999995	4120.799999999999	5372.71	4664.329999999999	8463.770000000002	2918.5299999999993	6602.59	9445.139999999996	10292.929999999998	13202.269999999999	10873.120000000003	12439.129999999996
Plant hormone signal transduction [PATH:ko04075]	0.0	0.0	0.0	0.0	0.0	11.8	0.0	0.0	0.0	0.0	0.0	0.0	0.0	0.0	0.0	0.0	0.0	0.0
Plant-pathogen interaction [PATH:ko04626]	3813.6699999999996	1835.2799999999997	5358.42	2336.4000000000005	2778.63	1153.05	8167.47	1653.75	3737.2599999999993	1941.57	5283.1900000000005	1516.0500000000002	3826.9600000000005	3204.0299999999997	3340.8499999999995	4574.28	3366.81	4218.0199999999995
Platinum drug resistance [PATH:ko01524]	462.25	378.82	703.5899999999998	511.0	459.75	161.25	1773.83	518.9200000000001	912.3399999999998	409.83999999999986	1252.3200000000004	329.24	1012.9900000000001	1315.7099999999994	1270.44	1837.8300000000006	1647.2400000000007	1411.3599999999997
Polyketide biosynthesis proteins [BR:ko01008]	0.0	4.0	1.67	8.0	94.0	0.0	93.01	40.5	25.25	82.25	23.25	54.989999999999995	60.0	311.26	169.99	122.01	144.99	218.48
Polyketide sugar unit biosynthesis [PATH:ko00523]	3912.19	2206.84	5052.299999999999	2682.7000000000007	3226.4700000000007	964.45	7258.120000000001	1776.7000000000003	3456.67	2269.42	5028.5	1485.01	3309.27	3902.9500000000003	4277.1900000000005	4981.099999999999	3428.8500000000004	4991.869999999999
Porphyrin and chlorophyll metabolism [PATH:ko00860]	16527.090000000004	9407.06	24653.38999999999	12559.199999999997	12331.130000000005	5760.650000000003	41211.33000000003	6928.9699999999975	19580.76	8905.899999999996	29059.270000000004	7900.999999999996	19316.11	16562.18	16986.520000000004	29899.050000000014	22670.43000000001	27176.84000000001
Prenyltransferases [BR:ko01006]	4357.7	2414.74	6385.659999999999	3017.3	3547.83	1140.2	11250.8	2770.7399999999993	5465.13	3249.8900000000003	7700.24	2201.38	5511.49	6679.340000000001	6982.979999999999	8747.73	6381.32	7687.849999999999
Primary bile acid biosynthesis [PATH:ko00120]	630.65	309.28	327.17	369.0	703.9200000000002	117.55	57.83	74.84	42.33	26.34	26.49	13.33	45.66	91.0	106.66	64.66	114.0	65.33
Primary immunodeficiency [PATH:ko05340]	578.27	274.73	1260.17	337.3	616.4700000000001	260.35	2179.85	703.6699999999998	1060.6300000000003	709.4999999999999	1480.7600000000004	512.78	1163.96	1583.3799999999994	1704.89	2068.67	1551.6399999999999	1779.2499999999995
Prion disease [PATH:ko05020]	0.0	22.0	14.0	11.0	1.0	14.8	462.65999999999997	29.0	184.5	32.0	277.5	30.099999999999998	420.64	390.98	509.45	587.42	326.71000000000004	146.79999999999998
Prodigiosin biosynthesis [PATH:ko00333]	3542.3200000000006	2197.4900000000002	5033.17	2353.2000000000003	2589.92	935.7	7516.63	1938.58	3482.290000000001	2081.27	4971.369999999999	1425.1100000000001	3449.7000000000007	4132.99	4300.2	5301.09	3900.230000000001	4464.649999999999
Progesterone-mediated oocyte maturation [PATH:ko04914]	908.76	528.0899999999998	1368.08	643.3000000000002	689.7900000000002	240.3	1703.61	305.49	887.58	468.91	1241.2400000000002	308.83	789.5800000000003	461.08	598.8299999999998	713.8299999999998	307.75	750.8299999999998
Prokaryotic defense system [BR:ko02048]	23397.709999999995	14511.440000000002	26735.99	14844.599999999995	19717.260000000002	4526.750000000002	47854.159999999996	13667.389999999998	21899.159999999996	13186.119999999997	30074.620000000006	8822.4	21836.249999999993	24775.620000000003	24897.81	35926.4	25235.45	32494.59000000001
Prolactin signaling pathway [PATH:ko04917]	366.75	335.82	793.42	428.5	532.92	237.05	711.77	298.49	246.27000000000004	225.5	367.17	137.36	371.64	893.25	715.3999999999999	1195.1	897.8500000000001	714.11
Propanoate metabolism [PATH:ko00640]	12993.770000000002	6663.740000000001	14927.55	8047.7	10037.310000000001	3223.9500000000003	22208.780000000002	6283.089999999999	10893.650000000001	5916.459999999998	15031.769999999999	4640.769999999999	11564.190000000002	14523.040000000003	14893.130000000003	20273.260000000017	16028.869999999997	17080.020000000004
Prostate cancer [PATH:ko05215]	908.76	528.0899999999998	1368.08	643.3000000000002	689.7900000000002	240.3	1703.61	305.49	887.58	468.91	1241.2400000000002	308.83	789.5800000000003	461.08	598.8299999999998	713.8299999999998	307.75	750.8299999999998
Proteasome [BR:ko03051]	909.51	594.8399999999998	1370.33	743.8000000000002	973.2900000000002	266.55	1804.62	337.34000000000003	915.08	474.41	1259.7400000000002	429.31999999999994	874.0800000000003	777.09	805.3199999999998	902.3399999999998	578.74	1090.4599999999996
Proteasome [PATH:ko03050]	0.25	22.25	0.75	33.5	94.5	8.75	25.67	5.17	4.0	1.0	0.5	24.33	22.5	104.67	63.33	53.67	72.33	93.99
Protein digestion and absorption [PATH:ko04974]	795.39	181.32	656.2800000000002	164.1	415.71	8.75	1457.4	351.5	889.0	574.0	1323.5	307.8400000000001	690.0	818.0	938.0	1010.0	321.0	867.5
Protein export [PATH:ko03060]	12982.120000000003	6972.44	17210.489999999998	8425.600000000002	9838.29	3322.2000000000003	29408.13	7743.099999999999	13598.900000000003	7945.139999999999	19873.78	5952.410000000001	14301.859999999997	17767.599999999995	17957.539999999997	23626.669999999995	18636.660000000003	20740.379999999997
Protein kinases [BR:ko01001]	6842.6900000000005	3405.69	8610.22	4051.7000000000003	5664.38	2481.65	10954.289999999997	3366.2899999999995	5227.08	3171.9299999999994	6068.669999999998	2350.2400000000007	5704.82	8852.44	8356.48	10540.3	9071.97	8485.1
Protein phosphatases and associated proteins [BR:ko01009]	3543.05	2151.74	4889.969999999999	2537.9000000000005	2985.9900000000007	1056.45	6441.12	1392.9899999999998	2834.7200000000003	1673.16	4264.56	1171.74	2761.42	2950.31	3022.4599999999996	3990.1299999999997	2801.1500000000005	3580.1499999999996
Protein processing	3963.0199999999995	2775.49	7627.240000000001	3764.0	4123.67	1700.1	12595.48	2641.3399999999997	5377.55	2746.05	7938.660000000001	2268.36	5520.829999999999	6025.969999999999	6201.469999999999	9111.35	7419.250000000001	7909.439999999998
Protein processing in endoplasmic reticulum [PATH:ko04141]	1811.6599999999999	948.7899999999997	2157.25	1083.6000000000001	1213.8300000000004	312.8	4017.0599999999995	584.83	1653.34	779.24	2562.2300000000005	600.3399999999999	1293.3400000000004	643.5799999999999	960.3299999999998	990.1599999999999	500.08000000000004	1274.9099999999999
Proteoglycans in cancer [PATH:ko05205]	1101.01	564.2399999999999	1394.6699999999996	676.8000000000002	794.71	260.05	2201.95	626.17	1109.94	636.83	1559.65	462.8	1107.0699999999997	1371.3599999999994	1394.41	1798.8	1366.9200000000005	1584.6799999999994
Proximal tubule bicarbonate reclamation [PATH:ko04964]	792.4	57.03	145.42	137.0	316.58	9.0	870.7499999999999	59.239999999999995	482.83000000000004	117.41	532.74	147.86	383.68000000000006	392.77000000000004	345.69	648.87	538.06	722.33
Purine metabolism [PATH:ko00230]	32567.53999999998	18273.84999999999	47541.549999999974	21816.19999999999	27557.74999999998	9286.600000000002	75014.41	21158.509999999995	36781.85000000001	21484.190000000006	51390.880000000005	15750.870000000003	36796.509999999995	47571.839999999975	48593.35000000002	62542.71999999999	48588.07000000001	54592.59999999998
Pyrimidine metabolism [PATH:ko00240]	26307.45999999999	15816.329999999994	37163.16999999999	18622.699999999993	22474.859999999997	6532.100000000003	58861.63000000002	17134.260000000002	29208.460000000006	17771.23	41061.43000000001	12207.39	28723.009999999995	37109.13	37861.29	48703.98000000001	37032.32	42245.12
Pyruvate metabolism [PATH:ko00620]	22182.619999999995	12195.839999999998	27991.97999999999	14666.999999999996	16445.120000000006	5495.700000000002	43932.469999999994	12676.369999999999	21345.88	12257.83	29478.400000000012	8960.279999999997	21318.2	28512.81999999998	28872.360000000008	37694.829999999994	29444.559999999998	32170.739999999994
Quorum sensing [PATH:ko02024]	23245.74999999999	16281.099999999997	38856.79999999999	20821.299999999992	23919.700000000004	9195.45	59302.09999999999	16301.469999999996	32630.75	17157.090000000004	40025.73000000001	12195.519999999999	29293.18	39211.07	38400.25	54278.250000000015	44872.469999999994	46112.640000000014
RIG-I-like receptor signaling pathway [PATH:ko04622]	0.0	0.0	0.0	0.0	0.0	0.0	41.0	132.99999999999997	20.66	35.33	8.0	8.33	33.67	48.17	71.67	16.33	39.67	40.91
RNA degradation [PATH:ko03018]	12886.800000000001	7638.04	18189.01	9014.600000000002	10814.039999999999	3719.3	26292.14	6886.099999999999	12675.78	7149.03	18181.820000000003	5360.2699999999995	12761.15	16203.07	16247.339999999998	21241.22	15834.000000000002	18254.409999999996
RNA polymerase [PATH:ko03020]	3336.42	2001.4399999999996	5080.939999999999	2451.4000000000005	2967.4700000000003	964.2	8379.529999999999	2589.2599999999998	3887.53	2489.57	5558.030000000001	1721.5899999999997	4200.589999999999	5642.119999999998	5606.88	7312.1900000000005	6043.930000000001	6299.169999999997
RNA transport [PATH:ko03013]	1389.64	1012.87	2291.8	947.3	1271.76	444.6	2686.79	852.5699999999999	1544.8700000000001	869.4100000000001	2080.6000000000004	616.57	1643.9000000000003	2137.6499999999996	2000.7100000000005	2561.15	1932.4199999999998	1815.3300000000004
Regulation of actin cytoskeleton [PATH:ko04810]	0.0	0.0	0.0	0.0	0.0	0.0	19.0	0.0	0.0	0.0	0.0	2.0	5.0	10.0	4.0	6.0	3.0	2.0
Regulation of lipolysis in adipocytes [PATH:ko04923]	0.0	0.0	0.0	0.0	0.0	0.0	8.0	0.5	2.5	0.5	7.5	3.0	0.0	0.0	0.0	0.0	0.0	0.0
Renal cell carcinoma [PATH:ko05211]	14.5	30.33	115.67	21.0	61.0	8.0	842.9099999999999	154.59999999999997	290.59	96.67	440.73	103.61	350.03	330.7	388.29	589.18	419.32	483.0
Renin-angiotensin system [PATH:ko04614]	30.0	31.7	105.2	85.8	43.5	0.0	509.95	106.0	235.0	215.0	283.5	96.45	264.35	248.6	409.2	348.7	160.4	340.1
Replication and repair	6074.240000000001	4680.71	9832.379999999997	5783.300000000001	6705.59	2202.6000000000004	18070.190000000002	5653.340000000001	8879.169999999998	5792.900000000001	11827.220000000001	3448.1499999999996	8981.51	12404.060000000003	12711.220000000001	18156.55	13197.039999999997	15386.259999999998
Retinol metabolism [PATH:ko00830]	349.9	31.63	77.05	91.5	350.63	12.5	631.65	213.5	142.85	356.94	251.5	71.76	266.25	844.25	860.6800000000001	1013.15	868.73	616.07
Retrograde endocannabinoid signaling [PATH:ko04723]	0.0	0.0	0.0	0.0	0.0	0.0	8.0	0.5	2.5	0.5	7.5	3.0	0.0	0.0	0.0	0.0	0.0	0.0
Riboflavin metabolism [PATH:ko00740]	3946.4400000000005	2010.15	6237.039999999999	2576.8	2692.62	1025.3	11549.69	2333.41	5566.290000000001	2877.6099999999997	8161.4800000000005	2239.2099999999996	5123.459999999999	5542.81	6147.5599999999995	7675.089999999999	4797.12	7564.8499999999985
Ribosome [BR:ko03011]	48432.40000000001	29626.210000000025	73499.20999999993	35808.69999999999	41675.13999999996	13496.799999999992	118323.93999999993	33157.75999999996	58967.94000000003	33752.16000000005	82880.76	24600.059999999983	58790.74999999999	73496.95999999999	74825.2600000001	96263.90000000008	73523.84999999999	84435.40999999996
Ribosome [PATH:ko03010]	48432.40000000001	29626.210000000025	73499.20999999995	35808.69999999999	41675.13999999996	13496.79999999999	118323.93999999992	33157.75999999995	58967.94000000004	33752.16000000005	82880.76	24600.05999999998	58790.75	73496.95999999999	74825.26000000008	96263.9000000001	73523.84999999998	84435.40999999995
Ribosome biogenesis [BR:ko03009]	37997.389999999985	24379.910000000014	60470.04999999999	28975.19999999999	33590.83999999998	12017.849999999993	85207.20000000003	26099.14999999998	43035.00000000001	25812.54000000002	57908.35000000004	17775.31	43659.669999999984	58624.32	58549.360000000015	77580.09000000003	59942.82000000001	64249.76999999999
Ribosome biogenesis in eukaryotes [PATH:ko03008]	909.51	593.2399999999999	1396.1699999999996	710.3000000000002	886.21	271.05	2396.2799999999997	641.3399999999999	1150.44	647.83	1620.65	500.83000000000004	1185.0099999999998	1636.8099999999995	1617.79	2064.49	1530.1600000000005	1718.2699999999995
Salivary secretion [PATH:ko04970]	220.0	148.76999999999995	388.37	103.3	80.42	28.5	729.65	349.5	293.44000000000005	351.59	419.18	194.54	307.72	835.3199999999998	874.47	1095.62	795.9300000000002	810.11
Salmonella infection [PATH:ko05132]	4345.42	2312.54	6380.470000000001	2968.9000000000005	3301.42	1383.6999999999998	8601.06	1923.1699999999998	3772.71	2041.73	5712.860000000001	1706.7099999999996	4002.0600000000004	3811.0900000000006	4077.1500000000015	5154.729999999999	4010.5799999999995	5044.91
Secondary bile acid biosynthesis [PATH:ko00121]	1538.65	1031.3799999999997	2156.38	1162.8000000000002	1464.8400000000001	546.45	1737.4499999999998	658.35	594.2700000000001	572.26	964.6500000000002	377.18	808.05	937.51	1053.79	1348.5900000000001	1258.28	1297.0899999999997
Secondary metabolism	0.0	0.5	0.0	41.0	1.5	0.0	153.66	18.0	39.5	9.0	60.5	40.7	49.44	154.78	155.04999999999998	211.01999999999998	71.91	32.6
Secretion system [BR:ko02044]	20308.889999999996	12260.949999999993	30948.119999999988	15846.599999999995	16458.34	6865.050000000002	57451.72	13304.97	24997.569999999996	12784.289999999999	35518.680000000015	10283.829999999998	26126.410000000003	31974.94	32174.860000000008	43133.790000000015	34588.12000000002	34680.340000000004
Selenocompound metabolism [PATH:ko00450]	6277.72	3464.9299999999994	9016.57	4272.5	5454.93	1872.9	14103.399999999998	3874.2400000000002	6448.200000000001	3978.29	9320.249999999998	2774.640000000001	6892.59	9092.66	9199.92	12457.119999999999	10184.93	11082.810000000001
Sesquiterpenoid and triterpenoid biosynthesis [PATH:ko00909]	46.0	0.0	0.0	0.0	10.66	0.0	0.0	0.66	0.0	0.0	0.0	0.0	0.0	0.0	0.0	0.0	0.0	0.0
Shigellosis [PATH:ko05131]	491.5	132.5	1186.5	271.0	310.5	370.0	2088.0	129.25	568.25	187.0	993.75	235.5	802.25	21.25	109.25	85.0	142.75	146.75
Signaling proteins	2739.53	2040.2399999999998	4666.8099999999995	2482.9000000000005	2796.6800000000003	948.95	6650.369999999999	1722.94	2982.8500000000004	1633.8300000000002	4413.55	1291.38	3140.56	4049.659999999999	3886.2999999999997	5512.029999999999	4228.430000000001	4420.669999999999
Small cell lung cancer [PATH:ko05222]	0.0	0.0	0.0	8.0	1.0	0.0	37.5	2.0	40.0	6.0	34.0	1.0	65.5	1.0	12.5	30.0	39.0	15.5
Sphingolipid metabolism [PATH:ko00600]	4683.29	1583.46	4203.92	1638.7000000000003	3806.41	944.2499999999999	4093.4400000000005	825.79	2073.73	1320.5799999999997	3027.3199999999997	1060.92	2009.2599999999998	3711.2200000000007	3613.810000000001	4231.509999999999	2485.1600000000003	3624.6699999999996
Sphingolipid signaling pathway [PATH:ko04071]	0.0	0.0	0.0	0.0	0.0	0.0	1.67	0.0	0.0	0.0	0.0	0.33	12.0	93.67	51.33	34.67	45.33	70.66
Spinocerebellar ataxia [PATH:ko05017]	280.14	8.14	0.71	8.0	128.95999999999998	0.0	37.5	2.0	40.0	6.0	34.0	1.0	65.5	1.0	12.5	30.0	39.0	15.5
Spliceosome [BR:ko03041]	0.0	0.0	0.0	0.0	0.0	0.0	0.0	0.0	0.0	0.0	2.0	1.2	0.6	7.6	9.2	14.2	36.4	51.6
Spliceosome [PATH:ko03040]	0.0	0.0	0.0	0.0	0.0	0.0	0.0	0.0	0.0	0.0	2.0	1.2	0.6	7.6	9.2	14.2	36.4	51.6
Staphylococcus aureus infection [PATH:ko05150]	3.0	6.420000000000002	1.02	8.0	44.27000000000001	49.0	1070.94	1411.52	361.10999999999996	721.3599999999999	406.86	413.2	1173.8000000000002	3135.310000000001	2693.63	3304.3199999999997	3630.879999999999	2017.5700000000002
Starch and sucrose metabolism [PATH:ko00500]	20479.17	14841.869999999999	31256.659999999993	14764.299999999997	21202.849999999995	7200.350000000003	33991.29000000001	14342.909999999998	15418.370000000006	13589.1	21837.690000000002	7833.639999999999	16818.499999999996	27513.209999999992	27423.340000000004	33846.38	30186.93	30274.799999999996
Steroid biosynthesis [PATH:ko00100]	23.0	0.0	0.0	0.0	5.33	0.0	0.0	0.33	0.0	0.0	0.0	0.0	0.0	0.0	0.0	0.0	0.0	0.0
Steroid hormone biosynthesis [PATH:ko00140]	254.76	20.89	0.71	85.0	171.96	0.0	72.0	0.0	44.5	5.5	36.5	9.5	55.0	0.5	2.0	0.0	1.5	1.5
Stilbenoid	0.0	0.0	0.0	0.0	0.0	0.0	100.91	12.91	92.08	55.41	31.24	5.16	67.08	39.33	67.83	147.82999999999996	64.5	159.07999999999996
Streptomycin biosynthesis [PATH:ko00521]	6652.9	3677.4299999999994	8517.219999999998	4390.100000000001	5563.530000000001	1768.1	12173.5	3171.84	6001.9000000000015	3922.49	8478.93	2603.43	5860.6799999999985	7353.119999999999	8062.35	9441.26	6759.490000000001	8493.999999999996
Structural proteins	4696.630000000001	1935.0	5607.63	2393.2999999999997	3173.2200000000003	607.55	13043.469999999998	3110.8199999999997	5929.04	4306.250000000001	8903.48	2394.7599999999998	5420.820000000001	7409.25	8398.150000000001	10643.199999999997	5938.190000000002	8463.050000000001
Styrene degradation [PATH:ko00643]	130.0	39.14	152.34	47.0	56.59	26.0	1136.65	182.39999999999998	650.3799999999999	218.32	584.76	174.60999999999999	611.12	932.3599999999999	1019.47	1291.1	1128.2999999999997	891.1799999999998
Sulfur metabolism [PATH:ko00920]	5986.58	3022.53	8203.34	3745.8000000000006	4473.5	1661.1999999999998	11273.89	2640.6699999999996	4557.74	2355.0199999999995	6634.299999999999	2353.96	5430.68	7976.549999999998	8343.15	11669.91	8554.29	9286.999999999998
Sulfur relay system [PATH:ko04122]	4914.32	3082.46	7312.32	3428.6000000000004	4216.47	1820.6	9399.609999999999	2585.74	4634.71	2298.1499999999996	6404.59	1912.64	4910.539999999999	5884.02	5183.6	7862.399999999999	6342.060000000001	6734.26
Synaptic vesicle cycle [PATH:ko04721]	0.0	0.0	0.0	0.0	0.0	0.0	0.0	0.0	0.0	0.0	0.0	0.0	11.0	0.0	0.0	0.0	0.0	0.0
Synthesis and degradation of ketone bodies [PATH:ko00072]	483.5	239.4	916.8399999999999	290.0	301.42	132.5	1586.0700000000006	528.74	854.9300000000002	369.82	1007.6699999999998	312.68	712.28	910.2499999999998	868.44	1066.71	1381.6099999999997	1102.25
Systemic lupus erythematosus [PATH:ko05322]	0.0	0.0	0.0	0.0	0.0	0.0	6.0	2.0	2.0	0.0	0.0	1.2	32.6	82.6	139.2	140.2	49.4	17.6
Taurine and hypotaurine metabolism [PATH:ko00430]	2422.9300000000003	1289.42	3005.34	1790.6000000000001	2226.9300000000003	646.1500000000001	5594.87	1857.3199999999997	3132.2000000000003	1839.2399999999998	3791.2000000000007	1182.36	2915.6000000000004	3776.18	3919.42	5085.99	3903.98	4268.4
Terpenoid backbone biosynthesis [PATH:ko00900]	10445.990000000002	5845.029999999998	15539.43	7063.600000000001	8172.510000000001	2820.05	24944.589999999997	6440.85	12088.130000000003	6933.2	16790.120000000003	4929.550000000001	11837.109999999999	13970.689999999999	14331.21	18346.390000000003	14221.899999999998	16740.350000000002
Th17 cell differentiation [PATH:ko04659]	908.76	528.0899999999998	1368.08	643.3000000000002	689.7900000000002	240.3	1703.61	305.49	887.58	468.91	1241.2400000000002	308.83	789.5800000000003	461.08	598.8299999999998	713.8299999999998	307.75	750.8299999999998
Thermogenesis [PATH:ko04714]	1509.82	698.32	1411.62	752.4	1292.34	166.0	4082.5	611.35	2058.6800000000003	984.98	2828.4600000000005	797.3300000000002	2060.359999999999	2015.5299999999997	2354.349999999999	2592.4700000000003	1357.6700000000003	2273.2
Thiamine metabolism [PATH:ko00730]	11743.450000000003	6211.49	15946.42	7169.200000000001	9033.76	3488.9500000000007	19969.41	5416.370000000001	10539.49	5836.81	14555.64	4209.45	10114.740000000002	12516.09	12750.18	15745.409999999998	11615.939999999999	14678.109999999997
Thyroid hormone signaling pathway [PATH:ko04919]	2205.16	1478.66	3200.89	1529.3	1916.91	780.9	3117.4499999999994	661.4999999999999	1067.94	704.33	1696.15	569.94	1183.2199999999998	1486.76	1442.71	2030.1	1547.0200000000002	1789.5799999999995
Thyroid hormone synthesis [PATH:ko04918]	357.5	253.51	683.2900000000001	125.6	104.13	84.5	1705.6299999999999	640.0	714.8799999999999	810.4200000000002	874.3300000000002	346.88	796.77	1732.6	1841.5	2046.7600000000002	1739.34	1886.7199999999993
Toll and Imd signaling pathway [PATH:ko04624]	192.0	4.0	0.0	0.0	4.0	0.0	0.0	0.0	0.0	1.0	0.0	0.0	0.0	12.0	11.0	0.0	6.0	32.0
Toluene degradation [PATH:ko00623]	0.0	0.0	0.0	0.0	0.0	0.0	0.0	0.0	0.0	0.0	0.0	0.0	8.0	0.0	4.0	0.0	32.0	4.0
Toxoplasmosis [PATH:ko05145]	0.0	0.0	0.0	8.0	1.0	0.0	37.5	2.0	40.0	6.0	34.0	1.0	65.5	1.0	12.5	30.0	39.0	15.5
Transcription	1240.51	857.38	2243.51	1147.8000000000002	1242.22	536.35	4056.21	1264.9999999999998	1776.06	1056.8199999999997	2325.4100000000003	761.87	1660.0900000000001	2691.4599999999996	2747.6100000000006	3506.3900000000003	3343.95	2852.5600000000004
Transcription factors [BR:ko03000]	26928.149999999994	19750.74	41480.64999999998	21689.3	25920.56999999999	9501.05	42261.85	15506.42	20011.15	13574.72	26997.86000000001	9236.489999999998	20973.320000000007	31527.92	30805.48	38832.18999999999	33650.08	32389.529999999988
Transcription machinery [BR:ko03021]	21184.82999999999	12776.47	31637.17999999999	13876.299999999997	16064.139999999998	5699.1500000000015	38086.210000000014	9561.6	18621.530000000002	11097.7	26322.860000000004	7798.509999999998	17978.379999999997	18810.049999999992	20211.92	25188.180000000008	17602.83	22926.37999999999
Transfer RNA biogenesis [BR:ko03016]	52058.12000000001	31993.72000000002	78475.01999999995	37493.9	44226.51999999996	14622.999999999985	122345.49000000005	34239.06999999999	61816.29000000003	35390.400000000016	85892.99	25088.149999999987	60816.69999999995	75924.06999999999	76771.21000000002	101115.6600000001	75234.07000000004	85756.72999999997
Translation	1084.5	736.9000000000001	1284.1800000000003	890.0	741.75	278.8	1880.78	318.5	812.2000000000002	295.41999999999996	1062.17	297.45	704.81	750.6600000000001	722.79	910.2900000000001	1065.5899999999997	837.8599999999997
Translation factors [BR:ko03012]	14060.060000000001	8589.419999999998	20950.339999999997	10334.5	12111.529999999997	3872.1000000000013	34506.920000000006	9592.31	17330.660000000003	9660.949999999999	24400.99	7094.780000000001	16902.6	20707.549999999996	20912.249999999996	27833.759999999995	20782.550000000003	23988.01
Transport	9746.079999999998	5317.9	12754.990000000002	6614.5	8503.619999999999	2535.8	17687.530000000002	4280.250000000001	8658.32	5103.849999999999	11210.84	3288.9699999999993	8799.970000000003	10447.92	11492.7	15039.390000000001	11127.77	12976.65
Transporters [BR:ko02000]	141513.53999999983	93237.99000000002	219386.24000000028	113301.10000000017	138752.84999999986	51723.10000000005	308319.38	91981.9700000001	154361.46999999994	93816.5500000001	202249.23999999976	62972.08999999996	157054.1999999999	211710.7999999997	209644.87000000005	287927.6700000006	237472.7500000001	239343.04000000024
Tropane	2009.92	909.0	2899.41	1246.4	1613.88	472.6	4721.61	776.9000000000001	1754.8600000000004	914.9900000000001	2735.6500000000005	881.55	1849.8700000000006	1413.48	1982.1799999999996	2422.6000000000004	1722.4699999999996	2634.480000000001
Tryptophan metabolism [PATH:ko00380]	1831.89	694.5100000000001	1772.64	1181.5	1092.54	348.35	4399.6	1289.17	2462.15	927.5	2965.8299999999995	934.9500000000002	2496.41	3520.82	3354.49	4155.819999999999	3042.2200000000003	2956.7599999999993
Tuberculosis [PATH:ko05152]	2980.17	1711.4299999999998	4269.719999999999	1969.9000000000005	2386.26	786.1500000000001	6030.0	1806.9299999999998	2991.36	1737.42	4197.31	1272.58	2945.7499999999995	3580.499999999999	3703.83	4612.41	3669.6400000000012	4260.579999999999
Two-component system [BR:ko02022]	11024.869999999999	5943.490000000001	15708.410000000002	7568.6	9324.619999999999	4430.55	18867.239999999998	4621.069999999999	8229.5	4537.489999999999	10243.779999999995	3427.590000000001	8611.32	12618.120000000003	11742.720000000003	14851.39	13565.93	10917.999999999998
Two-component system [PATH:ko02020]	30142.169999999987	14204.659999999998	40987.549999999996	18747.899999999994	21798.510000000002	10268.150000000001	62913.1	14498.239999999996	28835.45	14974.71	38102.79000000001	11079.58	28665.579999999987	33609.00999999999	33373.80000000002	42750.47	36636.06000000001	34006.08
Type I diabetes mellitus [PATH:ko04940]	1187.02	591.8799999999999	1396.1299999999997	761.8000000000002	969.0000000000001	262.3	2325.6099999999997	705.5	1142.6000000000001	662.83	1592.63	483.79	1148.2299999999996	1480.3599999999992	1460.4	1879.13	1435.5800000000002	1720.9999999999995
Type II diabetes mellitus [PATH:ko04930]	912.51	575.91	1379.0	676.8000000000002	803.71	272.05	2612.9300000000007	673.3299999999998	939.76	616.16	1454.16	439.79000000000013	1108.2999999999997	1418.2	1445.7300000000007	1823.8099999999995	1472.1	1668.1699999999994
Tyrosine metabolism [PATH:ko00350]	2652.9300000000003	1533.4499999999998	3700.0499999999997	1931.9	2691.9300000000003	667.1500000000001	5920.049999999999	1190.3100000000002	2320.9	1268.7600000000002	3348.07	1124.79	2672.2300000000005	3540.91	3988.52	4910.63	3921.46	4011.9700000000007
Ubiquinone and other terpenoid-quinone biosynthesis [PATH:ko00130]	2324.15	703.6100000000001	2139.3800000000006	1171.2999999999997	1318.89	143.55	8993.029999999999	1267.23	2573.8500000000004	2101.5000000000005	4673.490000000001	1259.97	3555.3599999999997	4583.670000000001	5145.430000000001	6330.519999999999	4781.119999999999	5592.390000000001
Ubiquitin system [BR:ko04121]	253.39	52.39	37.46	33.5	220.45999999999998	9.75	331.3300000000001	29.17	276.75	59.0	417.0	125.5	285.34	469.52000000000004	290.18	379.16	185.17000000000002	352.82000000000005
Unclassified viral proteins	1987.52	1370.2599999999998	3262.0599999999995	1426.1000000000004	1830.2200000000003	621.4000000000001	5004.639999999999	1639.2599999999998	2452.6800000000003	1647.5800000000002	3370.8900000000003	1014.8499999999999	2614.99	3629.4299999999994	3673.83	4689.25	3883.530000000001	4005.7699999999986
Valine	13739.400000000003	7502.089999999998	17138.62	9902.100000000002	11640.42	3919.1000000000004	26374.649999999998	4978.4	11226.400000000001	5092.500000000001	16840.61	5003.829999999999	11801.720000000001	15870.93	15103.9	21875.059999999998	18154.440000000002	18652.999999999996
Vancomycin resistance [PATH:ko01502]	6238.83	4064.579999999999	9449.28	4789.800000000001	5397.51	1796.6499999999999	12361.56	4372.26	7115.77	4026.8199999999997	9526.69	2797.07	6752.9	8894.489999999998	8747.4	11267.86	8406.1	9426.239999999998
Various types of N-glycan biosynthesis [PATH:ko00513]	2193.14	248.23	500.97	498.0	1375.94	13.0	1381.85	308.14	625.49	516.6700000000002	860.3299999999998	328.19	645.84	2436.7699999999995	2079.54	2733.65	1460.26	1644.3699999999994
Vasopressin-regulated water reabsorption [PATH:ko04962]	0.0	0.0	0.0	0.0	0.0	0.0	0.0	0.0	0.0	0.0	0.0	0.0	11.0	0.0	0.0	0.0	0.0	0.0
Vibrio cholerae infection [PATH:ko05110]	0.0	0.0	0.0	0.0	0.0	0.0	30.0	1.0	5.0	0.0	17.0	1.0	32.0	55.0	126.0	35.0	6.0	6.0
Viral carcinogenesis [PATH:ko05203]	912.01	575.91	1379.0	676.8000000000002	803.71	272.05	2154.9300000000007	637.3299999999998	875.76	590.66	1251.16	413.79000000000013	957.7999999999997	1417.7	1418.7300000000007	1815.8099999999995	1444.6	1619.6699999999994
Viral myocarditis [PATH:ko05416]	0.0	0.0	0.0	8.0	1.0	0.0	37.5	2.0	40.0	6.0	34.0	1.0	65.5	1.0	12.5	30.0	39.0	15.5
Viral proteins [BR:ko03200]	32.0	12.0	0.0	16.0	295.0	0.0	205.25	33.5	86.0	205.0	74.0	23.0	79.0	116.0	218.0	244.0	60.0	108.25
Vitamin B6 metabolism [PATH:ko00750]	4213.950000000001	2059.2	5412.249999999998	2566.8000000000006	3250.9400000000005	1043.25	8188.24	1986.17	3864.34	2266.8300000000004	6011.1900000000005	1709.4199999999998	3989.1	5231.86	5351.889999999999	6602.15	4238.86	5435.08
Xylene degradation [PATH:ko00622]	540.14	21.42	135.26	15.0	110.42	18.0	831.29	274.16	342.21000000000004	210.08999999999997	431.60999999999996	136.51	453.87	1226.85	1127.7299999999998	1546.01	1527.35	894.48
Yersinia infection [PATH:ko05135]	0.0	0.0	0.0	0.0	0.0	0.0	5.0	4.0	2.0	0.0	0.0	12.0	1.0	0.0	1.0	0.0	0.0	0.0
Zeatin biosynthesis [PATH:ko00908]	1209.27	620.8299999999998	1704.58	699.6	921.17	260.05	2981.4	805.6699999999997	1612.19	935.33	2272.15	631.47	1476.57	1776.86	1840.41	2276.2999999999993	1525.9200000000005	1988.4299999999994
alpha-Linolenic acid metabolism [PATH:ko00592]	2.62	0.25	0.0	0.0	2.5	0.0	193.75	11.0	31.75	9.0	91.5	16.12	161.1	118.6	192.7	197.7	106.4	84.6
beta-Alanine metabolism [PATH:ko00410]	1968.03	1025.1499999999999	2909.29	1243.6	1495.8700000000001	497.75	4566.11	1013.15	2404.0699999999997	1200.73	3300.3500000000004	935.9599999999999	2296.03	1667.1200000000001	1915.39	2535.53	1515.0499999999997	2465.25
beta-Lactam resistance [PATH:ko01501]	9365.06	5438.379999999998	10855.02	7022.600000000001	8762.76	2321.7000000000003	17499.78	5229.32	8031.61	5581.07	11091.7	3438.3499999999995	8594.68	13863.660000000002	14298.069999999998	19195.760000000002	14752.150000000001	15035.320000000002
mRNA surveillance pathway [PATH:ko03015]	0.0	0.0	0.0	0.0	0.0	0.0	0.0	0.0	0.0	0.0	0.0	0.2	0.6	0.6	3.2	0.2	30.4	17.6
p53 signaling pathway [PATH:ko04115]	0.0	0.0	0.0	8.0	1.0	0.0	37.5	2.0	40.0	6.0	34.0	1.0	65.5	1.0	12.5	30.0	39.0	15.5
