All	KO	OE	WT
4.087655	3.350460	3.757422	5.155082
3.8152	5.558035	2.601842	3.285722
2.55024	2.185090	2.340584	3.125044
2.140402	2.241395	1.637221	2.542591
1.682259	1.160748	2.113906	1.772124
1.647391	2.5792971	0.9900372	1.3728374
1.608312	1.542796	1.541521	1.740620
1.32294	1.250731	1.358131	1.359958
1.171698	1.7104776	0.8135600	0.9910573
1.059326	1.016038	1.027546	1.134396
1.020652	0.8903433	1.0701865	1.1014275
0.965427	1.0190087	0.9975576	0.8797156
0.953012	0.9602566	0.8173035	1.0814769
0.955727	0.6501082	1.2850937	0.9319798
0.884784	0.7284883	0.8386929	1.0871699
0.818969	1.1352386	0.5371338	0.7845347
0.788059	0.6361047	0.7271198	1.0009520
0.68702	0.7403852	0.6521806	0.6684931
0.66798	0.5843865	0.3250978	1.0944569
0.60229	0.4331189	0.6619629	0.7117868
0.587963	0.5654105	0.5349008	0.6635770
0.578217	0.6780124	0.4792401	0.5773981
0.572244	0.4856689	0.5126571	0.7184064
0.561092	0.6254525	0.5712235	0.4865986
0.540309	0.4988984	0.5695263	0.5525037
0.544893	0.4320063	0.6040468	0.5986266
0.536881	0.8521452	0.3545246	0.4039731
0.534602	0.7346678	0.3001442	0.5689927
0.519779	0.5066316	0.5574535	0.4952517
0.511333	0.6147319	0.3682161	0.5510509
0.498403	0.5177759	0.4940742	0.4833595
0.483516	0.4005057	0.5246654	0.5253777
0.471847	0.4492314	0.4258816	0.5404283
0.478347	0.3206752	0.4423978	0.6719679
0.467033	0.5287856	0.3750773	0.4972348
0.460998	0.2361030	1.0168745	0.1300172
0.459957	0.3051735	0.4684841	0.6062145
0.426823	0.5121302	0.3629716	0.4053664
0.42138	0.3690167	0.3338263	0.5612964
0.405977	0.6927748	0.2114224	0.3137344
0.4035	0.3138709	0.4486637	0.4479643
0.402298	0.4771268	0.3367792	0.3929889
0.403104	0.5855186	0.2742607	0.3495331
0.369825	0.3504802	0.4683829	0.2906120
0.371435	0.4379640	0.2766409	0.3996990
0.370394	0.1152714	0.3548439	0.6410673
0.363643	0.5458027	0.1829960	0.3621290
0.365268	0.5391613	0.2191014	0.3375401
0.353669	0.2996367	0.3233424	0.4380285
0.346973	0.2903246	0.3503121	0.4002834
0.326782	0.4685754	0.3842420	0.1275276
0.326747	0.3198066	0.3351689	0.3252667
0.319143	0.3054904	0.2985214	0.3534186
0.317824	0.4196037	0.3257414	0.2081271
0.314832	0.2035511	0.3076644	0.4332801
0.313768	0.3028468	0.2743185	0.3641373
0.305434	0.4070086	0.2546776	0.2546154
0.303548	0.3307901	0.3018563	0.2779966
0.286169	0.3836806	0.2126821	0.2621451
0.277077	0.1019391	0.6209172	0.1083748
0.26923	0.3800652	0.1754226	0.2522020
0.267179	0.2510706	0.2492620	0.3012037
0.2547	0.2448628	0.2924339	0.2268024
0.248788	0.3612380	0.1682887	0.2168363
0.24909	0.1819185	0.2829980	0.2823537
0.244272	0.3159761	0.1665257	0.2503133
0.241635	0.1648000	0.3317910	0.2283142
0.234013	0.2955074	0.1878574	0.2186737
0.233404	0.2292461	0.2352279	0.2357374
0.236169	0.55421141	0.07306628	0.08122876
0.231906	0.1802222	0.1928145	0.3226823
0.229103	0.3306687	0.1876387	0.1690025
0.226573	0.3965028	0.1211157	0.1621002
0.222001	0.3204771	0.1647375	0.1807894
0.223174	0.2377486	0.2262112	0.2055637
0.215276	0.1989037	0.1975093	0.2494153
0.20795	0.0911544	0.1487434	0.3839520
0.207391	0.1810349	0.1643621	0.2767749
0.207167	0.1722348	0.2067091	0.2425569
0.205768	0.1739101	0.2757717	0.1676211
0.202552	0.1444338	0.2856362	0.1775847
0.19571	0.2476624	0.1673143	0.1721547
0.19733	0.1269043	0.1795087	0.2855759
0.195129	0.1942377	0.1726800	0.2184691
0.188207	0.2519903	0.1183506	0.1942807
0.189353	0.2238304	0.1875554	0.1566721
0.184368	0.22664531	0.27417027	0.05228707
0.185957	0.2649558	0.1422043	0.1507113
0.182893	0.1562004	0.1408599	0.2516184
0.181045	0.1121644	0.1470901	0.2838807
0.182809	0.1284376	0.2122597	0.2077290
0.18204	0.33611703	0.14920000	0.06080209
0.177697	0.1840267	0.1647915	0.1842717
0.17324	0.1429871	0.2270183	0.1497150
0.169172	0.2273762	0.1639848	0.1161551
0.174987	0.1696095	0.1655192	0.1898325
0.171455	0.1999377	0.1297262	0.1847018
0.167451	0.2225707	0.1369200	0.1428611
0.162723	0.1661059	0.1387195	0.1833435
0.1636	0.2455743	0.1245261	0.1206994
