#OTU ID	feces1	feces2	feces3	feces4	feces5	feces6	plaque1	plaque2	plaque3	plaque4	plaque5	plaque6	saliva1	saliva2	saliva3	saliva4	saliva5	saliva6
589277	166	4	0	0	2	0	0	0	0	0	0	0	0	0	0	0	0	0
4378081	15	0	0	0	0	0	0	0	0	0	0	0	0	0	0	0	0	0
172777	6	0	0	0	1	0	0	0	0	0	0	0	0	0	0	0	0	0
2921213	3	0	0	0	0	0	0	0	0	0	0	0	0	0	0	0	0	0
214450	103	11	0	0	0	0	0	0	0	0	0	0	0	0	0	0	0	0
190220	78	2	59	2	0	0	0	0	0	0	0	0	0	0	0	0	0	0
365717	69	99	19	9	37	0	0	0	0	0	0	0	0	0	0	0	0	0
181432	29	1	0	0	0	0	0	0	0	0	0	0	0	0	0	0	0	0
163243	41	0	0	0	0	0	0	0	0	0	0	0	0	0	0	0	0	0
157327	1	0	0	0	0	0	0	0	0	0	0	0	0	0	0	0	0	0
2816368	67	0	0	0	4	0	0	1	0	0	0	0	0	0	0	0	0	0
183048	1	0	0	0	0	0	0	0	0	0	0	0	0	0	0	0	0	0
4300690	5	2	2	1	0	0	0	0	0	0	0	0	0	0	0	0	0	0
261328	2	0	7	1	0	0	0	0	0	0	0	0	0	0	0	0	0	0
360808	1	0	5	0	0	0	0	0	0	0	0	0	0	0	0	0	0	0
1952	19	2	0	0	0	0	0	0	0	0	0	0	0	0	0	0	0	0
2545906	6	1	0	0	0	0	0	0	0	0	0	0	0	0	0	0	0	0
220168	9	6	68	0	0	0	0	0	0	0	0	0	0	0	0	0	0	0
584541	1	0	0	0	1	0	0	0	0	0	0	0	0	0	0	0	0	0
208790	16	0	0	0	0	1	0	0	0	0	0	0	0	0	0	0	0	0
313968	6	1	1	31	10	0	0	1	0	0	0	0	0	0	0	0	0	0
16054	13	0	1	0	4	0	0	0	0	0	0	0	0	0	0	0	0	0
4453609	1	12	0	51	42	0	0	0	0	0	0	0	0	0	0	0	0	0
363232	3	5	11	5	0	1	0	0	0	0	0	0	0	0	0	0	0	0
528753	3	0	0	7	3	0	0	0	0	0	0	0	0	0	0	0	0	0
210647	22	0	1	0	17	0	0	0	0	0	0	0	0	0	0	0	0	0
360508	3	0	0	0	0	0	0	0	0	0	0	0	0	0	0	0	0	0
362997	8	0	0	0	1	0	0	0	0	0	0	0	0	0	0	0	0	0
166908	1	0	0	0	0	0	0	0	0	0	0	0	0	0	0	0	0	0
4324240	1	0	1	0	1	0	0	0	0	0	0	0	0	0	0	0	0	0
306896	44	0	0	0	0	0	0	0	0	0	0	0	0	0	0	0	0	0
3472078	11	0	0	0	0	0	0	0	0	0	0	0	0	0	0	0	0	0
212698	17	76	54	10	54	9	0	0	0	1	0	0	0	0	0	0	0	0
363794	5	6	15	3	1	6	1	0	0	0	0	0	0	0	0	0	0	0
3220518	4	3	7	0	6	2	0	0	0	0	1	0	0	0	0	0	0	0
2272349	11	0	0	77	27	11	0	0	0	0	0	0	0	0	0	0	0	0
370287	3	7	2	0	4	0	0	0	0	0	0	0	0	0	0	0	0	0
359158	5	4	4	13	13	6	0	0	0	0	0	0	0	0	0	0	0	0
180328	3	0	0	0	0	0	0	0	0	0	0	0	0	0	0	0	0	0
573110	1	0	0	0	0	0	0	0	0	0	0	0	0	0	0	0	0	0
362846	7	0	0	0	0	0	0	0	0	0	0	0	0	0	0	0	0	0
925131	15	0	11	0	0	0	0	0	0	0	0	0	0	0	0	0	0	0
315589	7	2	27	0	0	0	0	0	0	0	0	0	0	0	0	0	0	0
3186216	1	0	0	0	0	0	0	0	0	0	0	0	0	0	0	0	0	0
195865	4	1	18	2	7	14	0	0	0	0	0	0	0	0	0	0	0	0
2056702	1	0	0	0	1	0	0	0	0	0	0	0	0	0	0	0	0	0
2363623	2	0	0	0	0	0	0	0	0	0	0	0	0	0	0	0	0	0
210371	3	0	3	0	0	0	0	0	0	0	0	0	0	0	0	0	0	0
563572	2	0	0	0	0	0	0	0	0	0	0	0	0	0	0	0	0	0
584463	4	0	0	1	7	0	0	0	0	0	0	0	0	0	0	0	0	0
4375889	4	0	6	0	0	0	0	0	0	0	0	0	0	0	0	0	0	0
188676	1	0	0	0	0	0	0	0	0	0	0	0	0	0	0	0	0	0
184570	1	2	2	2	2	0	0	0	0	0	0	0	0	0	0	0	0	0
4371957	1	0	3	1	3	0	0	0	0	0	0	0	0	0	0	0	0	0
197708	5	3	3	4	0	0	0	0	0	0	0	0	0	0	0	0	0	0
3581686	11	0	1	0	2	0	0	0	0	0	0	0	0	0	0	0	0	0
525215	11	26	69	9	3	0	0	0	0	0	0	0	0	0	0	0	0	0
4012190	11	0	0	0	0	0	0	0	0	0	0	0	0	0	0	0	0	0
4234212	4	0	0	0	0	0	0	0	0	0	0	0	0	0	0	0	0	0
177623	2	0	0	0	0	0	0	0	0	0	0	0	0	0	0	0	0	0
86170	5	36	20	6	14	6	0	0	0	0	0	0	0	0	0	0	0	0
4414478	1	0	0	0	0	0	0	0	0	0	0	0	0	0	0	0	0	0
2085032	1	0	0	0	0	0	0	0	0	0	0	0	0	0	0	0	0	0
843553	6	0	19	1	1	0	0	0	0	0	0	0	0	0	0	0	0	0
163494	1	0	0	0	0	0	0	0	0	0	0	0	0	0	0	0	0	0
851865	10	32	2	1	32	0	0	0	0	0	0	0	0	0	0	0	0	0
4453304	2	0	0	0	0	0	0	0	0	0	0	0	0	0	0	0	0	0
575407	2	0	0	0	0	0	0	0	0	0	0	0	0	0	0	0	0	0
180674	3	0	0	0	3	0	0	0	0	0	0	0	0	0	0	0	0	0
355291	2	0	0	0	0	0	0	0	0	0	0	0	0	0	0	0	0	0
3186392	5	3	0	3	0	0	0	0	0	0	0	0	0	0	0	0	0	0
167882	5	0	4	2	0	0	0	0	0	0	0	0	0	0	0	0	0	0
148722	1	0	0	0	0	0	0	0	0	0	0	0	0	0	0	0	0	0
195583	1	0	0	0	0	0	0	0	0	0	0	0	0	0	0	0	0	0
148987	2	0	0	0	6	0	0	0	0	0	0	0	0	0	0	0	0	0
4462107	5	0	3	0	7	2	0	0	0	0	0	0	0	0	0	0	0	0
2061739	2	0	0	0	1	0	0	0	0	0	0	0	0	0	0	0	0	0
194572	4	3	1	0	34	0	0	0	0	0	0	0	0	0	0	0	0	0
180637	1	0	0	0	0	0	0	0	0	0	0	0	0	0	0	0	0	0
580008	3	3	0	0	7	11	0	0	0	0	0	0	0	0	0	0	0	0
772282	2	0	0	3	1	0	0	0	0	0	0	0	0	0	0	0	0	0
2320424	8	22	0	1	0	0	0	0	0	0	0	0	0	0	0	0	0	0
365220	1	0	1	0	6	0	0	0	0	0	0	0	0	0	0	0	0	0
125624	4	2	7	0	1	1	0	0	0	0	0	0	0	0	0	0	0	0
213885	1	0	1	0	1	0	0	0	0	0	0	0	0	0	0	0	0	0
4384346	1	2	0	0	0	0	0	0	0	0	0	0	0	0	0	0	0	0
2283111	1	0	0	0	0	0	0	0	0	0	0	0	0	0	0	0	0	0
199245	1	1	0	0	0	0	0	0	0	0	0	0	0	0	0	0	0	0
572476	11	0	0	0	11	0	0	0	0	0	0	0	0	0	0	0	0	0
192058	1	0	1	0	0	0	0	0	0	0	0	0	0	0	0	0	0	0
2854740	1	0	0	0	0	3	0	0	0	0	0	0	0	0	0	0	0	0
113919	1	0	0	0	0	0	0	0	0	0	0	0	0	0	0	0	0	0
183496	2	0	0	0	0	0	0	0	0	0	0	0	0	0	0	0	0	0
569017	1	0	0	1	0	0	0	0	0	0	0	0	0	0	0	0	0	0
4401375	1	0	0	0	0	0	0	0	0	0	0	0	0	0	0	0	0	0
4464173	2	0	0	0	0	0	0	0	0	0	0	0	0	0	0	0	0	0
1604555	2	0	0	0	0	0	0	0	0	0	0	0	0	0	0	0	0	0
520774	2	3	1	0	0	0	0	0	0	0	0	0	0	0	0	0	0	0
4446669	3	0	0	0	0	0	0	0	0	0	0	0	0	0	0	0	0	0
4278525	3	0	0	0	16	0	0	0	0	0	0	0	0	0	0	0	0	0
4457438	3	2	16	1	7	9	0	0	0	0	0	0	0	0	0	0	0	0
182008	3	0	0	0	0	0	0	0	0	0	0	0	0	0	0	0	0	0
4020502	1	0	0	0	0	0	0	0	0	0	0	0	0	0	0	0	0	0
194532	3	3	4	0	0	0	0	0	0	0	0	0	0	0	0	0	0	0
2951214	3	1	24	6	6	0	0	0	0	0	0	0	0	0	0	0	0	0
354334	1	0	0	0	0	0	0	0	0	0	0	0	0	0	0	0	0	0
121873	1	0	0	0	0	0	0	0	0	0	0	0	0	0	0	0	0	0
369027	1	0	0	0	1	1	0	0	0	0	0	0	0	0	0	0	0	0
361966	3	1	0	1	0	0	0	0	0	0	0	0	0	0	0	0	0	0
322571	1	0	1	28	0	0	0	0	0	0	0	0	0	0	0	0	0	0
513010	2	0	0	0	0	0	0	0	0	0	0	0	0	0	0	0	0	0
229348	1	0	0	0	0	0	0	0	0	0	0	0	0	0	0	0	0	0
2532173	3	0	0	0	0	0	0	0	0	0	0	0	0	0	0	0	0	0
362968	3	0	3	5	0	0	0	0	0	0	0	0	0	0	0	0	0	0
3154070	1	0	0	0	0	0	0	0	0	0	0	0	0	0	0	0	0	0
1062061	1	2	6	0	0	1	0	0	0	0	0	0	0	0	0	0	0	0
211191	3	0	0	0	0	0	0	0	0	0	0	0	0	0	0	0	0	0
3486634	2	0	0	0	2	0	0	0	0	0	0	0	0	0	0	0	0	0
366068	3	9	5	0	3	0	0	0	0	0	0	0	0	0	0	0	0	0
305946	3	0	0	0	1	0	0	0	0	0	0	0	0	0	0	0	0	0
184000	1	0	0	0	0	0	0	0	0	0	0	0	0	0	0	0	0	0
370190	1	6	0	3	2	0	0	0	0	0	0	0	0	0	0	0	0	0
4365130	1	0	0	0	0	0	0	0	0	0	0	0	0	0	0	0	0	0
4226929	4	0	0	0	0	0	0	0	0	0	0	0	0	0	0	0	0	0
3943186	1	0	0	0	0	0	0	0	0	0	0	0	0	0	0	0	0	0
535375	1	0	0	0	0	0	0	0	0	0	0	0	0	0	0	0	0	0
19080	2	0	0	0	0	0	0	0	0	0	0	0	0	0	0	0	0	0
182668	1	0	22	0	0	0	0	0	0	0	0	0	0	0	0	0	0	0
4103317	1	0	0	0	0	0	0	0	0	0	0	0	0	0	0	0	0	0
363358	1	2	0	0	0	0	0	0	0	0	0	0	0	0	0	0	0	0
367213	1	5	9	8	19	0	0	0	0	0	0	0	0	0	0	0	0	0
165346	1	4	1	19	0	0	0	0	0	0	0	0	0	0	0	0	0	0
364179	2	0	0	0	1	0	0	0	0	0	0	0	0	0	0	0	0	0
365634	1	0	0	0	0	0	0	0	0	0	0	0	0	0	0	0	0	0
186263	2	0	34	0	1	1	0	0	0	0	0	0	0	0	0	0	0	0
358944	1	0	0	0	0	0	0	0	0	0	0	0	0	0	0	0	0	0
3449121	2	0	0	0	0	0	0	0	0	0	0	0	0	0	0	0	0	0
308598	1	0	0	0	0	0	0	0	0	0	0	0	0	0	0	0	0	0
198273	1	0	0	0	0	0	0	0	0	0	0	0	0	0	0	0	0	0
229905	1	0	0	0	0	0	0	0	0	0	0	0	0	0	0	0	0	0
15728	1	0	0	0	2	0	0	0	0	0	0	0	0	0	0	0	0	0
165118	1	0	1	0	0	0	0	0	0	0	0	0	0	0	0	0	0	0
754778	1	0	0	0	0	0	0	0	0	0	0	0	1	0	0	0	0	0
4349261	1	1	2	3	1	0	0	0	0	0	0	0	0	0	0	0	0	0
4352760	6	0	0	0	0	0	0	0	0	0	0	0	0	0	0	0	0	0
840376	2	0	0	0	0	0	0	0	0	0	0	0	0	0	0	0	0	0
3430935	1	0	0	0	1	0	0	0	0	0	0	0	0	0	0	0	0	0
215855	1	11	0	0	0	0	0	0	0	0	0	0	0	0	0	0	0	0
177360	1	0	0	0	0	0	0	0	0	0	0	0	0	0	0	0	0	0
3845864	1	0	0	0	0	0	0	0	0	0	0	0	0	0	0	0	0	0
190938	1	2	5	2	2	1	0	0	0	0	0	0	0	0	0	0	0	0
198468	3	0	0	0	1	0	0	0	0	0	0	0	0	0	0	0	0	0
183781	1	0	0	0	0	0	0	0	0	0	0	0	0	0	0	0	0	0
4342682	1	1	0	0	0	0	0	0	0	0	0	0	0	0	0	0	0	0
352933	4	0	0	0	0	0	0	0	0	0	0	0	0	0	0	0	0	0
212686	1	0	0	0	0	0	0	0	0	0	0	0	0	0	0	0	0	0
847228	1	0	0	0	0	0	0	0	0	0	0	0	0	0	0	0	0	0
190171	1	0	0	0	0	0	0	0	0	0	0	0	0	0	0	0	0	0
1749610	3	0	0	0	0	0	0	0	0	0	0	0	0	0	0	0	0	0
180285	1	4	0	0	0	0	0	0	0	0	0	0	0	0	0	0	0	0
3387754	1	0	0	0	0	0	0	0	0	0	0	0	0	0	0	0	0	0
2876801	1	0	0	0	0	0	0	0	0	0	0	0	0	0	0	0	0	0
1764594	1	3	4	6	9	2	0	0	0	0	0	0	0	0	0	0	0	0
4392188	1	0	0	0	0	0	0	0	0	0	0	0	0	0	0	0	0	0
2774254	1	0	0	0	0	0	0	0	0	0	0	0	0	0	0	0	0	0
296113	1	0	0	0	0	0	0	0	0	0	0	0	0	0	0	0	0	0
843808	3	0	0	1	0	0	0	0	0	0	0	0	0	0	0	0	0	0
364736	1	3	0	0	0	0	0	0	0	0	0	0	0	0	0	0	0	0
185192	1	0	0	0	0	0	0	0	0	0	0	0	0	0	0	0	0	0
213487	1	0	0	0	0	0	0	0	0	0	0	0	0	0	0	0	0	0
824876	1	25	2	0	0	9	0	0	0	0	0	0	0	0	0	0	0	0
369109	1	0	0	0	0	0	0	0	0	0	0	0	0	0	0	0	0	0
4174105	1	0	0	0	0	0	0	0	0	0	0	0	0	0	0	0	0	0
2372755	1	0	0	0	0	0	23	0	6	2	15	1	3	0	0	0	0	0
327171	1	0	0	0	0	0	0	0	0	0	0	0	0	0	0	0	0	0
361398	1	0	1	0	0	0	0	0	0	0	0	0	0	0	0	0	0	0
294791	1	0	1	0	0	0	0	0	0	0	0	0	0	0	0	0	0	0
179425	1	0	0	0	0	0	0	0	0	0	0	0	0	0	0	0	0	0
188990	1	0	0	0	1	0	0	0	0	0	0	0	0	0	0	0	0	0
269327	1	1	4	0	1	0	0	0	0	0	0	0	0	0	0	0	0	0
210092	1	0	1	0	0	0	0	0	0	0	0	0	0	0	0	0	0	0
297856	1	0	0	0	0	0	0	0	0	0	0	0	0	0	0	0	0	0
165935	1	0	2	0	0	0	0	0	0	0	0	0	0	0	0	0	0	0
300355	1	0	0	0	0	0	0	0	0	0	0	0	0	0	0	0	0	0
215231	1	0	0	0	0	0	0	0	0	0	0	0	0	0	0	0	0	0
361266	0	9	6	69	0	0	0	0	0	0	0	0	0	0	0	0	0	0
523782	0	3	1	4	1	2	0	0	0	0	0	0	0	0	0	0	0	0
4388948	0	14	0	3	0	0	0	0	0	0	0	0	0	0	0	0	0	0
69933	0	4	0	7	88	0	0	0	0	0	0	0	0	0	0	0	0	0
187008	0	4	4	9	0	0	0	0	0	0	0	0	0	0	0	0	0	0
367688	0	1	0	2	1	0	0	0	0	1	0	0	0	0	0	0	0	0
558839	0	36	61	0	0	0	0	0	0	0	0	0	0	0	0	0	0	0
178213	0	3	3	0	0	0	0	0	0	0	0	0	0	0	0	0	0	0
177031	0	1	0	0	1	0	0	0	0	0	0	0	0	0	0	0	0	0
4427688	0	5	3	0	22	0	0	0	0	0	0	0	0	0	0	0	0	0
174694	0	2	0	0	1	0	0	0	0	0	0	0	0	0	0	0	0	0
180903	0	1	0	0	0	0	0	0	0	0	0	0	0	0	0	0	0	0
188918	0	1	0	0	0	0	0	0	0	0	0	0	0	0	0	0	0	0
167741	0	7	9	1	1	0	0	0	0	0	0	0	0	0	0	0	0	0
4360486	0	1	0	0	0	0	0	0	0	0	0	0	0	0	0	0	0	0
2064265	0	2	5	0	4	0	0	0	0	0	0	0	0	0	0	0	0	0
4310221	0	21	7	0	0	0	0	0	0	0	0	0	0	0	0	0	0	0
197273	0	1	0	0	0	0	0	0	0	0	0	0	0	0	0	0	0	0
2066056	0	1	0	0	0	2	0	0	0	0	0	0	0	0	0	0	0	0
292921	0	2	43	0	0	0	0	0	0	0	0	0	0	0	0	0	0	0
545061	0	11	3	0	0	0	0	0	0	0	0	0	0	0	0	0	0	0
357930	0	28	0	0	0	0	0	0	0	0	0	0	0	0	0	0	0	0
181139	0	2	0	0	0	0	0	0	0	0	0	0	0	0	0	0	0	0
586517	0	2	0	0	0	0	0	0	0	0	0	0	0	0	0	0	0	0
169515	0	8	0	0	7	0	0	0	0	0	0	0	0	0	0	0	0	0
180781	0	2	1	1	0	0	0	0	0	0	0	0	0	0	0	0	0	0
750071	0	4	0	0	0	0	0	0	0	0	0	0	0	0	0	0	0	0
289257	0	17	91	1	0	0	0	0	0	0	0	0	0	0	0	0	0	0
76547	0	3	3	0	0	0	0	0	0	0	0	0	0	0	0	0	0	0
194326	0	1	0	0	0	0	0	0	0	0	0	0	0	0	0	0	0	0
230232	0	1	1	0	0	0	0	0	0	0	0	0	0	0	0	0	0	0
300855	0	1	0	1	0	0	0	0	0	0	0	0	0	0	0	0	0	0
4478125	0	5	0	0	0	0	0	0	0	0	0	0	0	0	0	0	0	0
369077	0	16	0	3	0	0	0	0	0	0	0	0	0	0	0	0	0	0
193968	0	3	0	0	0	0	0	0	0	0	0	0	0	0	0	0	0	0
194756	0	1	0	0	3	0	0	0	0	0	0	0	0	0	0	0	0	0
175776	0	1	0	0	0	0	0	0	0	0	0	0	0	0	0	0	0	0
72820	0	14	0	53	5	13	0	1	0	0	1	0	0	0	0	0	0	0
988932	0	7	0	0	0	0	0	0	0	0	0	0	0	0	0	0	0	0
4412542	0	11	78	0	0	0	0	0	0	0	0	0	0	0	0	0	0	0
755474	0	32	10	0	0	0	0	1	0	0	0	0	0	0	0	0	0	0
2442706	0	1	0	0	0	0	0	0	0	0	0	0	0	0	0	0	0	0
3023610	0	2	1	0	0	0	0	0	0	0	0	0	0	0	0	0	0	0
524444	0	2	0	0	0	0	0	0	0	0	0	0	0	0	0	0	0	0
840279	0	3	0	3	0	1	0	0	0	0	0	0	0	0	0	0	0	0
320322	0	1	0	0	0	0	0	0	0	0	0	0	0	0	0	0	0	0
179847	0	1	0	0	0	0	0	0	0	0	0	0	0	0	0	0	0	0
4368216	0	3	0	0	0	0	0	0	0	0	0	0	0	0	0	0	0	0
3035308	0	3	1	2	0	0	0	0	0	0	0	0	0	0	0	0	0	0
187126	0	2	0	0	0	0	0	0	0	0	0	0	0	0	0	0	0	0
4201482	0	1	0	0	0	0	0	0	0	0	0	0	0	0	0	0	0	0
198053	0	8	7	2	2	0	0	0	0	0	0	0	0	0	0	0	0	0
730906	0	1	0	1	5	0	0	0	0	0	0	0	0	0	0	0	0	0
359098	0	7	1	0	0	0	0	0	0	0	0	0	0	0	0	0	0	0
294617	0	2	42	0	0	0	0	0	0	0	0	0	0	0	0	0	0	0
4453773	0	1	3	0	0	0	0	0	0	0	0	0	0	0	0	0	0	0
184971	0	6	0	0	0	0	0	0	0	0	0	0	0	0	0	0	0	0
369602	0	3	1	0	0	0	0	0	0	0	0	0	0	0	0	0	0	0
4429981	0	8	0	0	7	0	0	0	0	0	0	0	0	0	0	0	0	0
206574	0	1	0	0	0	0	0	0	0	0	0	0	0	0	0	0	0	0
195798	0	3	1	7	1	0	0	0	0	0	0	0	0	0	0	0	0	0
1040889	0	5	5	0	1	0	0	0	0	0	0	0	0	0	0	0	0	0
4483045	0	1	0	0	0	0	0	0	0	0	0	0	0	0	0	0	0	0
364092	0	2	19	0	8	36	0	0	0	0	0	0	0	0	0	0	0	0
227819	0	1	0	0	0	0	0	0	0	0	0	0	0	0	0	0	0	0
516093	0	8	36	1	0	0	0	0	0	0	0	0	0	0	0	0	0	0
2686191	0	4	4	4	0	0	0	0	0	0	0	0	0	0	0	0	0	0
358410	0	3	0	11	2	0	0	0	0	0	0	0	0	0	0	0	0	0
186238	0	2	0	2	0	0	0	0	0	0	0	0	0	0	0	0	0	0
181931	0	2	0	0	0	0	0	0	0	0	0	0	0	0	0	0	0	0
178762	0	2	2	1	0	0	0	0	0	0	0	0	0	0	0	0	0	0
174755	0	3	1	0	0	0	0	0	0	0	0	0	0	0	0	0	0	0
199702	0	1	0	0	0	0	0	0	0	0	0	0	0	0	0	0	0	0
186321	0	1	0	0	0	0	0	0	0	0	0	0	0	0	0	0	0	0
4082721	0	1	0	0	0	0	0	0	0	0	0	0	0	0	0	0	0	0
584375	0	12	0	0	0	0	0	0	0	0	0	0	0	0	0	0	0	0
840914	0	1	15	0	0	0	0	0	0	0	0	0	0	0	0	0	0	0
4388068	0	3	0	0	0	0	0	0	0	0	0	0	0	0	0	0	0	0
185021	0	1	0	0	0	0	0	0	0	0	0	0	0	0	0	0	0	0
197003	0	1	1	1	0	1	0	0	0	0	0	0	0	0	0	0	0	0
185821	0	2	0	0	0	0	0	0	0	0	0	0	0	0	0	0	0	0
843442	0	1	0	0	0	0	0	0	0	0	0	0	0	0	0	0	0	0
72142	0	1	1	0	0	0	0	0	0	0	0	0	0	0	0	0	0	0
4356623	0	1	3	2	0	0	0	0	0	0	0	0	0	0	0	0	0	0
189925	0	1	0	0	0	0	0	0	0	0	0	0	0	0	0	0	0	0
176518	0	1	0	0	0	0	0	0	0	0	0	0	0	0	0	0	0	0
177820	0	2	1	0	0	0	0	0	0	0	0	0	0	0	0	0	0	0
315391	0	5	1	0	1	0	0	0	0	0	0	0	0	0	0	0	0	0
327050	0	4	0	0	86	0	0	0	0	0	0	0	0	0	0	0	0	0
308333	0	2	0	0	0	0	0	0	0	0	0	0	0	0	0	0	0	0
192258	0	1	0	0	1	0	0	0	0	0	0	0	0	0	0	0	0	0
1769960	0	2	0	0	0	0	0	0	0	0	0	0	0	0	0	0	0	0
207126	0	1	0	0	0	0	0	0	0	0	0	0	0	0	0	0	0	0
73753	0	1	0	0	0	0	0	0	0	0	0	0	0	0	0	0	0	0
190679	0	1	4	0	0	0	0	0	0	0	0	0	0	0	0	0	0	0
359120	0	1	0	0	1	1	0	0	0	0	0	0	0	0	0	0	0	0
291648	0	2	0	0	0	0	0	0	0	0	0	0	0	0	0	0	0	0
179744	0	1	0	0	0	0	0	0	0	0	0	0	0	0	0	0	0	0
367790	0	1	1	1	0	0	0	0	0	0	0	0	0	0	0	0	0	0
176115	0	1	0	0	0	0	0	0	0	0	0	0	0	0	0	0	0	0
180141	0	1	0	0	0	0	0	0	0	0	0	0	0	0	0	0	0	0
4465072	0	1	0	0	0	0	0	0	0	0	0	0	0	0	0	0	0	0
183245	0	1	5	0	0	0	0	0	0	0	0	0	0	0	0	0	0	0
4480861	0	1	0	0	0	0	0	0	0	0	0	0	0	0	0	0	0	0
514940	0	1	0	1	0	0	0	0	0	0	0	0	0	0	0	0	0	0
298942	0	1	0	0	0	0	0	0	0	0	0	0	0	0	0	0	0	0
342638	0	1	18	0	0	0	0	0	0	0	0	0	0	0	0	0	0	0
323325	0	1	0	0	0	0	0	0	0	0	0	0	0	0	0	0	0	0
179644	0	1	0	0	0	0	0	0	0	0	0	0	0	0	0	0	0	0
1825542	0	1	1	0	0	0	0	0	0	0	0	0	0	0	0	0	0	0
184465	0	2	1	0	0	0	0	0	0	0	0	0	0	0	0	0	0	0
527874	0	1	2	0	0	0	0	0	0	0	0	0	0	0	0	0	0	0
4468234	0	1	2	0	67	0	0	0	0	0	0	0	0	0	0	0	0	0
182522	0	1	0	0	1	0	0	0	0	0	0	0	0	0	0	0	0	0
365484	0	1	0	2	0	0	0	0	0	0	0	0	0	0	0	0	0	0
192936	0	1	8	0	0	0	0	0	0	0	0	0	0	0	0	0	0	0
2358923	0	1	0	0	0	0	1	0	0	0	1	0	1	1	4	6	15	9
752354	0	1	0	0	0	0	0	0	0	0	0	0	0	0	0	0	0	0
321693	0	1	0	0	0	0	0	0	0	0	0	0	0	0	0	0	0	0
577294	0	2	0	0	1	0	0	0	0	0	0	0	0	0	0	0	0	0
198587	0	1	1	0	0	0	0	0	0	0	0	0	0	0	0	0	0	0
215266	0	1	1	0	0	0	0	0	0	0	0	0	0	0	0	0	0	0
214036	0	1	0	0	0	0	0	0	0	0	0	0	0	0	0	0	0	0
146554	0	1	1	0	0	0	0	0	0	0	0	0	0	0	0	0	0	0
2110315	0	1	0	0	0	0	0	0	0	0	0	0	0	0	0	0	0	0
198783	0	1	0	0	0	0	0	0	0	0	0	0	0	0	0	0	0	0
189971	0	1	0	0	0	0	0	0	0	0	0	0	0	0	0	0	0	0
99891	0	1	3	0	1	0	0	0	0	0	0	0	0	0	0	0	0	0
358343	0	1	0	0	0	0	0	0	0	0	0	0	0	0	1	0	0	0
187751	0	1	0	0	0	0	0	0	0	0	0	0	0	0	0	0	0	0
147702	0	1	0	0	0	0	0	0	0	0	0	0	0	0	0	0	0	0
3319304	0	1	0	0	0	0	0	0	0	0	0	0	0	0	0	0	0	0
192438	0	1	0	1	0	0	0	0	0	0	0	0	0	0	0	0	0	0
326482	0	1	0	0	0	0	0	0	0	0	0	0	0	0	0	0	0	0
190572	0	1	0	0	0	0	0	0	0	0	0	0	0	0	0	0	0	0
344154	0	1	0	0	0	0	0	0	0	0	0	0	0	0	0	0	0	0
365212	0	1	0	0	0	0	0	0	0	0	0	0	0	0	0	0	0	0
620319	0	1	0	0	20	0	0	0	0	0	0	0	0	0	0	0	0	0
342380	0	1	0	0	0	0	0	0	0	0	0	0	0	0	0	0	0	0
551902	0	1	0	0	0	0	0	0	0	0	0	0	0	0	0	0	0	0
4202174	0	1	0	2	0	0	0	0	0	0	0	0	0	0	0	0	0	0
237138	0	1	0	0	0	0	0	0	0	0	0	0	0	0	0	0	0	0
4336940	0	1	0	0	3	0	0	0	0	0	0	0	0	0	0	0	0	0
4404187	0	0	108	0	0	0	0	0	0	0	0	0	0	0	0	0	0	0
370086	0	0	40	0	0	49	0	0	0	0	0	0	0	0	0	0	0	0
194430	0	0	5	1	2	3	0	0	0	0	0	0	0	0	0	0	0	0
297635	0	0	32	18	50	0	0	0	0	0	0	0	0	0	0	0	0	0
528596	0	0	4	0	0	0	0	0	0	0	0	0	0	0	0	0	0	0
4334844	0	0	3	0	0	0	0	0	0	0	0	0	0	0	0	0	0	0
110723	0	0	2	0	0	0	0	0	0	0	0	0	0	0	0	0	0	0
205241	0	0	5	0	0	0	0	0	0	0	0	0	0	0	0	0	0	0
791522	0	0	9	0	0	0	0	0	0	0	0	0	0	0	0	0	0	0
368261	0	0	1	0	0	6	0	0	0	0	0	0	0	0	0	0	0	0
519836	0	0	3	0	0	0	0	0	0	0	0	0	0	0	0	0	0	0
521450	0	0	23	0	0	0	0	0	0	0	0	0	0	0	0	0	0	0
4368484	0	0	20	0	0	0	0	0	0	0	0	0	0	0	0	0	0	0
359993	0	0	25	0	0	0	0	0	0	0	0	0	0	0	0	0	0	0
518748	0	0	15	0	0	0	0	0	0	0	0	0	0	0	0	0	0	0
531928	0	0	8	0	0	0	0	0	0	0	0	0	0	0	0	0	0	0
4335376	0	0	1	0	0	0	0	0	0	0	0	0	0	0	0	0	0	0
173565	0	0	8	0	0	0	0	0	0	0	0	0	0	0	0	0	0	0
4318177	0	0	1	0	0	0	0	0	0	0	0	0	0	0	0	0	0	0
4307094	0	0	93	0	0	0	0	0	0	0	0	0	0	0	0	0	0	0
198786	0	0	1	0	0	0	0	0	0	0	0	0	0	0	0	0	0	0
269937	0	0	9	0	0	0	0	0	0	0	0	0	0	0	0	0	0	0
354254	0	0	14	0	0	0	0	0	0	0	0	0	0	0	0	0	0	0
193098	0	0	29	21	0	0	0	0	0	0	0	0	0	0	0	0	0	0
844589	0	0	5	0	0	0	0	0	0	0	0	0	0	0	0	0	0	0
849535	0	0	49	0	0	0	0	0	0	0	0	0	0	0	0	0	0	0
3713805	0	0	1	0	0	0	0	0	0	0	0	0	0	0	0	0	0	0
4108811	0	0	5	0	0	0	0	0	0	0	0	0	0	0	0	0	0	0
349482	0	0	1	0	0	0	0	0	0	0	0	0	0	0	0	0	0	0
299382	0	0	17	0	0	0	0	0	0	0	0	0	0	0	0	0	0	0
197649	0	0	5	0	0	0	0	0	0	0	0	0	0	0	0	0	0	0
565357	0	0	11	0	1	0	0	0	0	0	0	0	0	0	0	0	0	0
712142	0	0	8	0	0	0	0	0	0	0	0	0	0	0	0	0	0	0
522398	0	0	3	0	0	0	0	0	0	0	0	0	0	0	0	0	0	0
370183	0	0	1	0	1	0	0	0	0	0	0	0	0	0	0	0	0	0
571406	0	0	1	0	0	0	0	0	0	0	0	0	0	0	0	0	0	0
360717	0	0	2	0	1	0	0	0	0	0	0	0	0	0	0	0	0	0
332163	0	0	7	0	1	0	0	0	0	0	0	0	0	0	0	0	0	0
4364564	0	0	6	0	0	0	0	0	0	0	0	0	0	0	0	0	0	0
359314	0	0	2	0	3	0	0	0	0	0	0	0	0	0	0	0	0	0
215269	0	0	1	0	0	0	0	0	0	0	0	0	0	0	0	0	0	0
72420	0	0	3	2	0	0	0	0	0	0	0	0	0	0	0	0	0	0
584951	0	0	5	0	0	0	0	0	0	0	0	0	0	0	0	0	0	0
536831	0	0	4	0	0	0	0	0	0	0	0	0	0	0	0	0	0	0
521259	0	0	1	0	0	0	0	0	0	0	0	0	0	0	0	0	0	0
170387	0	0	3	0	0	0	0	0	0	0	0	0	0	0	0	0	0	0
584107	0	0	1	0	0	0	0	0	0	0	0	0	0	0	0	0	0	0
299441	0	0	4	0	0	0	0	0	0	0	0	0	0	0	0	0	0	0
4326870	0	0	63	0	0	0	0	0	0	0	0	0	0	0	0	0	0	0
167468	0	0	5	0	0	0	0	0	0	0	0	0	0	0	0	0	0	0
182940	0	0	2	0	1	0	0	0	0	0	0	0	0	0	0	0	0	0
116529	0	0	16	0	0	0	0	0	0	0	0	0	0	0	0	0	0	0
515590	0	0	9	0	0	0	0	0	0	0	0	0	0	0	0	0	0	0
198583	0	0	1	0	0	0	0	0	0	0	0	0	0	0	0	0	0	0
184394	0	0	3	0	0	0	0	0	0	0	0	0	0	0	0	0	0	0
361811	0	0	1	0	0	0	0	0	0	0	0	0	0	0	0	0	0	0
4341056	0	0	8	0	0	0	0	0	0	0	0	0	0	0	0	0	0	0
186956	0	0	1	0	0	0	0	0	0	0	0	0	0	0	0	0	0	0
357412	0	0	1	0	0	0	0	0	0	0	0	0	0	0	0	0	0	0
4396723	0	0	18	0	0	0	0	0	0	0	0	0	0	0	0	0	0	0
522582	0	0	2	0	0	0	0	0	0	0	0	0	0	0	0	0	0	0
211354	0	0	3	0	0	0	0	0	0	0	0	0	0	0	0	0	0	0
522959	0	0	5	0	0	0	0	0	0	0	0	0	0	0	0	0	0	0
791348	0	0	3	0	6	0	0	0	0	0	0	0	0	0	0	0	0	0
1624383	0	0	2	0	0	0	0	0	0	0	0	0	0	0	0	0	0	0
4332878	0	0	2	0	0	0	0	0	0	0	0	0	0	0	0	0	0	0
531614	0	0	7	0	0	0	0	0	0	0	0	0	0	0	0	0	0	0
4381054	0	0	2	0	0	0	0	0	0	0	0	0	0	0	0	0	0	0
314996	0	0	2	0	0	0	0	0	0	0	0	0	0	0	0	0	0	0
298451	0	0	1	0	0	0	0	0	0	0	0	0	0	0	0	0	0	0
4380813	0	0	1	0	0	0	0	0	0	0	0	0	0	0	0	0	0	0
540055	0	0	2	0	0	0	0	0	0	0	0	0	0	0	0	0	0	0
291017	0	0	4	0	0	0	0	0	0	0	0	0	0	0	0	0	0	0
1820776	0	0	1	0	0	0	0	0	0	0	0	0	0	0	0	0	0	0
519398	0	0	1	0	0	0	0	0	0	0	0	0	0	0	0	0	0	0
181768	0	0	5	0	0	0	0	0	0	0	0	0	0	0	0	0	0	0
233623	0	0	2	0	0	0	0	0	0	0	0	0	0	0	0	0	0	0
515869	0	0	1	0	0	0	0	0	0	0	0	0	0	0	0	0	0	0
524891	0	0	1	0	0	0	0	0	0	0	0	0	0	0	0	0	0	0
1085832	0	0	1	0	1	0	1	0	1	0	1	2	8	1	24	5	68	50
346793	0	0	2	0	0	0	0	0	0	0	0	0	0	0	0	0	0	0
530653	0	0	7	0	0	0	0	0	0	0	0	0	0	0	0	0	0	0
2032544	0	0	2	1	0	0	0	0	0	0	0	0	0	0	0	0	0	0
4301511	0	0	3	0	0	0	0	0	0	0	0	0	0	0	0	0	0	0
192415	0	0	1	0	0	0	0	0	0	0	0	0	0	0	0	0	0	0
554436	0	0	1	0	0	0	0	0	0	0	0	0	0	0	0	0	0	0
181193	0	0	5	0	0	0	0	0	0	0	0	0	0	0	0	0	0	0
314095	0	0	3	0	0	0	0	0	0	0	0	0	0	0	0	0	0	0
1121926	0	0	3	0	0	0	0	0	0	0	0	0	0	0	0	0	0	0
360315	0	0	1	0	0	0	0	0	0	0	0	0	0	0	0	0	0	0
531046	0	0	1	0	0	0	0	0	0	0	0	0	0	0	0	0	0	0
1102370	0	0	4	0	0	0	0	0	0	0	0	0	0	0	0	0	0	0
538322	0	0	1	0	0	0	0	0	0	0	0	0	0	0	0	0	0	0
175570	0	0	1	0	0	0	0	0	0	0	0	0	0	0	0	0	0	0
530854	0	0	8	0	0	0	0	0	0	0	0	0	0	0	0	0	0	0
183224	0	0	1	0	0	0	0	0	0	0	0	0	0	0	0	0	0	0
186851	0	0	1	0	0	0	0	0	0	0	0	0	0	0	0	0	0	0
299732	0	0	1	0	0	0	0	0	0	0	0	0	0	0	0	0	0	0
54730	0	0	4	0	0	0	0	0	0	0	0	0	0	0	0	0	0	0
546406	0	0	1	0	0	0	0	0	0	0	0	0	0	0	0	0	0	0
4473509	0	0	1	0	0	0	0	0	0	0	0	0	0	0	0	0	0	0
2997866	0	0	1	0	0	0	0	0	0	0	0	0	0	0	0	0	0	0
4428676	0	0	1	0	0	0	0	0	0	0	0	0	0	0	0	0	0	0
3164696	0	0	1	0	0	0	0	0	0	0	0	0	0	0	0	0	0	0
198552	0	0	3	0	0	0	0	0	0	0	0	0	0	0	0	0	0	0
197004	0	0	1	0	0	0	0	0	0	0	0	0	0	0	0	0	0	0
2550241	0	0	11	0	0	0	0	0	0	0	0	0	0	0	0	0	0	0
353791	0	0	1	0	0	0	0	0	0	0	0	0	0	0	0	0	0	0
508897	0	0	1	0	0	0	0	0	0	0	0	0	0	0	0	0	0	0
197505	0	0	1	6	0	0	0	0	0	0	0	0	0	0	0	0	0	0
368175	0	0	3	0	0	0	0	0	0	0	0	0	0	0	0	0	0	0
362342	0	0	2	6	0	0	0	0	0	0	0	0	0	0	0	0	0	0
107098	0	0	4	0	0	0	0	0	0	0	0	0	0	0	0	0	0	0
192182	0	0	1	0	0	0	0	0	0	0	0	0	0	0	0	0	0	0
185244	0	0	1	0	0	0	0	0	0	0	0	0	0	0	0	0	0	0
162491	0	0	2	0	0	0	0	0	0	0	0	0	0	0	0	0	0	0
4319785	0	0	2	0	0	0	0	0	0	0	0	0	0	0	0	0	0	0
168716	0	0	1	0	0	0	0	0	0	0	0	0	0	0	0	0	0	0
299770	0	0	1	0	0	0	0	0	0	0	0	0	0	0	0	0	0	0
359020	0	0	2	0	0	5	0	0	0	0	0	0	0	0	0	0	0	0
550287	0	0	1	0	0	0	0	0	0	0	0	0	0	0	0	0	0	0
175138	0	0	1	0	0	0	0	0	0	0	0	0	0	0	0	0	0	0
3450454	0	0	1	0	0	0	0	0	0	0	0	0	0	0	0	0	0	0
296941	0	0	1	0	0	0	0	0	0	0	0	0	0	0	0	0	0	0
366633	0	0	2	0	0	0	0	0	0	0	0	0	0	0	0	0	0	0
290900	0	0	2	0	0	0	0	0	0	0	0	0	0	0	0	0	0	0
175846	0	0	1	0	0	0	0	0	0	0	0	0	0	0	0	0	0	0
207174	0	0	2	0	0	0	0	0	0	0	0	0	0	0	0	0	0	0
358483	0	0	1	0	1	0	0	0	0	0	0	0	0	0	0	0	0	0
368264	0	0	1	0	4	0	0	0	0	0	0	0	0	0	0	0	0	0
362078	0	0	2	0	0	0	0	0	0	0	0	0	0	0	0	0	0	0
569244	0	0	10	3	0	0	0	0	0	0	0	0	0	0	0	0	0	0
175585	0	0	1	0	0	0	0	0	0	0	0	0	0	0	0	0	0	0
358265	0	0	1	0	0	0	0	0	0	0	0	0	0	0	0	0	0	0
194832	0	0	1	1	0	0	0	0	0	0	0	0	0	0	0	0	0	0
72481	0	0	1	0	0	0	0	0	0	0	0	0	0	0	0	0	0	0
113003	0	0	1	0	1	0	0	0	0	0	0	0	0	0	0	0	0	0
431235	0	0	1	0	0	0	0	0	0	0	0	0	0	0	0	0	0	0
213394	0	0	1	0	0	0	0	0	0	0	0	0	0	0	0	0	0	0
188646	0	0	1	0	0	0	0	0	0	0	0	0	0	0	0	0	0	0
365891	0	0	2	0	0	0	0	0	0	0	0	0	0	0	0	0	0	0
265871	0	0	1	0	0	0	0	0	0	0	0	0	0	0	0	0	0	0
346302	0	0	1	0	0	0	0	0	0	0	0	0	0	0	0	0	0	0
111446	0	0	1	0	0	0	0	0	0	0	0	0	0	0	0	0	0	0
591439	0	0	1	0	0	0	0	0	0	0	0	0	0	0	0	0	0	0
289867	0	0	1	0	0	0	0	0	0	0	0	0	0	0	0	0	0	0
260414	0	0	1	0	0	0	0	0	0	0	0	0	0	0	0	0	0	0
562244	0	0	1	0	0	0	0	0	0	0	0	0	0	0	0	0	0	0
364109	0	0	1	0	0	0	0	0	0	0	0	0	0	0	0	0	0	0
4437359	0	0	1	0	0	0	0	0	0	0	0	0	0	0	0	0	0	0
358104	0	0	1	0	0	7	0	0	0	0	0	0	0	0	0	0	0	0
230263	0	0	1	0	0	0	0	0	0	0	0	0	0	0	0	0	0	0
336275	0	0	3	0	1	0	0	0	0	0	0	0	0	0	0	0	0	0
531675	0	0	1	0	0	0	0	0	0	0	0	0	0	0	0	0	0	0
189091	0	0	1	0	0	0	0	0	0	0	0	0	0	0	0	0	0	0
362568	0	0	1	0	0	0	0	0	0	0	0	0	0	0	0	0	0	0
232975	0	0	1	0	0	0	0	0	0	0	0	0	0	0	0	0	0	0
175037	0	0	1	0	0	0	0	0	0	0	0	0	0	0	0	0	0	0
168071	0	0	1	0	0	0	0	0	0	0	0	0	0	0	0	0	0	0
2949328	0	0	1	0	0	0	0	0	0	0	0	0	0	0	0	0	0	0
52166	0	0	1	0	0	0	0	0	0	0	0	0	0	0	0	0	0	0
189085	0	0	1	0	0	0	0	0	0	0	0	0	0	0	0	0	0	0
193367	0	0	1	0	0	0	0	0	0	0	0	0	0	0	0	0	0	0
517318	0	0	4	0	0	0	0	0	0	0	0	0	0	0	0	0	0	0
295554	0	0	1	0	0	0	0	0	0	0	0	0	0	0	0	0	0	0
195120	0	0	1	0	0	0	0	0	0	0	0	0	0	0	0	0	0	0
172878	0	0	1	0	0	0	0	0	0	0	0	0	0	0	0	0	0	0
190490	0	0	1	0	0	0	0	0	0	0	0	0	0	0	0	0	0	0
177878	0	0	1	0	0	0	0	0	0	0	0	0	0	0	0	0	0	0
208539	0	0	1	4	0	0	0	0	0	0	0	0	0	0	0	0	0	0
4330852	0	0	1	0	0	0	0	0	0	0	0	0	0	0	0	0	0	0
844375	0	0	1	0	0	0	0	0	0	0	0	0	0	0	0	0	0	0
1667433	0	0	1	0	0	0	0	0	0	0	0	0	0	0	0	0	0	0
199091	0	0	2	0	0	0	0	0	0	0	0	0	0	0	0	0	0	0
4455005	0	0	1	0	0	0	0	0	0	0	0	0	0	0	0	0	0	0
113417	0	0	2	0	0	0	0	0	0	0	0	0	0	0	0	0	0	0
300152	0	0	1	0	0	0	0	0	0	0	0	0	0	0	0	0	0	0
4405421	0	0	3	2	0	0	0	0	0	0	0	0	0	0	0	0	0	0
173869	0	0	1	6	0	0	0	0	0	0	0	0	0	0	0	0	0	0
186105	0	0	1	0	1	1	0	0	0	0	0	0	0	0	0	0	0	0
329729	0	0	1	0	0	0	0	0	0	0	0	0	0	0	0	0	0	0
3203801	0	0	1	0	0	0	0	0	0	0	0	0	0	0	0	0	0	0
195871	0	0	1	0	0	0	0	0	0	0	0	0	0	0	0	0	0	0
515632	0	0	1	0	0	0	0	0	0	0	0	0	0	0	0	0	0	0
361619	0	0	1	0	0	0	0	0	0	0	0	0	0	0	0	0	0	0
43373	0	0	1	0	0	0	0	0	0	0	0	0	0	0	0	0	0	0
3818299	0	0	1	0	1	0	0	0	0	0	0	0	0	0	0	0	0	0
290455	0	0	1	0	0	0	0	0	0	0	0	0	0	0	0	0	0	0
4355086	0	0	1	0	0	0	0	0	0	0	0	0	0	0	0	0	0	0
342375	0	0	2	0	0	0	0	0	0	0	0	0	0	0	0	0	0	0
357471	0	0	1	1	0	0	0	0	0	0	0	0	0	0	0	0	0	0
292315	0	0	1	0	0	0	0	0	0	0	0	0	0	0	0	0	0	0
198183	0	0	1	0	0	0	0	0	0	0	0	0	0	0	0	0	0	0
189887	0	0	1	0	0	0	0	0	0	0	0	0	0	0	0	0	0	0
2170526	0	0	1	0	0	0	0	0	0	0	0	0	0	0	0	0	0	0
331326	0	0	1	0	0	0	0	0	0	0	0	0	0	0	0	0	0	0
4303423	0	0	1	0	0	0	0	0	0	0	0	0	0	0	0	0	0	0
4386814	0	0	1	0	3	0	0	0	0	0	0	0	0	0	0	0	0	0
367232	0	0	1	0	0	0	0	0	0	0	0	0	0	0	0	0	0	0
646800	0	0	1	0	0	0	0	0	0	0	0	0	0	0	0	0	0	0
524404	0	0	1	0	0	0	0	0	0	0	0	0	0	0	0	0	0	0
184440	0	0	1	0	0	0	0	0	0	0	0	0	0	0	0	0	0	0
218710	0	0	1	0	0	0	0	0	0	0	0	0	0	0	0	0	0	0
364029	0	0	1	0	6	0	0	0	0	0	0	0	0	0	0	0	0	0
369843	0	0	1	0	0	0	0	0	0	0	0	0	0	0	0	0	0	0
191687	0	0	1	0	0	0	0	0	0	0	0	0	0	0	0	0	0	0
975306	0	0	1	0	0	0	0	0	0	0	0	0	0	0	0	0	0	0
4374302	0	0	1	0	1	0	0	0	0	0	0	0	0	0	0	0	0	0
176171	0	0	1	0	0	0	0	0	0	0	0	0	0	0	0	0	0	0
521558	0	0	2	0	0	0	0	0	0	0	0	0	0	0	0	0	0	0
174270	0	0	1	0	0	0	0	0	0	0	0	0	0	0	0	0	0	0
1727150	0	0	1	0	0	0	0	0	0	0	0	0	0	0	0	0	0	0
300620	0	0	1	0	0	0	0	0	0	0	0	0	0	0	0	0	0	0
183653	0	0	1	0	0	0	0	0	0	0	0	0	0	0	0	0	0	0
178860	0	0	1	0	0	0	0	0	0	0	0	0	0	0	0	0	0	0
187517	0	0	1	0	0	0	0	0	0	0	0	0	0	0	0	0	0	0
817140	0	0	1	0	0	0	0	0	0	0	0	0	0	0	0	0	0	0
3265556	0	0	1	0	1	0	0	0	0	0	0	0	0	0	0	0	0	0
298146	0	0	1	0	0	0	0	0	0	0	0	0	0	0	0	0	0	0
4424063	0	0	1	0	0	0	0	0	0	0	0	0	0	0	0	0	0	0
197539	0	0	1	0	0	0	0	0	0	0	0	0	0	0	0	0	0	0
291493	0	0	1	0	0	0	0	0	0	0	0	0	0	0	0	0	0	0
196200	0	0	1	0	0	0	0	0	0	0	0	0	0	0	0	0	0	0
556835	0	0	0	6	6	2	0	0	0	0	0	0	0	0	0	0	0	0
4348388	0	0	0	1	0	0	0	0	0	0	0	0	0	0	0	0	0	0
730437	0	0	0	8	1	0	0	0	0	0	0	0	0	0	0	0	0	0
4035247	0	0	0	31	0	0	0	0	0	0	0	0	0	0	0	0	0	0
188985	0	0	0	2	0	0	0	0	0	0	0	0	0	0	0	0	0	0
4405146	0	0	0	46	0	0	0	0	0	0	0	0	0	0	0	0	0	0
2965498	0	0	0	15	0	0	0	0	0	0	0	0	0	0	0	0	0	0
1740499	0	0	0	1	3	1	0	0	0	0	0	0	0	0	0	0	0	0
167256	0	0	0	11	0	0	0	0	0	0	0	0	0	0	0	0	0	0
17311	0	0	0	2	0	0	0	0	0	0	0	0	0	0	0	0	0	0
4144206	0	0	0	11	0	0	0	0	0	0	0	0	0	0	0	0	0	0
470382	0	0	0	9	0	0	0	0	0	0	0	0	0	0	0	0	0	0
230741	0	0	0	1	0	0	0	0	0	0	0	0	0	0	0	0	0	0
210262	0	0	0	2	0	0	0	0	0	0	0	0	0	0	0	0	0	0
216599	0	0	0	5	0	0	0	0	0	0	0	0	0	0	0	0	0	0
688923	0	0	0	1	1	0	0	0	0	0	0	0	0	0	0	0	0	0
182224	0	0	0	2	0	0	0	0	0	0	0	0	0	0	0	0	0	0
228061	0	0	0	8	0	0	0	0	0	0	0	0	0	0	0	0	0	0
185802	0	0	0	1	0	0	0	0	0	0	0	0	0	0	0	0	0	0
355307	0	0	0	2	0	0	0	0	0	0	0	0	0	0	0	0	0	0
4208927	0	0	0	1	0	0	0	0	0	0	0	0	0	0	0	0	0	0
217109	0	0	0	4	0	0	0	0	0	0	0	0	0	0	0	0	0	0
4476780	0	0	0	24	0	0	0	0	0	0	0	0	0	0	0	0	0	0
4410938	0	0	0	3	0	0	0	0	0	0	0	0	0	0	0	0	0	0
357046	0	0	0	6	0	0	0	0	0	0	0	0	0	0	0	0	0	0
364459	0	0	0	3	1	0	0	0	0	0	0	0	0	0	0	0	0	0
366716	0	0	0	4	0	0	0	0	0	0	0	0	0	0	0	0	0	0
3991008	0	0	0	1	0	0	0	0	0	0	0	0	0	0	0	0	0	0
232900	0	0	0	1	0	2	0	0	0	0	0	0	0	0	0	0	0	0
4364222	0	0	0	2	0	0	0	0	0	0	0	0	0	0	0	0	0	0
207994	0	0	0	2	0	0	0	0	0	0	0	0	0	0	0	0	0	0
185148	0	0	0	3	0	0	0	0	0	0	0	0	0	0	0	0	0	0
3571769	0	0	0	1	0	0	0	0	0	0	0	0	0	0	0	0	0	0
3138798	0	0	0	1	0	0	0	0	0	0	0	0	0	0	0	0	0	0
524219	0	0	0	1	0	0	0	0	0	0	0	0	0	0	0	0	0	0
3237449	0	0	0	1	0	0	0	0	0	0	0	0	0	0	0	0	0	0
360985	0	0	0	2	0	1	0	0	0	0	0	0	0	0	0	0	0	0
2979308	0	0	0	1	0	2	0	0	0	0	0	0	0	0	0	0	0	0
188289	0	0	0	4	1	1	0	0	0	0	0	0	0	0	0	0	0	0
212532	0	0	0	1	0	0	0	0	0	0	0	0	0	0	0	0	0	0
4393532	0	0	0	1	0	0	0	0	0	0	0	0	0	0	0	0	0	0
4332780	0	0	0	2	0	0	0	0	0	0	0	0	0	0	0	0	0	0
674696	0	0	0	1	0	0	0	0	0	0	0	0	0	0	0	0	0	0
3191793	0	0	0	1	0	0	0	0	0	0	0	0	0	0	0	0	0	0
243150	0	0	0	3	0	0	0	0	0	0	0	0	0	0	0	0	0	0
168383	0	0	0	1	0	0	0	0	0	0	0	0	0	0	0	0	0	0
177742	0	0	0	1	0	0	0	0	0	0	0	0	0	0	0	0	0	0
4325533	0	0	0	1	0	0	0	0	0	0	0	0	0	0	0	0	0	0
1978955	0	0	0	2	0	0	0	0	0	0	0	0	0	0	0	0	0	0
272171	0	0	0	1	0	0	0	0	0	0	0	0	0	0	0	0	0	0
185593	0	0	0	2	0	0	0	0	0	0	0	0	0	0	0	0	0	0
4465654	0	0	0	1	0	0	0	0	0	0	0	0	0	0	0	0	0	0
2497035	0	0	0	1	0	0	0	0	0	0	0	0	0	0	0	0	0	0
269386	0	0	0	1	0	2	0	0	0	0	0	0	0	0	0	0	0	0
1870411	0	0	0	1	0	0	0	0	0	0	0	0	0	0	0	0	0	0
363881	0	0	0	1	0	0	0	0	0	0	0	0	0	0	0	0	0	0
198490	0	0	0	1	0	0	0	0	0	0	0	0	0	0	0	0	0	0
198595	0	0	0	1	0	0	0	0	0	0	0	0	0	0	0	0	0	0
844006	0	0	0	1	1	1	0	0	0	0	0	0	0	0	0	0	0	0
916621	0	0	0	1	0	0	0	0	0	0	0	0	0	0	0	0	0	0
170798	0	0	0	1	0	0	0	0	0	0	0	0	0	0	0	0	0	0
368236	0	0	0	1	1	0	0	0	0	0	0	0	0	0	0	0	0	0
1908049	0	0	0	1	0	0	0	0	0	0	0	0	0	0	0	0	0	0
1855954	0	0	0	0	2	1	0	0	0	0	0	0	0	0	0	0	0	0
1784461	0	0	0	0	5	0	0	0	0	0	0	0	0	0	0	0	0	0
179137	0	0	0	0	1	0	0	0	0	0	0	0	0	0	0	0	0	0
358757	0	0	0	0	6	0	0	0	0	0	0	0	0	0	0	0	0	0
321331	0	0	0	0	1	0	0	0	0	0	0	0	0	0	0	0	0	0
205934	0	0	0	0	1	0	0	0	0	0	0	0	0	0	0	0	0	0
360636	0	0	0	0	5	0	0	0	0	0	0	0	0	0	0	0	0	0
4407747	0	0	0	0	3	0	0	0	0	0	0	0	0	0	0	0	0	0
165926	0	0	0	0	3	0	0	0	0	0	0	0	0	0	0	0	0	0
182044	0	0	0	0	3	0	0	0	0	0	0	0	0	0	0	0	0	0
229919	0	0	0	0	2	0	0	0	0	0	0	0	0	0	0	0	0	0
193829	0	0	0	0	3	0	0	0	0	0	0	0	0	0	0	0	0	0
4447552	0	0	0	0	1	0	0	0	0	0	0	0	0	0	0	0	0	0
224786	0	0	0	0	2	0	0	0	0	0	0	0	0	0	0	0	0	0
367092	0	0	0	0	3	0	0	0	0	0	0	0	0	0	0	0	0	0
3671383	0	0	0	0	12	0	0	0	0	0	0	0	0	0	0	0	0	0
511229	0	0	0	0	3	0	0	0	0	0	0	0	0	0	0	0	0	0
3398712	0	0	0	0	1	0	0	0	0	0	0	0	0	0	0	0	0	0
518389	0	0	0	0	1	0	0	0	0	0	0	0	0	0	0	0	0	0
848615	0	0	0	0	1	0	0	0	0	0	0	0	0	0	0	0	0	0
4421070	0	0	0	0	1	0	0	0	0	0	0	0	0	0	0	0	0	0
147105	0	0	0	0	1	0	0	0	0	0	0	0	0	0	0	0	0	0
901834	0	0	0	0	4	0	0	0	0	0	0	0	0	0	0	0	0	0
4174963	0	0	0	0	3	0	0	0	0	0	0	0	0	0	0	0	0	0
197603	0	0	0	0	1	0	0	0	0	0	0	0	0	0	0	0	0	0
583398	0	0	0	0	10	0	0	0	0	0	0	0	0	0	0	0	0	0
168509	0	0	0	0	1	0	0	0	0	0	0	0	0	0	0	0	0	0
2423305	0	0	0	0	6	0	0	0	0	0	0	0	0	0	0	0	0	0
4416614	0	0	0	0	1	0	0	0	0	0	0	0	0	0	0	0	0	0
172296	0	0	0	0	6	0	0	0	0	0	0	0	0	0	0	0	0	0
3147425	0	0	0	0	4	0	0	0	0	0	0	0	0	0	0	0	0	0
208479	0	0	0	0	3	0	0	0	0	0	0	0	0	0	0	0	0	0
367068	0	0	0	0	2	0	0	0	0	0	0	0	0	0	0	0	0	0
1889556	0	0	0	0	1	0	0	0	0	0	0	0	0	0	0	0	0	0
186841	0	0	0	0	1	0	0	0	0	0	0	0	0	0	0	0	0	0
187767	0	0	0	0	1	0	0	0	0	0	0	0	0	0	0	0	0	0
2309802	0	0	0	0	4	0	0	0	0	0	0	0	0	0	0	0	0	0
1749079	0	0	0	0	6	0	0	0	0	0	0	0	0	0	0	0	0	0
4226619	0	0	0	0	1	0	0	0	0	0	0	0	0	0	0	0	0	0
184046	0	0	0	0	1	0	0	0	0	0	0	0	0	0	0	0	0	0
2835813	0	0	0	0	1	0	0	0	0	0	0	0	0	0	0	0	0	0
2768843	0	0	0	0	1	0	0	0	0	0	0	0	0	0	0	0	0	0
315429	0	0	0	0	3	0	0	0	0	0	0	0	0	0	0	0	0	0
846127	0	0	0	0	9	0	0	0	0	0	0	0	0	0	0	0	0	0
4403691	0	0	0	0	5	0	0	0	0	0	0	0	0	0	0	0	0	0
170262	0	0	0	0	1	0	0	0	0	0	0	0	0	0	0	0	0	0
4354229	0	0	0	0	2	0	0	0	0	0	0	0	0	0	0	0	0	0
556240	0	0	0	0	1	0	0	0	0	0	0	0	0	0	0	0	0	0
181600	0	0	0	0	1	0	0	0	0	0	0	0	0	0	0	0	0	0
188433	0	0	0	0	2	0	0	0	0	0	0	0	0	0	0	0	0	0
187002	0	0	0	0	1	0	0	0	0	0	0	0	0	0	0	0	0	0
267718	0	0	0	0	1	0	0	0	0	0	0	0	0	0	0	0	0	0
214031	0	0	0	0	5	0	0	0	0	0	0	0	0	0	0	0	0	0
2487129	0	0	0	0	5	0	0	0	0	0	0	0	0	0	0	0	0	0
2237211	0	0	0	0	1	0	0	0	0	0	0	0	0	0	0	0	0	0
4387453	0	0	0	0	6	7	0	0	0	0	0	0	0	0	0	0	0	0
544859	0	0	0	0	1	0	0	0	0	0	0	0	0	0	0	0	0	0
3275938	0	0	0	0	1	0	0	0	0	0	0	0	0	0	0	0	0	0
169600	0	0	0	0	2	0	0	0	0	0	0	0	0	0	0	0	0	0
2655741	0	0	0	0	1	0	0	0	0	0	0	0	0	0	0	0	0	0
4383827	0	0	0	0	1	0	0	0	0	0	0	0	0	0	0	0	0	0
360890	0	0	0	0	2	0	0	0	0	0	0	0	0	0	0	0	0	0
194101	0	0	0	0	2	0	0	0	0	0	0	0	0	0	0	0	0	0
1943669	0	0	0	0	1	0	0	0	0	0	0	0	0	0	0	0	0	0
310160	0	0	0	0	1	0	0	0	0	0	0	0	0	0	0	0	0	0
279534	0	0	0	0	4	0	0	0	0	0	0	0	0	0	0	0	0	0
300136	0	0	0	0	2	0	0	0	0	0	0	0	0	0	0	0	0	0
49088	0	0	0	0	1	0	0	0	0	0	0	0	0	0	0	0	0	0
178253	0	0	0	0	2	0	0	0	0	0	0	0	0	0	0	0	0	0
195759	0	0	0	0	1	0	0	0	0	0	0	0	0	0	0	0	0	0
180629	0	0	0	0	1	0	0	0	0	0	0	0	0	0	0	0	0	0
178852	0	0	0	0	2	0	0	0	0	0	0	0	0	0	0	0	0	0
360268	0	0	0	0	1	0	0	0	0	0	0	0	0	0	0	0	0	0
524884	0	0	0	0	1	0	0	0	0	0	0	0	0	0	0	0	0	0
4412487	0	0	0	0	3	0	0	0	0	0	0	0	0	0	0	0	0	0
193279	0	0	0	0	1	0	0	0	0	0	0	0	0	0	0	0	0	0
321774	0	0	0	0	1	0	0	0	0	0	0	0	0	0	0	0	0	0
369996	0	0	0	0	1	0	0	0	0	0	0	0	0	0	0	0	0	0
4422315	0	0	0	0	1	0	0	0	0	0	0	0	0	0	0	0	0	0
1018482	0	0	0	0	1	0	0	0	0	0	0	0	0	3	13	24	41	35
2196877	0	0	0	0	1	0	0	0	0	0	0	0	0	0	0	0	0	0
340761	0	0	0	0	1	0	0	0	0	0	0	0	0	0	0	0	0	0
2398439	0	0	0	0	1	0	0	0	0	0	0	0	0	0	0	0	0	0
179402	0	0	0	0	1	0	0	0	0	0	0	0	0	0	0	0	0	0
4326869	0	0	0	0	1	0	0	0	0	0	0	0	0	0	0	0	0	0
2034070	0	0	0	0	1	0	0	0	0	0	0	0	0	0	0	0	0	0
661266	0	0	0	0	1	0	0	0	0	0	0	0	0	0	0	0	0	0
899714	0	0	0	0	1	0	0	0	0	0	0	0	0	0	0	0	0	0
231952	0	0	0	0	1	0	0	0	0	0	0	0	0	0	0	0	0	0
310247	0	0	0	0	1	0	0	0	0	0	0	0	0	0	0	0	0	0
359538	0	0	0	0	2	0	0	0	0	0	0	0	0	0	0	0	0	0
258099	0	0	0	0	1	0	0	0	0	0	0	0	0	0	0	0	0	0
190815	0	0	0	0	1	0	0	0	0	0	0	0	0	0	0	0	0	0
361853	0	0	0	0	1	0	0	0	0	0	0	0	0	0	0	0	0	0
196632	0	0	0	0	1	0	0	0	0	0	0	0	0	0	0	0	0	0
836693	0	0	0	0	1	0	0	0	0	0	0	0	0	0	0	0	0	0
177732	0	0	0	0	1	0	0	0	0	0	0	0	0	0	0	0	0	0
321907	0	0	0	0	1	0	0	0	0	0	0	0	0	0	0	0	0	0
174033	0	0	0	0	1	0	0	0	0	0	0	0	0	0	0	0	0	0
4372382	0	0	0	0	1	0	0	0	0	0	0	0	0	0	0	0	0	0
34413	0	0	0	0	1	0	0	0	0	0	0	0	0	0	0	0	0	0
181953	0	0	0	0	1	0	0	0	0	0	0	0	0	0	0	0	0	0
234298	0	0	0	0	3	0	0	0	0	0	0	0	0	0	0	0	0	0
521996	0	0	0	0	1	0	1	0	0	0	0	0	3	6	5	122	119	21
1895780	0	0	0	0	1	0	0	0	0	0	0	0	0	0	0	0	0	0
2851803	0	0	0	0	1	0	0	0	0	0	0	0	0	0	0	0	0	0
184009	0	0	0	0	1	0	0	0	0	0	0	0	0	0	0	0	0	0
279107	0	0	0	0	1	0	0	0	0	0	0	0	0	0	0	0	0	0
196831	0	0	0	0	1	0	0	0	0	0	0	0	0	0	0	0	0	0
581079	0	0	0	0	1	0	0	0	0	0	0	0	0	0	0	0	0	0
195157	0	0	0	0	1	0	0	0	0	0	0	0	0	0	0	0	0	0
175942	0	0	0	0	1	0	0	0	0	0	0	0	0	0	0	0	0	0
300978	0	0	0	0	1	0	0	0	0	0	0	0	0	0	0	0	0	0
299620	0	0	0	0	1	0	0	0	0	0	0	0	0	0	0	0	0	0
204093	0	0	0	0	1	0	0	0	0	0	0	0	0	0	0	0	0	0
114510	0	0	0	0	1	0	0	0	0	0	0	0	0	0	0	0	0	0
3182235	0	0	0	0	1	0	0	0	0	0	0	0	0	0	0	0	0	0
192070	0	0	0	0	1	0	0	0	0	0	0	0	0	0	0	0	0	0
2500766	0	0	0	0	0	1	0	0	0	0	0	0	0	0	0	0	0	0
360015	0	0	0	0	0	53	0	0	0	0	0	0	0	0	0	0	0	0
4417526	0	0	0	0	0	1	0	0	0	0	2	0	0	0	0	0	3	0
174044	0	0	0	0	0	13	0	0	0	0	0	0	0	0	0	0	0	0
4094866	0	0	0	0	0	1	0	0	0	0	0	0	0	0	0	0	0	0
844998	0	0	0	0	0	1	0	0	0	0	0	0	0	0	0	0	0	0
592616	0	0	0	0	0	2	0	0	0	0	0	0	0	0	0	0	0	0
361108	0	0	0	0	0	2	0	0	0	0	0	0	0	0	0	0	0	0
4429536	0	0	0	0	0	20	0	0	0	0	0	0	0	0	0	0	0	0
199543	0	0	0	0	0	1	0	0	0	0	0	0	0	0	0	0	0	0
356760	0	0	0	0	0	6	0	0	0	0	0	0	0	0	0	0	0	0
851715	0	0	0	0	0	1	0	0	0	0	0	0	0	0	0	0	0	0
3235048	0	0	0	0	0	2	0	0	0	0	0	0	0	0	0	0	0	0
784256	0	0	0	0	0	4	0	0	0	0	0	0	0	0	0	0	0	0
362958	0	0	0	0	0	3	0	0	0	0	0	0	0	0	0	0	0	0
194033	0	0	0	0	0	1	0	0	0	0	0	0	0	0	0	0	0	0
3851391	0	0	0	0	0	1	0	0	0	0	0	0	0	0	0	0	0	0
1830364	0	0	0	0	0	1	0	0	0	0	0	0	0	0	0	0	0	0
4464533	0	0	0	0	0	1	0	0	0	0	0	0	0	0	0	0	0	0
585220	0	0	0	0	0	1	0	0	0	0	0	0	0	0	0	0	0	0
2182669	0	0	0	0	0	2	0	0	0	0	0	0	0	0	0	0	0	0
197435	0	0	0	0	0	1	0	0	0	0	0	0	0	0	0	0	0	0
2052289	0	0	0	0	0	3	0	0	0	0	0	0	0	0	0	0	0	0
3563387	0	0	0	0	0	1	0	0	0	0	0	0	0	0	0	0	0	0
4456702	0	0	0	0	0	1	0	0	0	0	0	0	0	0	0	0	0	0
4422656	0	0	0	0	0	1	0	0	0	0	0	0	0	0	0	0	0	0
521851	0	0	0	0	0	1	3	0	0	4	0	0	4	18	11	8	25	11
302746	0	0	0	0	0	2	0	0	0	0	0	0	0	0	0	0	0	0
923032	0	0	0	0	0	1	6	0	1	0	1	0	0	0	0	0	0	0
849723	0	0	0	0	0	2	0	0	0	0	0	0	0	0	0	0	0	0
196370	0	0	0	0	0	2	0	0	0	0	0	0	0	0	0	0	0	0
4416025	0	0	0	0	0	1	0	0	0	0	0	0	0	0	0	0	0	0
169364	0	0	0	0	0	1	0	0	0	0	0	0	0	0	0	0	0	0
197225	0	0	0	0	0	1	0	0	0	0	0	0	0	0	0	0	0	0
1940	0	0	0	0	0	0	58	13	17	2	45	9	92	3	10	10	6	8
2199223	0	0	0	0	0	0	8	2	1	0	0	0	0	0	0	0	0	0
1887417	0	0	0	0	0	0	47	0	3	0	2	0	3	0	0	0	0	0
4431828	0	0	0	0	0	0	4	0	0	0	0	0	0	0	0	0	0	0
4329957	0	0	0	0	0	0	89	4	0	0	5	0	0	0	0	0	0	0
4297955	0	0	0	0	0	0	28	4	1	1	13	0	9	0	2	0	2	0
686900	0	0	0	0	0	0	12	0	2	33	16	0	1	0	0	0	0	1
2195	0	0	0	0	0	0	44	43	34	7	54	1	0	0	0	4	4	0
114621	0	0	0	0	0	0	22	1	5	0	15	0	5	0	0	1	4	2
820843	0	0	0	0	0	0	2	4	2	0	1	0	4	0	1	0	0	1
4398594	0	0	0	0	0	0	240	0	197	37	133	30	111	0	3	0	2	3
851961	0	0	0	0	0	0	59	0	1	0	33	0	0	0	1	0	0	0
4302288	0	0	0	0	0	0	2	0	0	0	0	0	3	2	6	4	6	7
151814	0	0	0	0	0	0	31	1	6	0	11	0	0	0	0	0	0	0
4459021	0	0	0	0	0	0	53	2	9	6	28	12	33	0	1	0	0	4
4444038	0	0	0	0	0	0	39	0	0	0	14	7	0	0	0	0	3	1
4338152	0	0	0	0	0	0	18	4	116	0	55	2	10	0	2	0	0	0
4391161	0	0	0	0	0	0	57	14	92	31	36	2	42	3	1	1	1	1
91842	0	0	0	0	0	0	16	1	5	1	13	6	0	0	0	0	0	0
2887205	0	0	0	0	0	0	22	1	7	0	24	0	0	1	0	0	0	0
1028549	0	0	0	0	0	0	39	4	7	3	14	0	9	0	0	3	1	1
4359222	0	0	0	0	0	0	18	1	0	0	2	0	0	0	1	0	0	0
2866420	0	0	0	0	0	0	13	11	2	2	1	1	2	0	0	0	0	0
922964	0	0	0	0	0	0	29	28	29	109	29	0	8	3	7	3	3	3
4338511	0	0	0	0	0	0	3	0	0	0	0	0	3	1	4	0	4	0
4320513	0	0	0	0	0	0	32	1	0	4	7	4	3	2	1	0	2	1
70887	0	0	0	0	0	0	50	0	0	0	3	0	5	0	0	0	0	0
4475758	0	0	0	0	0	0	13	2	6	12	4	1	4	1	5	0	14	7
4483174	0	0	0	0	0	0	5	0	0	15	2	0	0	0	0	0	0	1
4425172	0	0	0	0	0	0	58	6	0	3	15	2	1	0	0	0	1	0
245523	0	0	0	0	0	0	11	0	0	0	0	0	16	0	1	0	0	0
4091450	0	0	0	0	0	0	49	3	16	0	15	5	18	0	0	0	0	1
4310024	0	0	0	0	0	0	20	0	8	2	23	22	0	0	1	0	0	0
4356465	0	0	0	0	0	0	1	0	0	0	0	0	0	0	0	0	0	0
1712416	0	0	0	0	0	0	8	0	0	2	0	3	3	24	21	2	18	5
2836861	0	0	0	0	0	0	21	2	4	1	17	3	12	0	1	1	2	2
14157	0	0	0	0	0	0	30	14	13	11	5	1	0	1	0	0	1	1
4338512	0	0	0	0	0	0	9	0	0	0	0	0	1	0	0	0	1	0
3907	0	0	0	0	0	0	26	0	14	5	19	9	47	0	1	0	1	1
68345	0	0	0	0	0	0	19	0	5	1	11	1	1	0	0	0	0	0
4415943	0	0	0	0	0	0	27	1	11	1	13	1	6	0	0	0	0	2
92144	0	0	0	0	0	0	1	0	1	0	0	1	5	0	0	0	0	0
114813	0	0	0	0	0	0	52	0	3	0	14	11	11	0	5	5	0	0
851704	0	0	0	0	0	0	68	179	3	55	12	2	0	0	0	1	1	0
4442127	0	0	0	0	0	0	13	1	17	3	0	0	9	0	0	0	0	0
4342860	0	0	0	0	0	0	4	0	2	0	0	2	0	9	7	0	1	3
4369050	0	0	0	0	0	0	87	9	99	47	23	1	25	1	2	3	14	8
4362073	0	0	0	0	0	0	1	0	0	0	1	0	0	0	0	0	0	0
524725	0	0	0	0	0	0	5	8	3	2	3	0	6	0	0	1	3	1
3996148	0	0	0	0	0	0	12	1	0	5	0	0	6	27	23	109	103	37
2783638	0	0	0	0	0	0	11	29	1	20	5	2	12	4	16	4	0	0
4307228	0	0	0	0	0	0	24	0	9	1	13	0	9	0	0	0	1	1
280567	0	0	0	0	0	0	29	6	10	5	5	1	1	3	2	3	0	3
253550	0	0	0	0	0	0	25	0	0	0	1	0	1	0	0	0	0	0
4320312	0	0	0	0	0	0	1	0	0	0	0	0	0	0	0	1	0	0
4350466	0	0	0	0	0	0	5	0	0	0	0	0	0	0	3	1	1	0
92263	0	0	0	0	0	0	6	0	0	0	4	1	6	0	0	0	0	2
1098140	0	0	0	0	0	0	13	0	0	0	0	1	2	3	1	1	1	1
4344933	0	0	0	0	0	0	16	0	0	0	0	0	0	1	0	0	1	0
72112	0	0	0	0	0	0	56	0	30	73	25	10	8	0	10	0	3	9
3878210	0	0	0	0	0	0	8	26	6	16	18	15	31	1	3	6	6	1
124523	0	0	0	0	0	0	15	0	0	0	0	0	4	0	0	0	0	0
71146	0	0	0	0	0	0	9	0	0	2	5	0	3	0	1	0	0	0
4319972	0	0	0	0	0	0	10	0	0	0	2	6	11	1	0	1	0	0
2959075	0	0	0	0	0	0	24	0	0	0	0	0	11	0	0	0	0	0
1106384	0	0	0	0	0	0	3	3	2	0	3	5	0	0	0	0	0	0
851923	0	0	0	0	0	0	25	2	0	0	4	0	0	0	0	0	0	1
1049574	0	0	0	0	0	0	11	1	4	1	0	2	5	15	36	19	19	24
1143468	0	0	0	0	0	0	50	1	0	1	25	1	10	0	3	0	1	1
1077185	0	0	0	0	0	0	16	0	0	0	3	0	11	0	0	0	0	1
11296	0	0	0	0	0	0	1	22	2	0	0	4	2	0	1	1	10	2
967427	0	0	0	0	0	0	15	5	1	4	1	7	26	54	53	40	54	19
4305935	0	0	0	0	0	0	5	0	0	0	2	0	1	1	0	0	1	0
1887414	0	0	0	0	0	0	20	1	5	0	56	14	2	0	4	1	2	1
790466	0	0	0	0	0	0	14	0	2	0	7	9	22	0	0	0	0	0
3221156	0	0	0	0	0	0	21	0	9	0	16	1	12	1	0	0	0	1
2055565	0	0	0	0	0	0	2	0	0	0	1	1	1	0	0	0	0	0
44257	0	0	0	0	0	0	11	0	0	0	0	0	5	0	2	0	0	0
4437515	0	0	0	0	0	0	1	0	3	0	12	0	5	0	0	1	0	1
1146108	0	0	0	0	0	0	1	0	0	0	0	0	0	0	0	0	1	0
23709	0	0	0	0	0	0	7	0	2	0	6	0	3	0	0	0	0	0
63015	0	0	0	0	0	0	5	0	3	0	0	0	2	0	0	0	0	0
4307006	0	0	0	0	0	0	4	1	0	0	0	0	0	0	0	0	0	0
4460507	0	0	0	0	0	0	34	0	6	1	4	2	6	0	0	0	0	0
29056	0	0	0	0	0	0	21	0	0	0	3	0	2	0	0	0	1	0
578756	0	0	0	0	0	0	10	3	0	0	6	3	2	0	0	2	8	0
59574	0	0	0	0	0	0	19	0	1	0	48	18	2	0	0	0	0	1
499109	0	0	0	0	0	0	6	0	0	0	1	2	3	12	27	14	16	21
977756	0	0	0	0	0	0	5	4	2	0	0	12	1	0	1	0	5	0
4477971	0	0	0	0	0	0	1	0	0	0	2	0	2	0	0	0	0	0
676367	0	0	0	0	0	0	5	0	0	0	1	0	4	0	1	0	1	0
128801	0	0	0	0	0	0	1	0	0	0	2	0	0	0	0	0	0	0
851938	0	0	0	0	0	0	2	4	7	3	2	1	2	7	14	3	6	17
87506	0	0	0	0	0	0	5	0	0	0	0	0	1	0	2	0	1	0
463843	0	0	0	0	0	0	8	2	11	0	14	4	3	0	0	0	0	0
4406621	0	0	0	0	0	0	7	0	3	0	6	0	5	0	0	1	0	1
361476	0	0	0	0	0	0	14	0	2	0	2	6	7	0	1	0	0	0
165107	0	0	0	0	0	0	6	0	2	0	4	0	1	0	0	0	0	0
4403494	0	0	0	0	0	0	1	0	4	0	2	0	0	0	0	0	0	0
4036316	0	0	0	0	0	0	3	0	0	0	0	0	0	0	0	0	0	0
928424	0	0	0	0	0	0	1	4	0	0	0	2	1	19	10	21	36	14
4422512	0	0	0	0	0	0	10	0	19	0	2	0	1	0	2	0	0	0
4307230	0	0	0	0	0	0	19	1	3	0	18	1	3	0	0	0	0	0
2217384	0	0	0	0	0	0	1	0	0	0	2	0	0	0	0	0	0	0
168817	0	0	0	0	0	0	17	0	0	0	0	0	3	0	0	0	0	0
565720	0	0	0	0	0	0	2	0	0	0	0	0	3	0	0	0	0	0
4383049	0	0	0	0	0	0	1	0	5	0	0	3	2	0	1	5	0	0
2228	0	0	0	0	0	0	10	1	9	0	4	0	7	0	0	1	1	0
54330	0	0	0	0	0	0	1	1	0	0	1	0	0	0	1	0	1	1
610111	0	0	0	0	0	0	2	8	0	0	7	0	1	0	0	0	0	0
3931	0	0	0	0	0	0	7	0	0	0	1	1	2	0	0	0	0	0
1057995	0	0	0	0	0	0	5	1	0	0	1	0	3	0	0	0	0	0
1139769	0	0	0	0	0	0	15	1	13	12	0	2	8	23	36	105	46	112
1024613	0	0	0	0	0	0	2	0	0	0	0	0	1	39	14	11	22	4
1931	0	0	0	0	0	0	2	0	0	1	0	0	0	0	11	0	0	0
3537764	0	0	0	0	0	0	8	0	1	0	2	0	2	0	0	0	0	0
1060104	0	0	0	0	0	0	1	0	0	0	0	0	4	2	27	54	62	9
4314014	0	0	0	0	0	0	2	0	0	0	2	1	1	0	1	1	0	0
833609	0	0	0	0	0	0	5	0	0	0	8	0	5	0	1	13	2	5
119951	0	0	0	0	0	0	2	0	3	0	0	0	13	0	0	0	0	0
4297119	0	0	0	0	0	0	7	5	0	0	1	0	0	0	0	0	1	0
648610	0	0	0	0	0	0	1	0	0	0	1	0	0	0	1	0	0	0
41128	0	0	0	0	0	0	2	0	0	0	0	0	0	0	0	0	0	0
535359	0	0	0	0	0	0	11	0	3	0	7	12	0	4	21	0	1	5
122517	0	0	0	0	0	0	8	0	6	0	5	9	8	1	2	1	1	0
92231	0	0	0	0	0	0	3	1	0	0	0	1	0	0	0	1	1	1
355750	0	0	0	0	0	0	2	0	0	0	0	0	22	48	120	64	98	87
4395450	0	0	0	0	0	0	1	1	0	0	0	0	1	0	0	0	1	0
71649	0	0	0	0	0	0	1	0	0	0	3	1	2	0	0	1	0	0
72513	0	0	0	0	0	0	9	2	0	0	0	0	1	0	0	0	0	0
2901970	0	0	0	0	0	0	1	0	0	0	0	0	0	0	0	0	0	0
4354540	0	0	0	0	0	0	3	0	0	0	0	0	5	231	55	95	118	54
983600	0	0	0	0	0	0	3	2	0	0	0	0	1	1	11	0	0	0
4411875	0	0	0	0	0	0	3	0	0	0	1	0	0	0	0	0	0	0
92430	0	0	0	0	0	0	8	0	2	0	8	0	10	0	0	0	0	2
942927	0	0	0	0	0	0	2	0	1	0	0	0	1	2	9	0	2	1
254476	0	0	0	0	0	0	5	1	1	0	2	0	10	0	1	1	0	0
71165	0	0	0	0	0	0	3	0	0	1	0	0	0	0	0	0	0	1
664697	0	0	0	0	0	0	2	0	0	0	0	0	1	0	0	1	0	4
4402941	0	0	0	0	0	0	5	1	4	0	3	0	2	0	0	0	0	0
4463013	0	0	0	0	0	0	4	0	3	0	18	2	1	0	0	0	0	0
4442130	0	0	0	0	0	0	2	0	0	0	0	2	3	109	33	54	48	81
4308098	0	0	0	0	0	0	1	0	2	0	0	0	3	1	0	0	1	0
2883975	0	0	0	0	0	0	16	8	0	0	3	1	1	0	0	0	0	1
4447514	0	0	0	0	0	0	2	0	0	0	3	0	4	0	2	0	0	0
4456252	0	0	0	0	0	0	2	4	1	0	11	1	1	0	0	1	0	0
4296858	0	0	0	0	0	0	5	0	0	0	0	1	0	0	0	0	0	0
4478358	0	0	0	0	0	0	4	2	0	1	2	0	1	0	0	0	6	3
1759711	0	0	0	0	0	0	2	0	0	0	0	3	2	76	21	113	52	7
530224	0	0	0	0	0	0	1	0	0	0	0	0	0	0	0	0	0	0
4294775	0	0	0	0	0	0	7	0	0	0	1	1	2	0	0	0	0	0
258034	0	0	0	0	0	0	1	0	0	0	1	0	1	0	0	0	0	0
4318352	0	0	0	0	0	0	1	0	0	0	0	2	4	1	20	1	61	1
920105	0	0	0	0	0	0	2	0	0	0	0	0	1	1	0	4	8	1
4444200	0	0	0	0	0	0	5	0	2	3	0	8	13	7	7	5	23	2
4308213	0	0	0	0	0	0	1	0	0	0	0	0	0	0	0	0	0	0
2647328	0	0	0	0	0	0	3	0	0	0	0	0	2	0	2	1	0	1
4439690	0	0	0	0	0	0	3	0	0	6	0	0	0	0	0	0	0	0
949816	0	0	0	0	0	0	1	0	0	0	0	1	4	0	0	1	4	1
989315	0	0	0	0	0	0	5	0	1	13	1	1	9	9	8	6	2	1
4335578	0	0	0	0	0	0	7	0	1	0	3	0	13	0	2	5	4	15
39443	0	0	0	0	0	0	1	0	0	1	0	0	0	19	2	5	0	1
1026498	0	0	0	0	0	0	3	0	0	0	0	0	2	1	0	0	2	0
4437399	0	0	0	0	0	0	4	0	0	0	2	0	0	0	0	0	0	0
24210	0	0	0	0	0	0	1	0	0	0	0	0	2	0	0	0	0	0
4310995	0	0	0	0	0	0	1	0	0	0	0	0	0	0	0	1	0	3
87442	0	0	0	0	0	0	5	0	0	0	6	0	1	0	0	0	1	1
4408558	0	0	0	0	0	0	4	0	8	0	0	3	0	0	2	0	0	2
4419380	0	0	0	0	0	0	2	0	1	0	5	0	1	0	1	0	0	0
251702	0	0	0	0	0	0	1	0	0	0	0	1	5	0	0	0	0	0
1507389	0	0	0	0	0	0	1	0	0	0	0	0	1	1	2	7	0	0
991729	0	0	0	0	0	0	1	0	0	0	0	0	0	0	0	0	0	0
1749615	0	0	0	0	0	0	1	0	0	0	1	0	1	0	1	0	0	0
3932	0	0	0	0	0	0	1	0	0	0	0	0	2	0	0	0	0	0
851935	0	0	0	0	0	0	6	0	0	0	7	0	1	0	1	0	11	1
239923	0	0	0	0	0	0	5	0	5	0	9	5	10	0	0	0	0	0
4480923	0	0	0	0	0	0	1	0	0	0	0	0	0	0	0	0	0	0
4383407	0	0	0	0	0	0	1	0	0	0	0	0	0	0	0	0	0	0
4356832	0	0	0	0	0	0	2	0	0	0	0	0	2	25	5	55	14	4
88035	0	0	0	0	0	0	4	0	0	0	13	0	1	1	0	0	1	0
4455183	0	0	0	0	0	0	3	1	0	0	3	0	5	0	0	0	1	0
4401235	0	0	0	0	0	0	3	0	0	0	1	0	0	0	0	0	0	0
894045	0	0	0	0	0	0	4	0	0	0	0	1	6	20	25	55	33	12
4306178	0	0	0	0	0	0	3	0	0	0	0	0	0	1	0	0	0	0
2160415	0	0	0	0	0	0	1	0	3	0	4	2	3	0	0	1	2	1
2377731	0	0	0	0	0	0	1	0	0	0	0	0	0	0	0	0	0	0
4062647	0	0	0	0	0	0	1	0	0	0	0	0	0	0	0	0	0	0
4440672	0	0	0	0	0	0	4	0	4	0	1	3	10	0	0	0	0	0
4347875	0	0	0	0	0	0	2	0	2	0	0	1	2	0	0	0	0	0
1106150	0	0	0	0	0	0	6	0	0	0	0	0	0	0	0	0	0	0
43339	0	0	0	0	0	0	2	0	0	0	1	0	0	0	0	0	1	1
2291414	0	0	0	0	0	0	2	0	0	0	0	1	4	19	2	31	24	11
4433523	0	0	0	0	0	0	1	0	0	0	0	0	0	0	0	0	0	0
4432435	0	0	0	0	0	0	1	0	1	0	1	0	1	2	3	0	5	17
4466843	0	0	0	0	0	0	1	0	5	0	1	0	2	1	0	0	0	0
1061192	0	0	0	0	0	0	1	0	0	0	0	0	0	0	0	0	0	0
4341205	0	0	0	0	0	0	2	0	1	0	0	2	3	0	2	14	7	10
872446	0	0	0	0	0	0	1	0	0	0	0	0	1	5	2	0	1	0
1082539	0	0	0	0	0	0	1	0	0	0	0	0	0	0	0	0	0	0
787663	0	0	0	0	0	0	1	0	2	0	0	2	0	1	2	5	2	5
4299087	0	0	0	0	0	0	1	0	0	0	0	0	0	2	0	0	0	0
12560	0	0	0	0	0	0	1	0	0	0	0	0	0	0	0	0	0	0
4093791	0	0	0	0	0	0	1	0	2	0	0	3	5	0	0	0	0	0
3769033	0	0	0	0	0	0	1	0	2	0	0	1	1	0	0	1	0	0
502919	0	0	0	0	0	0	1	0	0	6	0	0	0	0	0	0	0	0
4299128	0	0	0	0	0	0	2	0	0	1	5	1	2	0	1	0	1	0
4431443	0	0	0	0	0	0	2	0	0	0	0	0	2	1	0	2	0	0
685832	0	0	0	0	0	0	1	0	0	0	0	2	0	0	0	0	0	0
2380	0	0	0	0	0	0	1	0	0	0	0	0	1	0	0	0	1	0
2973395	0	0	0	0	0	0	1	0	0	0	0	3	14	102	78	67	180	12
802262	0	0	0	0	0	0	1	0	0	0	0	0	0	0	0	0	0	0
981894	0	0	0	0	0	0	1	0	0	0	0	1	1	0	2	0	6	2
1032841	0	0	0	0	0	0	1	0	0	0	0	0	0	0	0	0	0	0
4447992	0	0	0	0	0	0	2	28	2	173	2	0	1	0	0	0	1	2
4443201	0	0	0	0	0	0	1	3	3	1	0	0	1	0	5	7	5	12
95168	0	0	0	0	0	0	1	0	1	0	1	1	4	0	0	0	0	0
893979	0	0	0	0	0	0	1	0	0	0	0	0	0	0	0	0	0	0
1098340	0	0	0	0	0	0	1	0	1	0	0	1	1	2	5	1	0	1
4443207	0	0	0	0	0	0	1	0	0	1	0	0	0	1	0	0	0	0
3592276	0	0	0	0	0	0	1	0	0	0	0	0	0	0	0	0	0	0
23149	0	0	0	0	0	0	1	0	0	0	0	0	0	0	0	0	0	0
963216	0	0	0	0	0	0	1	1	0	1	0	0	2	0	2	0	0	0
4474756	0	0	0	0	0	0	1	62	5	21	3	4	5	0	0	0	0	6
922397	0	0	0	0	0	0	2	0	0	0	0	0	0	0	0	0	0	0
2857302	0	0	0	0	0	0	1	0	0	0	0	0	1	0	0	0	0	0
1606937	0	0	0	0	0	0	1	24	208	49	249	41	128	0	6	0	1	0
714766	0	0	0	0	0	0	1	0	1	1	0	0	0	0	10	19	6	25
1066621	0	0	0	0	0	0	1	2	6	1	1	6	1	96	118	97	47	161
1124080	0	0	0	0	0	0	2	0	0	0	9	0	8	0	0	0	0	0
893335	0	0	0	0	0	0	2	0	0	0	0	0	11	28	18	3	13	2
4329913	0	0	0	0	0	0	1	0	0	0	1	0	0	0	0	0	0	0
302235	0	0	0	0	0	0	1	0	0	0	0	0	0	0	0	0	0	0
642525	0	0	0	0	0	0	1	0	0	0	0	0	0	0	1	0	0	1
4330071	0	0	0	0	0	0	1	0	0	0	0	0	1	15	25	10	18	6
2469654	0	0	0	0	0	0	1	0	2	0	10	2	0	0	1	1	0	23
883387	0	0	0	0	0	0	1	0	0	0	0	0	0	0	0	0	0	0
73120	0	0	0	0	0	0	0	1	0	0	1	0	0	0	0	0	0	0
1103170	0	0	0	0	0	0	0	14	1	0	0	0	1	0	1	0	0	1
539819	0	0	0	0	0	0	0	2	0	0	0	0	0	0	0	0	0	0
691088	0	0	0	0	0	0	0	1	1	0	0	0	0	0	3	0	0	0
4179834	0	0	0	0	0	0	0	16	1	0	0	0	2	9	5	8	3	12
4394390	0	0	0	0	0	0	0	13	0	0	0	3	6	0	0	0	0	0
72964	0	0	0	0	0	0	0	2	28	0	0	0	1	0	0	0	0	0
14920	0	0	0	0	0	0	0	13	0	0	0	0	0	0	0	0	0	0
1122364	0	0	0	0	0	0	0	1	0	0	0	0	4	12	0	4	5	0
4416763	0	0	0	0	0	0	0	1	0	8	0	0	0	0	0	0	0	0
4302472	0	0	0	0	0	0	0	1	0	4	0	0	0	0	0	0	0	0
4375664	0	0	0	0	0	0	0	8	0	0	0	0	0	0	0	0	0	0
4450260	0	0	0	0	0	0	0	1	0	1	0	0	0	0	0	0	1	0
1011398	0	0	0	0	0	0	0	1	0	0	0	0	0	0	0	0	0	0
4351304	0	0	0	0	0	0	0	1	0	0	0	0	0	0	0	0	0	0
1042805	0	0	0	0	0	0	0	1	0	0	0	0	1	20	7	13	5	4
960519	0	0	0	0	0	0	0	2	0	0	0	0	1	2	2	4	7	1
4428568	0	0	0	0	0	0	0	1	0	0	0	0	0	0	0	0	2	0
4366487	0	0	0	0	0	0	0	2	0	0	0	0	3	1	0	4	0	0
886640	0	0	0	0	0	0	0	1	0	0	1	0	0	0	0	0	0	0
527485	0	0	0	0	0	0	0	1	0	0	1	2	1	0	0	0	0	0
1088134	0	0	0	0	0	0	0	3	0	0	0	0	5	1	1	2	12	0
4364628	0	0	0	0	0	0	0	1	0	0	21	9	2	0	0	0	0	0
931121	0	0	0	0	0	0	0	1	0	0	1	2	1	1	5	6	1	8
938043	0	0	0	0	0	0	0	1	0	1	0	0	1	9	2	0	0	1
4004098	0	0	0	0	0	0	0	1	1	0	0	0	3	0	0	0	0	0
4315804	0	0	0	0	0	0	0	1	0	0	0	0	0	0	0	0	0	0
114498	0	0	0	0	0	0	0	1	0	0	0	0	0	0	0	0	0	0
532521	0	0	0	0	0	0	0	1	0	0	0	0	1	0	0	0	0	0
12574	0	0	0	0	0	0	0	1	1	1	0	0	1	0	5	8	19	8
749837	0	0	0	0	0	0	0	1	0	0	1	0	1	8	7	14	3	19
566233	0	0	0	0	0	0	0	1	0	0	0	0	0	0	0	0	1	0
4428060	0	0	0	0	0	0	0	1	10	0	3	19	0	0	0	0	0	0
927991	0	0	0	0	0	0	0	1	0	0	0	0	0	11	4	41	2	0
217734	0	0	0	0	0	0	0	1	0	0	0	0	0	0	0	0	0	0
4483015	0	0	0	0	0	0	0	1	0	0	0	2	1	2	18	0	0	1
4479603	0	0	0	0	0	0	0	0	6	0	0	0	0	0	1	0	0	1
669126	0	0	0	0	0	0	0	0	23	0	6	0	0	0	0	0	0	0
1000273	0	0	0	0	0	0	0	0	1	0	0	0	0	0	1	0	2	1
269907	0	0	0	0	0	0	0	0	2	0	0	0	0	6	6	16	1	4
422455	0	0	0	0	0	0	0	0	13	0	0	0	0	0	0	0	0	0
2613485	0	0	0	0	0	0	0	0	1	0	1	0	0	0	0	0	0	0
1080874	0	0	0	0	0	0	0	0	1	0	0	0	0	3	1	0	0	1
3918	0	0	0	0	0	0	0	0	1	0	0	0	0	0	0	0	0	0
250288	0	0	0	0	0	0	0	0	1	4	0	0	6	0	0	2	0	0
92043	0	0	0	0	0	0	0	0	1	0	0	0	0	0	0	0	0	0
1696853	0	0	0	0	0	0	0	0	2	0	0	1	4	55	49	48	78	31
4313608	0	0	0	0	0	0	0	0	3	0	2	1	0	1	3	0	0	0
4430826	0	0	0	0	0	0	0	0	1	0	0	0	0	4	3	4	5	58
4394095	0	0	0	0	0	0	0	0	2	0	0	0	0	0	1	0	0	0
4451251	0	0	0	0	0	0	0	0	1	0	2	2	1	3	8	6	8	12
40768	0	0	0	0	0	0	0	0	3	0	1	1	0	0	0	0	0	0
4315834	0	0	0	0	0	0	0	0	1	0	0	0	1	0	0	0	1	0
4408771	0	0	0	0	0	0	0	0	11	0	24	6	17	0	0	0	0	0
799024	0	0	0	0	0	0	0	0	1	0	0	0	0	0	12	4	12	81
3922	0	0	0	0	0	0	0	0	3	0	0	0	0	0	0	0	0	0
4419379	0	0	0	0	0	0	0	0	2	0	0	0	0	0	0	0	0	0
4438147	0	0	0	0	0	0	0	0	1	0	0	0	0	1	0	0	0	0
226450	0	0	0	0	0	0	0	0	1	0	0	0	0	2	1	1	2	0
4299136	0	0	0	0	0	0	0	0	1	0	0	0	0	1	0	0	0	0
308956	0	0	0	0	0	0	0	0	1	0	0	0	0	0	0	0	0	0
4449251	0	0	0	0	0	0	0	0	1	0	0	0	0	0	0	0	0	0
4344207	0	0	0	0	0	0	0	0	3	0	2	2	1	0	1	3	0	1
898611	0	0	0	0	0	0	0	0	6	0	0	0	0	0	0	0	0	1
4346863	0	0	0	0	0	0	0	0	1	0	0	0	0	0	0	0	0	0
167270	0	0	0	0	0	0	0	0	1	0	2	0	1	0	0	0	1	0
518686	0	0	0	0	0	0	0	0	1	0	2	0	0	0	7	3	5	35
4330849	0	0	0	0	0	0	0	0	1	0	0	0	0	0	1	2	1	4
121373	0	0	0	0	0	0	0	0	1	0	0	0	2	0	0	0	0	0
2704013	0	0	0	0	0	0	0	0	1	0	0	0	2	0	0	0	0	0
861780	0	0	0	0	0	0	0	0	2	0	0	0	0	0	2	0	1	5
246785	0	0	0	0	0	0	0	0	1	0	0	0	1	0	0	0	0	0
4318567	0	0	0	0	0	0	0	0	1	0	0	0	0	0	0	0	0	1
1089121	0	0	0	0	0	0	0	0	1	0	0	2	0	0	1	3	1	12
343288	0	0	0	0	0	0	0	0	2	0	0	1	0	0	0	0	0	0
4419375	0	0	0	0	0	0	0	0	1	0	0	0	1	0	0	0	0	0
4432042	0	0	0	0	0	0	0	0	1	0	0	1	0	0	0	1	0	0
113542	0	0	0	0	0	0	0	0	2	0	0	0	0	0	0	0	0	0
2394	0	0	0	0	0	0	0	0	1	0	4	1	0	0	0	0	0	0
103151	0	0	0	0	0	0	0	0	1	0	0	4	0	0	0	0	0	0
42091	0	0	0	0	0	0	0	0	0	17	0	0	0	0	0	0	1	0
545772	0	0	0	0	0	0	0	0	0	1	0	1	0	0	1	0	0	0
4314737	0	0	0	0	0	0	0	0	0	6	0	0	0	0	0	0	0	0
48583	0	0	0	0	0	0	0	0	0	7	0	1	0	0	0	0	0	0
4430300	0	0	0	0	0	0	0	0	0	1	0	0	3	7	9	5	35	18
4377624	0	0	0	0	0	0	0	0	0	1	0	0	0	0	0	0	0	0
4207350	0	0	0	0	0	0	0	0	0	5	0	0	0	0	0	0	0	0
1021368	0	0	0	0	0	0	0	0	0	1	0	0	0	0	6	3	9	1
4393926	0	0	0	0	0	0	0	0	0	1	0	0	1	7	5	6	1	0
4459669	0	0	0	0	0	0	0	0	0	2	0	0	0	0	0	0	0	0
4449250	0	0	0	0	0	0	0	0	0	4	19	5	19	0	0	0	0	0
4480465	0	0	0	0	0	0	0	0	0	1	0	0	0	0	0	0	0	0
524318	0	0	0	0	0	0	0	0	0	1	0	0	0	0	0	0	0	0
4480775	0	0	0	0	0	0	0	0	0	1	0	0	0	0	0	0	2	1
4331217	0	0	0	0	0	0	0	0	0	1	0	0	0	0	0	0	2	0
1068499	0	0	0	0	0	0	0	0	0	1	0	0	0	0	0	0	0	0
545299	0	0	0	0	0	0	0	0	0	1	0	0	0	0	0	0	0	0
4422456	0	0	0	0	0	0	0	0	0	1	0	0	1	2	4	27	9	0
4385420	0	0	0	0	0	0	0	0	0	1	0	0	0	0	0	0	0	1
1055931	0	0	0	0	0	0	0	0	0	1	0	0	0	0	1	0	0	1
2391364	0	0	0	0	0	0	0	0	0	1	8	0	2	0	0	0	0	1
4449226	0	0	0	0	0	0	0	0	0	1	2	0	0	0	0	0	0	0
676066	0	0	0	0	0	0	0	0	0	1	0	0	0	0	0	0	0	0
259097	0	0	0	0	0	0	0	0	0	0	8	0	0	0	0	0	0	0
29566	0	0	0	0	0	0	0	0	0	0	33	0	1	0	0	0	0	0
430191	0	0	0	0	0	0	0	0	0	0	18	0	23	0	0	0	0	0
2222	0	0	0	0	0	0	0	0	0	0	2	5	0	17	23	0	6	31
4316226	0	0	0	0	0	0	0	0	0	0	2	0	0	0	0	0	0	0
74407	0	0	0	0	0	0	0	0	0	0	6	0	0	0	0	0	0	0
4306587	0	0	0	0	0	0	0	0	0	0	3	0	0	0	1	0	0	0
4329788	0	0	0	0	0	0	0	0	0	0	1	3	0	0	6	2	2	29
3769032	0	0	0	0	0	0	0	0	0	0	8	7	0	0	0	0	0	0
121566	0	0	0	0	0	0	0	0	0	0	10	1	1	0	0	0	0	0
3581175	0	0	0	0	0	0	0	0	0	0	2	0	0	0	0	0	0	0
4400869	0	0	0	0	0	0	0	0	0	0	2	0	0	0	1	10	0	2
125230	0	0	0	0	0	0	0	0	0	0	1	3	5	0	0	0	0	0
250038	0	0	0	0	0	0	0	0	0	0	4	0	3	0	0	0	0	0
4447219	0	0	0	0	0	0	0	0	0	0	3	0	0	0	0	0	0	0
607045	0	0	0	0	0	0	0	0	0	0	2	0	0	0	0	1	0	0
71799	0	0	0	0	0	0	0	0	0	0	2	0	4	0	0	0	0	0
247984	0	0	0	0	0	0	0	0	0	0	1	0	0	0	0	0	0	0
547660	0	0	0	0	0	0	0	0	0	0	1	0	0	0	0	0	0	0
59569	0	0	0	0	0	0	0	0	0	0	3	0	2	0	0	0	0	0
86428	0	0	0	0	0	0	0	0	0	0	2	1	1	10	11	17	20	77
4432347	0	0	0	0	0	0	0	0	0	0	1	0	0	0	0	0	0	0
4460404	0	0	0	0	0	0	0	0	0	0	1	0	0	0	12	0	0	4
201364	0	0	0	0	0	0	0	0	0	0	1	0	0	0	0	0	0	0
851782	0	0	0	0	0	0	0	0	0	0	3	0	0	0	0	1	0	0
2480553	0	0	0	0	0	0	0	0	0	0	2	0	0	0	5	6	8	10
851824	0	0	0	0	0	0	0	0	0	0	2	0	2	0	1	0	0	0
71638	0	0	0	0	0	0	0	0	0	0	1	0	0	0	0	0	0	0
238594	0	0	0	0	0	0	0	0	0	0	1	0	0	0	0	0	0	0
92629	0	0	0	0	0	0	0	0	0	0	1	0	0	0	2	0	0	0
28118	0	0	0	0	0	0	0	0	0	0	1	0	1	0	0	0	4	0
4370169	0	0	0	0	0	0	0	0	0	0	1	0	0	0	0	1	2	5
168583	0	0	0	0	0	0	0	0	0	0	3	0	0	0	0	0	0	0
4405932	0	0	0	0	0	0	0	0	0	0	1	0	0	0	0	0	0	0
4416015	0	0	0	0	0	0	0	0	0	0	1	0	0	0	0	0	0	0
4404222	0	0	0	0	0	0	0	0	0	0	1	0	0	0	0	0	0	0
840905	0	0	0	0	0	0	0	0	0	0	3	0	0	0	0	0	0	0
4427701	0	0	0	0	0	0	0	0	0	0	1	0	0	0	1	0	0	0
55854	0	0	0	0	0	0	0	0	0	0	1	1	0	0	0	0	0	0
1033687	0	0	0	0	0	0	0	0	0	0	2	0	0	0	0	1	0	0
4340137	0	0	0	0	0	0	0	0	0	0	1	0	0	0	0	0	0	1
4300503	0	0	0	0	0	0	0	0	0	0	1	0	1	0	0	1	0	0
124932	0	0	0	0	0	0	0	0	0	0	1	0	0	0	0	0	0	0
254099	0	0	0	0	0	0	0	0	0	0	1	0	0	0	2	0	0	0
4297695	0	0	0	0	0	0	0	0	0	0	1	0	0	0	0	0	0	0
4403749	0	0	0	0	0	0	0	0	0	0	1	0	0	0	0	0	0	0
4302571	0	0	0	0	0	0	0	0	0	0	1	0	0	0	0	0	0	0
594026	0	0	0	0	0	0	0	0	0	0	1	0	2	1	0	0	0	0
787709	0	0	0	0	0	0	0	0	0	0	0	8	3	0	0	0	0	0
4425150	0	0	0	0	0	0	0	0	0	0	0	1	0	0	0	0	0	0
4317477	0	0	0	0	0	0	0	0	0	0	0	2	0	0	0	0	0	0
4425648	0	0	0	0	0	0	0	0	0	0	0	3	0	0	0	0	0	0
956982	0	0	0	0	0	0	0	0	0	0	0	2	0	2	6	12	1	2
3407052	0	0	0	0	0	0	0	0	0	0	0	1	0	0	0	0	0	0
4458755	0	0	0	0	0	0	0	0	0	0	0	2	0	0	0	0	0	0
4307391	0	0	0	0	0	0	0	0	0	0	0	1	0	0	1	0	0	4
4399781	0	0	0	0	0	0	0	0	0	0	0	1	0	0	0	0	2	0
4335450	0	0	0	0	0	0	0	0	0	0	0	1	0	0	0	0	0	0
3103396	0	0	0	0	0	0	0	0	0	0	0	2	0	0	0	0	0	0
3466729	0	0	0	0	0	0	0	0	0	0	0	1	2	0	1	0	0	0
4321915	0	0	0	0	0	0	0	0	0	0	0	1	0	0	0	0	0	7
20221	0	0	0	0	0	0	0	0	0	0	0	1	0	0	0	0	0	0
712179	0	0	0	0	0	0	0	0	0	0	0	1	0	1	0	0	0	0
4439443	0	0	0	0	0	0	0	0	0	0	0	1	0	0	0	0	0	0
92131	0	0	0	0	0	0	0	0	0	0	0	3	0	0	0	0	0	0
1030652	0	0	0	0	0	0	0	0	0	0	0	4	11	0	0	0	0	0
4396325	0	0	0	0	0	0	0	0	0	0	0	1	0	0	0	0	0	0
970138	0	0	0	0	0	0	0	0	0	0	0	2	0	207	102	186	30	38
4297838	0	0	0	0	0	0	0	0	0	0	0	1	0	1	2	0	0	0
4324196	0	0	0	0	0	0	0	0	0	0	0	1	0	3	5	2	0	5
471157	0	0	0	0	0	0	0	0	0	0	0	1	0	0	0	0	0	0
4307782	0	0	0	0	0	0	0	0	0	0	0	1	0	0	0	0	0	0
875735	0	0	0	0	0	0	0	0	0	0	0	1	0	0	3	1	1	2
910500	0	0	0	0	0	0	0	0	0	0	0	1	0	2	2	1	1	0
1000269	0	0	0	0	0	0	0	0	0	0	0	1	0	3	6	4	3	1
4473227	0	0	0	0	0	0	0	0	0	0	0	1	0	0	0	0	0	0
1016468	0	0	0	0	0	0	0	0	0	0	0	1	6	11	0	5	0	5
942880	0	0	0	0	0	0	0	0	0	0	0	1	0	0	0	0	0	0
4298483	0	0	0	0	0	0	0	0	0	0	0	0	4	5	0	0	2	0
59566	0	0	0	0	0	0	0	0	0	0	0	0	22	0	0	0	0	0
4451646	0	0	0	0	0	0	0	0	0	0	0	0	5	1	5	2	3	14
903286	0	0	0	0	0	0	0	0	0	0	0	0	1	11	4	1	16	3
3860	0	0	0	0	0	0	0	0	0	0	0	0	2	0	0	0	0	0
92321	0	0	0	0	0	0	0	0	0	0	0	0	11	0	0	0	0	0
3462224	0	0	0	0	0	0	0	0	0	0	0	0	1	4	1	9	1	0
3859	0	0	0	0	0	0	0	0	0	0	0	0	2	1	0	0	0	0
63117	0	0	0	0	0	0	0	0	0	0	0	0	1	0	0	0	0	0
4440187	0	0	0	0	0	0	0	0	0	0	0	0	4	0	0	7	0	0
127545	0	0	0	0	0	0	0	0	0	0	0	0	7	0	0	0	0	0
942534	0	0	0	0	0	0	0	0	0	0	0	0	3	6	2	0	1	0
4480508	0	0	0	0	0	0	0	0	0	0	0	0	1	0	0	0	0	0
335112	0	0	0	0	0	0	0	0	0	0	0	0	1	0	1	0	0	0
865782	0	0	0	0	0	0	0	0	0	0	0	0	1	0	1	0	1	0
4375688	0	0	0	0	0	0	0	0	0	0	0	0	3	0	3	1	1	1
1073276	0	0	0	0	0	0	0	0	0	0	0	0	9	1	7	49	26	10
17020	0	0	0	0	0	0	0	0	0	0	0	0	1	0	1	0	2	0
32546	0	0	0	0	0	0	0	0	0	0	0	0	1	0	3	0	0	0
1921813	0	0	0	0	0	0	0	0	0	0	0	0	3	0	1	0	13	2
4373910	0	0	0	0	0	0	0	0	0	0	0	0	2	0	2	0	2	4
4440970	0	0	0	0	0	0	0	0	0	0	0	0	1	1	0	0	0	0
59564	0	0	0	0	0	0	0	0	0	0	0	0	1	0	0	0	0	0
917819	0	0	0	0	0	0	0	0	0	0	0	0	1	0	4	12	2	3
1068572	0	0	0	0	0	0	0	0	0	0	0	0	1	0	0	0	3	0
611110	0	0	0	0	0	0	0	0	0	0	0	0	1	0	0	0	0	0
4300118	0	0	0	0	0	0	0	0	0	0	0	0	1	1	1	2	2	1
593803	0	0	0	0	0	0	0	0	0	0	0	0	1	0	0	0	5	0
42538	0	0	0	0	0	0	0	0	0	0	0	0	1	0	1	0	0	2
654665	0	0	0	0	0	0	0	0	0	0	0	0	1	0	0	0	0	0
1106060	0	0	0	0	0	0	0	0	0	0	0	0	2	0	0	0	0	0
4394667	0	0	0	0	0	0	0	0	0	0	0	0	1	0	0	1	1	0
295103	0	0	0	0	0	0	0	0	0	0	0	0	2	0	0	0	0	0
941024	0	0	0	0	0	0	0	0	0	0	0	0	1	0	0	0	0	0
864021	0	0	0	0	0	0	0	0	0	0	0	0	1	3	7	0	7	1
74330	0	0	0	0	0	0	0	0	0	0	0	0	1	0	0	0	0	0
4309087	0	0	0	0	0	0	0	0	0	0	0	0	2	3	1	0	0	3
981912	0	0	0	0	0	0	0	0	0	0	0	0	1	0	2	0	0	6
660502	0	0	0	0	0	0	0	0	0	0	0	0	1	0	0	0	0	0
4419825	0	0	0	0	0	0	0	0	0	0	0	0	1	0	1	0	1	0
934651	0	0	0	0	0	0	0	0	0	0	0	0	2	2	0	0	1	0
92276	0	0	0	0	0	0	0	0	0	0	0	0	2	0	0	0	0	0
4332002	0	0	0	0	0	0	0	0	0	0	0	0	1	0	0	0	0	0
4449198	0	0	0	0	0	0	0	0	0	0	0	0	2	0	0	0	0	0
92349	0	0	0	0	0	0	0	0	0	0	0	0	1	0	0	0	0	0
73875	0	0	0	0	0	0	0	0	0	0	0	0	1	0	1	0	0	1
1722468	0	0	0	0	0	0	0	0	0	0	0	0	1	0	0	0	0	0
517754	0	0	0	0	0	0	0	0	0	0	0	0	0	6	1	0	1	0
993647	0	0	0	0	0	0	0	0	0	0	0	0	0	1	0	0	0	0
851822	0	0	0	0	0	0	0	0	0	0	0	0	0	1	5	1	1	9
1086036	0	0	0	0	0	0	0	0	0	0	0	0	0	6	16	19	8	7
4296513	0	0	0	0	0	0	0	0	0	0	0	0	0	1	0	0	0	0
525966	0	0	0	0	0	0	0	0	0	0	0	0	0	14	4	1	5	19
799211	0	0	0	0	0	0	0	0	0	0	0	0	0	6	4	12	2	0
1042301	0	0	0	0	0	0	0	0	0	0	0	0	0	9	11	1	0	18
4326219	0	0	0	0	0	0	0	0	0	0	0	0	0	1	1	0	0	0
899059	0	0	0	0	0	0	0	0	0	0	0	0	0	1	1	0	0	0
862115	0	0	0	0	0	0	0	0	0	0	0	0	0	3	0	0	0	1
4431497	0	0	0	0	0	0	0	0	0	0	0	0	0	9	1	5	0	1
967433	0	0	0	0	0	0	0	0	0	0	0	0	0	2	0	2	0	0
1070904	0	0	0	0	0	0	0	0	0	0	0	0	0	3	12	13	17	35
1048420	0	0	0	0	0	0	0	0	0	0	0	0	0	4	0	4	0	0
4295743	0	0	0	0	0	0	0	0	0	0	0	0	0	5	0	8	0	0
876114	0	0	0	0	0	0	0	0	0	0	0	0	0	1	0	0	0	0
4340162	0	0	0	0	0	0	0	0	0	0	0	0	0	4	6	0	0	1
935742	0	0	0	0	0	0	0	0	0	0	0	0	0	2	0	4	3	0
499019	0	0	0	0	0	0	0	0	0	0	0	0	0	4	4	9	1	6
3855116	0	0	0	0	0	0	0	0	0	0	0	0	0	7	9	0	0	3
934392	0	0	0	0	0	0	0	0	0	0	0	0	0	1	0	0	0	0
1040009	0	0	0	0	0	0	0	0	0	0	0	0	0	4	1	0	2	5
535353	0	0	0	0	0	0	0	0	0	0	0	0	0	3	2	2	0	0
1042479	0	0	0	0	0	0	0	0	0	0	0	0	0	1	1	0	0	0
1980945	0	0	0	0	0	0	0	0	0	0	0	0	0	1	0	0	0	0
1952427	0	0	0	0	0	0	0	0	0	0	0	0	0	6	4	49	16	2
1079866	0	0	0	0	0	0	0	0	0	0	0	0	0	1	0	0	0	0
3125352	0	0	0	0	0	0	0	0	0	0	0	0	0	2	1	0	1	0
950828	0	0	0	0	0	0	0	0	0	0	0	0	0	1	0	0	0	0
886264	0	0	0	0	0	0	0	0	0	0	0	0	0	1	0	1	0	0
978067	0	0	0	0	0	0	0	0	0	0	0	0	0	1	1	0	0	0
4320547	0	0	0	0	0	0	0	0	0	0	0	0	0	1	0	0	2	0
879972	0	0	0	0	0	0	0	0	0	0	0	0	0	2	1	0	0	0
561636	0	0	0	0	0	0	0	0	0	0	0	0	0	1	0	0	1	0
4439032	0	0	0	0	0	0	0	0	0	0	0	0	0	2	0	21	0	0
4457085	0	0	0	0	0	0	0	0	0	0	0	0	0	1	0	0	0	0
1052152	0	0	0	0	0	0	0	0	0	0	0	0	0	2	1	16	2	4
982306	0	0	0	0	0	0	0	0	0	0	0	0	0	5	0	0	5	2
4352493	0	0	0	0	0	0	0	0	0	0	0	0	0	1	3	20	0	0
523025	0	0	0	0	0	0	0	0	0	0	0	0	0	3	0	1	0	6
894969	0	0	0	0	0	0	0	0	0	0	0	0	0	2	1	0	0	0
4473129	0	0	0	0	0	0	0	0	0	0	0	0	0	4	0	9	4	1
4340065	0	0	0	0	0	0	0	0	0	0	0	0	0	1	0	3	2	0
261241	0	0	0	0	0	0	0	0	0	0	0	0	0	1	2	1	0	1
4404220	0	0	0	0	0	0	0	0	0	0	0	0	0	2	0	15	0	4
518743	0	0	0	0	0	0	0	0	0	0	0	0	0	1	1	10	1	1
516198	0	0	0	0	0	0	0	0	0	0	0	0	0	2	0	0	0	0
1041079	0	0	0	0	0	0	0	0	0	0	0	0	0	1	1	0	0	0
4482428	0	0	0	0	0	0	0	0	0	0	0	0	0	2	0	6	0	0
4337578	0	0	0	0	0	0	0	0	0	0	0	0	0	2	1	0	0	1
4372206	0	0	0	0	0	0	0	0	0	0	0	0	0	1	0	0	0	0
3407515	0	0	0	0	0	0	0	0	0	0	0	0	0	2	0	0	1	1
243777	0	0	0	0	0	0	0	0	0	0	0	0	0	1	0	0	0	0
538185	0	0	0	0	0	0	0	0	0	0	0	0	0	1	6	0	0	0
4360320	0	0	0	0	0	0	0	0	0	0	0	0	0	1	0	0	0	0
1019609	0	0	0	0	0	0	0	0	0	0	0	0	0	1	0	1	2	1
3801267	0	0	0	0	0	0	0	0	0	0	0	0	0	1	0	1	0	0
4458959	0	0	0	0	0	0	0	0	0	0	0	0	0	3	5	11	9	6
4306048	0	0	0	0	0	0	0	0	0	0	0	0	0	1	0	0	0	0
861375	0	0	0	0	0	0	0	0	0	0	0	0	0	2	2	0	0	0
4330972	0	0	0	0	0	0	0	0	0	0	0	0	0	1	0	0	0	0
1019594	0	0	0	0	0	0	0	0	0	0	0	0	0	1	0	1	5	15
2819725	0	0	0	0	0	0	0	0	0	0	0	0	0	1	0	0	0	0
876009	0	0	0	0	0	0	0	0	0	0	0	0	0	1	1	0	0	0
4458758	0	0	0	0	0	0	0	0	0	0	0	0	0	1	1	1	0	0
526682	0	0	0	0	0	0	0	0	0	0	0	0	0	1	1	2	0	1
532388	0	0	0	0	0	0	0	0	0	0	0	0	0	1	0	0	0	0
239506	0	0	0	0	0	0	0	0	0	0	0	0	0	1	1	4	2	7
3866487	0	0	0	0	0	0	0	0	0	0	0	0	0	1	0	0	0	0
905088	0	0	0	0	0	0	0	0	0	0	0	0	0	1	0	1	0	0
1916970	0	0	0	0	0	0	0	0	0	0	0	0	0	1	0	0	0	0
1004910	0	0	0	0	0	0	0	0	0	0	0	0	0	0	12	42	0	19
31235	0	0	0	0	0	0	0	0	0	0	0	0	0	0	5	0	5	22
4307464	0	0	0	0	0	0	0	0	0	0	0	0	0	0	2	2	3	0
53569	0	0	0	0	0	0	0	0	0	0	0	0	0	0	2	0	0	0
949396	0	0	0	0	0	0	0	0	0	0	0	0	0	0	2	1	0	1
92512	0	0	0	0	0	0	0	0	0	0	0	0	0	0	3	0	0	0
986450	0	0	0	0	0	0	0	0	0	0	0	0	0	0	1	0	1	4
1078207	0	0	0	0	0	0	0	0	0	0	0	0	0	0	1	0	0	0
912296	0	0	0	0	0	0	0	0	0	0	0	0	0	0	18	0	0	0
4457086	0	0	0	0	0	0	0	0	0	0	0	0	0	0	1	0	0	0
3504774	0	0	0	0	0	0	0	0	0	0	0	0	0	0	2	0	1	0
3384047	0	0	0	0	0	0	0	0	0	0	0	0	0	0	2	1	1	0
4417749	0	0	0	0	0	0	0	0	0	0	0	0	0	0	7	12	0	6
916510	0	0	0	0	0	0	0	0	0	0	0	0	0	0	1	6	0	0
4405669	0	0	0	0	0	0	0	0	0	0	0	0	0	0	2	0	0	0
2208658	0	0	0	0	0	0	0	0	0	0	0	0	0	0	3	1	0	0
4312247	0	0	0	0	0	0	0	0	0	0	0	0	0	0	1	0	0	0
414943	0	0	0	0	0	0	0	0	0	0	0	0	0	0	1	0	0	0
911496	0	0	0	0	0	0	0	0	0	0	0	0	0	0	3	4	0	0
4376905	0	0	0	0	0	0	0	0	0	0	0	0	0	0	1	0	0	0
3166216	0	0	0	0	0	0	0	0	0	0	0	0	0	0	1	5	0	1
4314454	0	0	0	0	0	0	0	0	0	0	0	0	0	0	2	0	0	0
1696859	0	0	0	0	0	0	0	0	0	0	0	0	0	0	1	0	1	0
1070334	0	0	0	0	0	0	0	0	0	0	0	0	0	0	1	0	0	0
557665	0	0	0	0	0	0	0	0	0	0	0	0	0	0	4	17	1	25
4384936	0	0	0	0	0	0	0	0	0	0	0	0	0	0	1	2	1	11
4406162	0	0	0	0	0	0	0	0	0	0	0	0	0	0	1	1	12	1
961851	0	0	0	0	0	0	0	0	0	0	0	0	0	0	1	0	0	0
529349	0	0	0	0	0	0	0	0	0	0	0	0	0	0	1	0	0	0
4335776	0	0	0	0	0	0	0	0	0	0	0	0	0	0	4	0	0	0
966820	0	0	0	0	0	0	0	0	0	0	0	0	0	0	1	0	0	0
73324	0	0	0	0	0	0	0	0	0	0	0	0	0	0	1	0	0	5
4412485	0	0	0	0	0	0	0	0	0	0	0	0	0	0	1	1	2	0
4465803	0	0	0	0	0	0	0	0	0	0	0	0	0	0	1	0	0	0
923909	0	0	0	0	0	0	0	0	0	0	0	0	0	0	3	0	0	0
529233	0	0	0	0	0	0	0	0	0	0	0	0	0	0	1	0	0	0
4331219	0	0	0	0	0	0	0	0	0	0	0	0	0	0	1	0	0	1
887694	0	0	0	0	0	0	0	0	0	0	0	0	0	0	1	0	0	0
324532	0	0	0	0	0	0	0	0	0	0	0	0	0	0	1	14	5	14
1074210	0	0	0	0	0	0	0	0	0	0	0	0	0	0	2	0	0	0
1020605	0	0	0	0	0	0	0	0	0	0	0	0	0	0	1	0	0	0
916151	0	0	0	0	0	0	0	0	0	0	0	0	0	0	1	0	0	0
4433192	0	0	0	0	0	0	0	0	0	0	0	0	0	0	1	0	0	0
773109	0	0	0	0	0	0	0	0	0	0	0	0	0	0	1	0	0	0
523036	0	0	0	0	0	0	0	0	0	0	0	0	0	0	1	0	0	0
4307790	0	0	0	0	0	0	0	0	0	0	0	0	0	0	1	0	0	5
1059729	0	0	0	0	0	0	0	0	0	0	0	0	0	0	1	0	0	0
851932	0	0	0	0	0	0	0	0	0	0	0	0	0	0	1	0	0	0
4303114	0	0	0	0	0	0	0	0	0	0	0	0	0	0	0	3	1	0
4391542	0	0	0	0	0	0	0	0	0	0	0	0	0	0	0	1	0	0
4213913	0	0	0	0	0	0	0	0	0	0	0	0	0	0	0	1	0	0
3046189	0	0	0	0	0	0	0	0	0	0	0	0	0	0	0	4	0	0
923098	0	0	0	0	0	0	0	0	0	0	0	0	0	0	0	4	1	0
4307309	0	0	0	0	0	0	0	0	0	0	0	0	0	0	0	1	0	0
4392549	0	0	0	0	0	0	0	0	0	0	0	0	0	0	0	1	0	0
960145	0	0	0	0	0	0	0	0	0	0	0	0	0	0	0	1	0	0
1056058	0	0	0	0	0	0	0	0	0	0	0	0	0	0	0	2	0	1
4375080	0	0	0	0	0	0	0	0	0	0	0	0	0	0	0	6	0	3
1084952	0	0	0	0	0	0	0	0	0	0	0	0	0	0	0	3	0	0
925707	0	0	0	0	0	0	0	0	0	0	0	0	0	0	0	1	0	0
4363066	0	0	0	0	0	0	0	0	0	0	0	0	0	0	0	1	0	0
341460	0	0	0	0	0	0	0	0	0	0	0	0	0	0	0	1	0	0
1101669	0	0	0	0	0	0	0	0	0	0	0	0	0	0	0	1	0	0
4323024	0	0	0	0	0	0	0	0	0	0	0	0	0	0	0	1	0	0
4318710	0	0	0	0	0	0	0	0	0	0	0	0	0	0	0	1	0	0
530206	0	0	0	0	0	0	0	0	0	0	0	0	0	0	0	1	0	0
923468	0	0	0	0	0	0	0	0	0	0	0	0	0	0	0	0	1	0
887744	0	0	0	0	0	0	0	0	0	0	0	0	0	0	0	0	2	1
4401373	0	0	0	0	0	0	0	0	0	0	0	0	0	0	0	0	1	0
4311254	0	0	0	0	0	0	0	0	0	0	0	0	0	0	0	0	1	0
4303016	0	0	0	0	0	0	0	0	0	0	0	0	0	0	0	0	1	0
3889756	0	0	0	0	0	0	0	0	0	0	0	0	0	0	0	0	1	1
625159	0	0	0	0	0	0	0	0	0	0	0	0	0	0	0	0	1	0
4125815	0	0	0	0	0	0	0	0	0	0	0	0	0	0	0	0	1	0
1030188	0	0	0	0	0	0	0	0	0	0	0	0	0	0	0	0	1	0
4455583	0	0	0	0	0	0	0	0	0	0	0	0	0	0	0	0	1	0
1927234	0	0	0	0	0	0	0	0	0	0	0	0	0	0	0	0	1	0
4307484	0	0	0	0	0	0	0	0	0	0	0	0	0	0	0	0	1	0
4468500	0	0	0	0	0	0	0	0	0	0	0	0	0	0	0	0	1	2
70628	0	0	0	0	0	0	0	0	0	0	0	0	0	0	0	0	1	0
4311417	0	0	0	0	0	0	0	0	0	0	0	0	0	0	0	0	1	0
4346675	0	0	0	0	0	0	0	0	0	0	0	0	0	0	0	0	1	0
4371765	0	0	0	0	0	0	0	0	0	0	0	0	0	0	0	0	1	0
4368827	0	0	0	0	0	0	0	0	0	0	0	0	0	0	0	0	1	0
249740	0	0	0	0	0	0	0	0	0	0	0	0	0	0	0	0	1	0
4294954	0	0	0	0	0	0	0	0	0	0	0	0	0	0	0	0	0	1
4327323	0	0	0	0	0	0	0	0	0	0	0	0	0	0	0	0	0	2
4345640	0	0	0	0	0	0	0	0	0	0	0	0	0	0	0	0	0	1
1069880	0	0	0	0	0	0	0	0	0	0	0	0	0	0	0	0	0	1
4353757	0	0	0	0	0	0	0	0	0	0	0	0	0	0	0	0	0	1
4266231	0	0	0	0	0	0	0	0	0	0	0	0	0	0	0	0	0	1
3227737	0	0	0	0	0	0	0	0	0	0	0	0	0	0	0	0	0	1
3801370	0	0	0	0	0	0	0	0	0	0	0	0	0	0	0	0	0	1
4436135	0	0	0	0	0	0	0	0	0	0	0	0	0	0	0	0	0	1
950533	0	0	0	0	0	0	0	0	0	0	0	0	0	0	0	0	0	1
