#OTUID	KO1	KO2	KO3	KO4	KO5	KO6	OE1	OE2	OE3	OE4	OE5	OE6	WT1	WT2	WT3	WT4	WT5	WT6
ASV_1647	323	539	214	326	284	323	402	507	424	317	401	315	615	654	477	522	422	406
ASV_2	588	334	663	601	732	506	206	147	348	389	277	215	346	403	213	306	379	335
ASV_3	188	147	283	228	320	256	183	129	319	316	252	213	254	499	291	326	303	223
ASV_4	464	122	141	198	346	139	172	174	115	176	170	114	274	348	168	149	298	241
ASV_5	16	41	58	10	45	47	402	254	224	128	302	439	406	344	303	199	422	117
ASV_8	167	153	155	108	58	87	111	152	456	258	161	162	168	211	155	269	116	143
ASV_6	261	193	236	242	388	307	80	87	99	117	110	125	133	139	122	139	125	135
ASV_7	73	37	298	122	312	66	40	372	228	147	55	70	193	245	150	66	161	221
ASV_18	152	287	81	114	75	152	121	112	108	157	189	126	205	170	208	114	174	116
ASV_9	101	219	99	126	57	151	99	126	195	138	162	129	145	76	127	129	205	162
ASV_10	95	103	186	206	273	191	61	57	67	97	109	92	101	157	63	67	147	68
ASV_11	96	110	69	96	130	109	153	118	69	137	102	53	113	123	153	115	79	116
ASV_14	67	44	91	88	151	92	54	152	145	96	146	61	118	78	126	81	150	157
ASV_12	98	111	91	107	115	99	76	61	105	104	94	75	98	145	124	148	78	94
ASV_15	93	126	104	93	102	119	122	84	80	71	106	113	75	65	95	108	82	100
ASV_13	9	37	167	94	39	68	61	228	173	158	92	40	74	78	62	39	141	151
ASV_16	71	64	129	77	41	59	53	81	185	101	64	50	126	80	68	90	223	112
ASV_17	142	88	93	122	111	163	47	36	64	63	74	49	88	69	82	87	76	72
ASV_28	94	97	21	133	29	60	53	96	34	75	77	61	105	103	65	93	128	67
ASV_20	55	111	18	77	50	52	20	52	11	57	33	31	61	76	26	33	424	43
ASV_30	75	66	39	35	22	56	87	55	58	53	66	86	53	59	100	82	60	98
ASV_23	42	38	294	20	5	12	93	54	28	55	56	45	40	9	80	63	58	103
ASV_21	44	93	56	33	25	38	63	63	51	45	62	60	54	91	51	73	99	58
ASV_1276	54	62	91	74	68	69	77	53	39	52	55	70	40	51	62	39	42	58
ASV_29	61	52	40	84	16	74	55	75	69	65	74	44	65	49	57	54	67	32
ASV_22	48	43	136	120	108	67	32	25	41	25	38	49	33	78	35	63	27	35
ASV_113	25	28	6	340	140	9	34	52	21	58	22	29	88	12	34	29	20	57
ASV_26	55	52	36	105	11	4	55	90	85	35	54	37	115	19	39	26	2	190
ASV_24	39	120	118	28	51	81	22	22	20	34	53	13	41	58	34	141	37	40
ASV_31	38	29	94	61	84	60	39	48	22	47	53	23	42	58	27	50	83	60
ASV_27	52	65	50	30	37	56	84	41	47	39	55	64	46	44	56	52	36	66
ASV_34	64	39	36	33	22	47	70	45	37	55	49	73	50	51	63	39	37	57
ASV_33	61	29	32	60	64	77	40	33	62	93	43	35	41	59	54	38	36	46
ASV_35	29	63	28	55	6	18	49	32	40	62	52	30	89	82	67	68	56	36
ASV_36	48	27	22	77	46	92	20	13	85	53	31	24	64	94	33	55	33	26
ASV_41	63	48	55	67	113	65	25	38	35	35	38	27	21	38	29	51	27	46
ASV_37	43	26	29	19	39	31	62	41	35	32	59	60	32	60	81	49	59	66
ASV_173	34	37	43	36	55	52	27	33	41	41	50	43	44	51	48	58	36	60
ASV_38	73	43	42	78	71	118	14	10	35	17	37	30	39	42	30	39	39	35
ASV_40	35	38	11	17	12	42	152	64	85	93	33	167	19	4	20	12	8	22
ASV_39	29	66	79	23	51	37	25	43	29	33	39	32	29	58	44	56	14	46
ASV_70	28	25	85	44	102	54	26	40	14	43	51	27	28	17	20	32	63	33
ASV_42	35	16	20	58	38	60	11	12	54	45	27	36	56	162	16	31	41	28
ASV_47	45	41	49	41	44	51	32	30	33	32	41	29	28	30	47	47	38	46
ASV_68	50	36	61	45	72	56	28	26	19	27	41	34	41	40	27	27	25	43
ASV_45	54	32	66	59	104	39	17	8	30	28	28	15	35	54	17	17	45	23
ASV_44	28	62	61	41	54	23	23	30	30	18	38	34	45	29	36	78	23	24
ASV_52	24	33	54	22	12	30	32	41	55	27	35	30	30	60	37	28	32	54
ASV_54	36	19	36	93	57	82	10	4	36	12	20	18	45	56	25	38	24	30
ASV_46	45	18	45	27	42	26	50	50	37	34	54	67	13	18	33	37	46	29
ASV_43	0	9	0	12	32	2	16	78	3	37	44	30	228	12	6	12	77	38
ASV_48	33	33	21	37	14	31	43	32	52	40	42	29	34	43	30	35	37	50
ASV_51	30	59	50	14	12	30	35	30	25	19	24	35	45	21	31	67	42	48
ASV_50	33	52	51	37	15	24	35	41	36	29	43	22	28	18	38	49	26	50
ASV_53	13	13	31	12	101	15	60	44	20	31	24	11	52	21	39	34	18	76
ASV_49	53	30	166	3	13	22	9	8	115	96	7	5	9	14	20	6	17	5
ASV_55	42	81	26	23	42	40	40	40	15	33	24	38	32	6	21	8	35	23
ASV_58	36	33	34	49	46	36	28	28	9	36	31	21	25	27	26	19	21	24
ASV_62	29	34	25	33	33	33	24	41	29	18	39	17	29	30	28	21	29	20
ASV_67	26	22	51	40	56	40	19	20	19	21	22	28	18	30	10	25	29	31
ASV_56	4	10	24	24	19	16	31	12	26	33	30	21	28	65	48	30	33	27
ASV_63	11	9	9	7	16	11	45	30	20	144	32	106	9	5	3	12	22	18
ASV_61	23	32	10	17	8	11	58	39	32	32	31	43	32	22	30	29	15	24
ASV_59	25	32	37	42	57	39	16	15	21	21	12	14	21	23	18	27	25	30
ASV_60	22	26	12	21	43	22	38	24	14	35	18	12	29	37	31	26	16	36
ASV_76	39	20	21	17	14	15	28	23	27	29	26	31	20	26	50	37	18	31
ASV_66	25	32	34	39	35	41	17	14	18	16	22	13	22	34	20	25	38	18
ASV_73	30	15	11	25	9	25	14	18	18	22	26	25	9	34	30	91	22	21
ASV_456	20	23	26	20	6	18	16	19	31	21	22	14	42	23	32	22	50	41
ASV_69	23	29	28	21	24	25	32	28	14	21	36	16	19	18	28	18	30	22
ASV_82	24	36	26	24	37	41	18	4	28	22	22	25	16	18	12	19	22	14
ASV_72	38	21	37	71	25	50	11	7	13	14	14	16	13	15	12	22	17	14
ASV_93	12	4	11	8	47	9	18	112	4	24	52	10	1	9	26	7	33	29
ASV_71	25	11	14	25	22	97	19	6	24	16	20	25	16	16	23	16	12	22
ASV_74	25	26	32	19	25	18	36	20	26	17	27	20	7	16	43	6	14	26
ASV_77	20	11	31	21	22	18	7	11	19	13	13	31	14	46	11	74	13	16
ASV_75	13	23	38	21	41	30	9	20	24	9	42	12	16	17	23	19	15	18
ASV_83	17	34	16	0	2	94	25	3	11	47	7	12	49	0	12	19	8	14
ASV_84	20	5	17	25	24	20	8	13	39	22	14	18	22	30	24	21	24	32
ASV_81	27	12	14	20	35	9	12	31	13	25	66	29	17	4	38	18	13	14
ASV_78	22	19	7	11	30	19	22	12	18	14	15	23	19	9	27	49	29	21
ASV_79	30	14	6	25	33	46	3	5	26	12	9	13	29	41	13	14	15	15
ASV_88	30	38	3	6	2	108	14	13	9	27	11	25	16	4	29	13	1	2
ASV_80	27	21	19	22	11	19	12	13	4	13	33	19	2	0	35	32	30	35
ASV_86	22	24	4	12	4	11	17	38	8	7	11	17	29	29	36	18	46	20
ASV_89	21	22	9	11	3	20	31	17	11	28	24	18	8	26	22	24	18	27
ASV_97	12	19	17	21	35	20	22	12	15	14	15	16	18	15	24	22	12	23
ASV_90	14	27	15	30	19	55	12	5	22	11	13	13	13	9	20	13	36	8
ASV_92	50	19	20	28	1	13	27	25	43	38	20	7	3	3	0	21	4	1
ASV_91	8	32	1	46	3	20	23	11	13	19	17	8	17	44	11	26	12	11
ASV_94	2	5	19	21	21	11	9	26	6	9	24	13	14	13	5	17	52	63
ASV_100	22	19	4	5	7	21	40	18	23	21	20	31	14	6	23	11	16	24
ASV_106	2	5	15	36	38	8	15	10	7	14	12	7	25	33	15	16	17	10
ASV_109	23	16	21	17	25	26	7	7	18	13	14	29	20	15	17	14	19	10
ASV_855	16	9	10	6	8	19	11	40	50	29	23	12	14	19	13	19	4	11
ASV_410	6	15	32	18	26	15	13	25	11	18	27	4	11	11	14	12	30	24
ASV_95	20	18	31	25	32	16	16	11	15	13	15	11	7	7	7	15	17	18
ASV_98	15	4	6	15	75	7	4	22	6	38	27	16	12	1	11	16	11	18
ASV_118	20	18	17	17	31	10	13	13	12	15	20	14	13	17	19	19	18	14
ASV_110	9	29	12	22	16	8	21	15	15	22	16	24	13	13	18	9	13	23
ASV_102	25	10	26	9	46	14	11	5	13	9	10	11	11	29	3	10	19	18
ASV_96	17	5	7	6	92	6	21	27	9	9	8	5	10	8	24	12	13	12
ASV_112	17	12	8	5	3	4	4	11	76	51	10	12	27	8	16	25	5	7
ASV_288	7	18	22	9	11	41	4	25	6	24	20	32	5	4	15	28	8	13
ASV_108	20	19	16	21	25	24	14	11	15	8	25	15	14	14	7	9	22	12
ASV_111	9	7	6	3	3	2	29	16	34	28	17	13	22	30	25	25	17	8
ASV_99	16	19	17	26	17	25	18	12	11	10	15	20	11	8	18	12	13	19
ASV_101	15	10	17	18	26	10	9	14	16	28	25	27	7	16	13	10	11	9
ASV_105	13	8	10	17	8	17	7	8	35	25	12	7	31	29	11	14	15	11
ASV_186	17	27	8	20	6	12	17	25	17	16	17	12	9	15	16	28	8	24
ASV_736	14	14	18	27	15	22	7	12	13	11	9	16	15	10	6	25	25	10
ASV_103	7	3	13	16	77	20	1	33	0	9	11	7	1	2	9	10	11	28
ASV_119	11	11	18	11	12	9	14	25	12	13	9	24	17	7	23	9	20	29
ASV_115	11	17	13	5	13	5	21	11	16	24	11	18	12	20	17	18	13	27
ASV_129	14	23	7	10	6	11	21	18	24	13	11	20	17	14	15	15	13	19
ASV_107	16	11	2	27	19	46	11	6	17	8	10	13	23	15	13	7	11	10
ASV_125	13	5	16	9	6	5	23	12	10	11	16	18	13	24	11	12	9	20
ASV_114	9	24	3	28	2	19	1	2	1	1	7	146	0	4	5	0	2	6
ASV_577	16	19	13	19	5	15	20	20	9	10	16	23	8	9	22	7	9	15
ASV_116	12	25	19	23	17	19	7	7	13	11	6	9	9	8	16	17	14	11
ASV_126	5	36	19	25	2	5	17	27	11	11	23	3	9	20	11	4	1	18
ASV_124	17	17	23	16	13	19	11	9	10	7	9	4	18	9	18	12	10	15
ASV_131	0	7	0	0	0	3	30	48	12	0	40	30	1	5	1	31	18	16
ASV_121	20	10	8	6	12	26	10	7	12	21	15	24	8	12	11	7	27	6
ASV_179	3	6	19	103	13	5	10	7	6	4	6	7	3	6	6	9	8	7
ASV_843	14	16	19	14	6	17	9	9	19	10	12	4	15	11	7	13	17	14
ASV_282	9	23	12	13	5	6	16	25	15	13	13	19	16	3	18	11	9	16
ASV_128	20	12	9	24	10	16	6	10	17	10	8	17	10	9	15	9	11	8
ASV_134	13	20	5	17	12	15	9	9	8	13	15	7	9	16	9	19	16	7
ASV_120	15	12	12	6	3	12	21	18	13	11	18	27	8	11	14	7	12	10
ASV_127	12	5	39	7	6	10	16	4	6	14	12	12	15	16	13	8	8	25
ASV_130	12	14	10	11	4	7	24	10	12	8	12	10	13	12	21	12	10	15
ASV_153	11	27	11	16	8	7	11	9	7	11	12	20	22	12	12	20	3	5
ASV_132	13	20	6	10	12	9	11	4	11	10	19	11	11	10	15	10	10	9
ASV_123	6	25	8	13	2	38	8	4	10	12	8	5	4	5	27	7	6	25
ASV_139	15	14	18	5	5	6	9	9	12	4	12	17	11	8	15	16	11	15
ASV_142	17	18	12	3	8	9	12	7	14	7	16	17	11	6	15	9	6	16
ASV_140	13	7	9	17	26	15	12	10	6	12	9	5	5	11	16	12	12	6
ASV_925	5	7	23	43	13	24	18	10	3	16	2	8	2	1	14	18	2	6
ASV_152	13	7	10	7	11	9	7	8	11	8	9	14	11	15	21	17	14	7
ASV_161	13	13	21	7	16	14	17	6	12	8	15	14	4	7	9	11	4	11
ASV_143	15	5	5	9	18	8	13	10	9	15	10	11	6	8	21	22	9	8
ASV_141	9	3	36	7	19	9	6	15	6	11	16	6	2	5	5	14	24	7
ASV_137	0	0	0	0	1	0	5	64	1	0	108	0	0	0	0	21	0	3
ASV_148	3	13	7	16	21	2	6	9	3	10	6	5	12	6	11	10	20	23
ASV_347	14	11	16	7	15	27	9	19	5	8	13	12	6	8	8	5	6	9
ASV_168	1	1	0	161	0	1	3	8	1	3	0	6	0	1	0	1	1	0
ASV_172	11	14	21	9	2	15	18	7	15	15	8	17	9	6	14	5	5	9
ASV_283	14	8	20	6	26	14	8	25	8	3	7	4	6	7	17	8	11	4
ASV_144	18	8	2	2	5	6	8	10	19	16	16	12	7	4	30	14	19	11
ASV_415	7	13	9	11	5	6	15	17	11	9	16	7	20	9	11	9	5	17
ASV_147	27	21	14	19	15	22	1	5	5	12	3	3	9	11	4	6	5	10
ASV_160	5	13	8	13	4	10	11	14	11	10	16	21	10	8	8	12	14	11
ASV_136	12	7	8	10	16	11	10	5	10	16	6	3	18	14	8	7	14	12
ASV_146	10	2	7	6	3	8	6	3	12	8	11	9	7	20	21	25	16	14
ASV_154	2	5	1	0	2	0	5	12	8	8	6	2	2	1	15	95	18	1
ASV_156	10	8	4	6	3	9	30	12	17	27	13	46	2	2	7	2	2	4
ASV_162	12	16	8	3	2	8	22	9	18	6	11	24	16	4	13	5	8	12
ASV_155	14	8	4	13	8	11	11	13	9	20	8	8	10	7	8	10	11	5
ASV_150	15	9	6	7	4	12	13	9	13	15	12	9	3	12	12	4	8	23
ASV_151	12	2	3	5	1	0	28	16	9	17	13	8	7	11	16	15	8	11
ASV_157	12	14	15	5	8	20	15	6	2	6	11	7	7	10	6	10	20	7
ASV_164	3	11	51	15	8	14	16	8	9	7	5	1	2	5	11	3	4	10
ASV_149	6	20	8	6	10	15	6	4	11	17	4	4	11	6	30	13	14	11
ASV_165	11	9	12	7	3	10	18	10	13	12	9	14	6	13	14	14	3	14
ASV_166	29	23	0	8	5	7	14	10	15	13	8	8	10	6	12	6	3	10
ASV_969	12	18	51	4	10	10	6	13	4	7	5	6	3	8	5	8	1	5
ASV_188	20	10	17	16	12	14	6	4	16	7	3	5	14	8	7	4	12	6
ASV_159	11	13	7	23	2	8	13	17	7	3	5	8	7	6	11	8	6	17
ASV_170	9	15	14	17	19	15	9	4	10	8	8	8	9	7	7	10	7	2
ASV_183	12	3	14	12	9	24	5	3	10	9	11	12	3	15	5	11	12	8
ASV_1564	8	17	4	11	3	9	13	8	7	10	6	10	11	11	11	7	6	8
ASV_192	11	1	15	3	24	9	8	13	3	4	5	2	20	4	6	11	16	9
ASV_474	6	14	21	3	0	5	3	9	40	10	7	7	4	7	9	10	15	2
ASV_965	9	14	6	4	4	10	10	11	11	15	4	14	7	4	19	8	4	12
ASV_158	10	3	2	5	11	8	22	14	1	9	6	9	16	13	10	5	3	18
ASV_174	9	8	8	2	3	6	13	12	10	12	8	17	13	10	13	12	7	10
ASV_213	9	18	7	14	11	13	7	10	2	6	7	10	7	6	9	9	7	8
ASV_169	2	35	0	3	8	4	14	12	7	4	2	12	16	4	22	6	7	6
ASV_251	13	11	6	6	5	13	9	10	8	6	13	7	7	16	12	20	3	5
ASV_535	9	37	4	2	3	9	4	7	4	6	11	14	29	3	8	5	10	6
ASV_236	10	12	7	5	6	12	10	9	13	8	11	10	10	10	11	7	4	11
ASV_1153	10	12	13	6	11	11	11	10	9	8	7	8	9	7	7	10	10	9
ASV_185	5	10	5	6	2	3	15	10	9	8	6	8	20	5	10	5	22	14
ASV_167	6	12	9	3	2	9	7	14	15	10	9	6	7	10	16	16	9	10
ASV_180	36	4	12	8	31	30	2	1	4	3	6	0	9	6	5	3	4	5
ASV_171	4	39	11	1	1	7	5	1	28	2	1	25	14	6	0	8	0	14
ASV_176	7	8	20	16	15	11	4	3	16	8	8	4	6	5	8	10	6	6
ASV_163	0	9	0	0	0	1	2	1	7	101	2	3	4	5	6	18	1	3
ASV_266	16	9	6	3	9	8	14	11	10	7	10	23	5	3	6	2	6	8
ASV_187	8	13	4	7	5	5	4	20	13	7	12	10	11	16	5	12	7	5
ASV_202	10	11	14	1	6	4	5	11	4	12	10	5	18	3	19	10	3	8
ASV_181	6	13	2	5	13	17	8	7	2	16	5	4	8	6	9	6	7	10
ASV_472	2	14	5	14	2	4	14	9	10	12	10	9	6	8	6	6	11	4
ASV_218	6	1	6	22	7	6	0	3	32	12	1	2	9	13	3	2	12	4
ASV_175	12	9	2	13	3	13	8	11	9	6	23	10	12	7	1	7	7	4
ASV_190	16	8	13	17	9	20	2	2	1	5	4	14	6	5	4	6	8	2
ASV_216	2	5	9	13	15	6	5	6	4	11	7	1	5	36	4	5	14	4
ASV_195	8	5	7	10	1	5	20	1	11	6	9	17	6	6	11	13	6	13
ASV_197	10	10	25	22	2	9	9	6	3	6	4	3	1	4	5	8	1	3
ASV_200	8	8	4	6	10	6	18	9	5	5	10	12	3	3	14	8	7	12
ASV_193	4	0	5	10	2	2	13	5	10	4	2	20	20	23	5	5	6	4
ASV_201	9	3	9	10	20	12	6	7	10	7	2	6	6	5	5	11	12	3
ASV_1754	12	6	1	3	6	11	15	4	3	12	12	6	7	9	11	5	7	4
ASV_204	0	4	0	3	10	5	4	31	3	23	10	24	0	2	7	4	3	7
ASV_184	21	3	5	1	8	4	6	34	1	24	11	9	1	6	4	0	4	2
ASV_189	24	10	9	6	25	5	3	2	4	6	2	3	11	4	6	3	2	13
ASV_206	8	8	11	11	4	6	8	10	4	12	6	6	7	2	11	8	6	8
ASV_208	12	10	8	13	7	8	7	13	5	9	6	2	6	4	1	7	6	9
ASV_215	7	6	1	2	6	5	4	0	8	7	0	0	36	5	3	8	23	7
ASV_210	11	13	6	10	2	8	12	9	8	12	9	12	6	2	6	8	2	6
ASV_225	6	12	15	2	2	2	9	8	5	10	7	4	4	12	12	8	2	13
ASV_1602	4	9	12	13	8	3	6	8	11	5	3	5	6	5	13	6	9	11
ASV_191	5	3	0	2	0	5	9	8	9	13	16	5	6	17	9	16	3	4
ASV_211	4	9	0	46	5	9	2	6	4	3	4	5	5	3	22	3	0	5
ASV_220	5	16	6	6	7	7	11	9	5	5	10	4	4	6	10	10	5	19
ASV_207	6	14	5	20	1	11	10	9	8	3	8	5	2	4	9	6	4	4
ASV_209	4	22	10	6	7	9	11	4	5	3	6	7	5	3	7	8	7	8
ASV_212	10	16	3	8	3	3	10	18	7	6	14	6	12	3	8	8	2	3
ASV_224	16	13	6	5	7	5	3	4	9	6	5	5	7	9	8	17	7	6
ASV_718	6	9	1	6	10	8	11	8	8	7	8	20	5	4	3	6	7	9
ASV_249	5	3	1	5	1	1	6	25	19	32	3	3	7	4	5	4	2	7
ASV_1770	11	10	7	2	1	5	8	14	7	3	9	13	8	4	13	6	8	7
ASV_253	5	10	21	2	1	6	13	7	9	3	8	11	3	2	11	4	11	12
ASV_247	11	29	5	3	1	6	7	17	6	5	3	6	7	8	6	3	3	2
ASV_214	6	6	3	0	2	9	10	10	6	2	3	9	16	0	3	13	26	16
ASV_303	3	1	1	1	18	2	4	1	16	2	29	2	14	1	17	3	0	2
ASV_359	13	8	5	5	6	11	9	6	8	6	8	8	5	6	6	3	6	3
ASV_261	6	3	4	5	3	7	12	8	10	12	7	13	6	5	11	5	3	10
ASV_1127	8	9	4	8	1	5	8	4	8	6	10	18	6	6	4	3	3	6
ASV_198	8	13	1	5	8	4	6	4	6	8	6	5	7	4	10	5	7	9
ASV_217	4	3	5	4	1	1	8	4	10	13	7	10	6	16	13	10	12	4
ASV_232	5	0	1	0	0	1	17	8	11	9	9	8	8	15	9	5	9	6
ASV_250	6	6	5	11	4	2	9	5	13	7	4	13	8	6	7	4	3	12
ASV_285	13	7	5	14	10	11	6	6	9	6	8	8	4	2	3	4	4	5
ASV_199	8	6	6	4	9	7	3	4	7	3	9	1	10	16	4	6	8	5
ASV_219	10	5	12	5	10	3	4	4	13	4	5	6	8	5	5	7	6	2
ASV_229	9	8	5	1	11	10	5	3	7	6	6	9	7	10	6	8	7	2
ASV_272	7	6	4	7	5	2	9	4	5	3	10	7	8	6	14	3	12	12
ASV_331	8	5	10	10	12	19	5	4	3	7	6	5	7	5	2	8	6	5
ASV_221	37	0	1	2	27	0	5	0	3	0	0	4	3	1	29	6	1	3
ASV_223	5	4	5	5	1	6	13	6	2	7	12	7	3	8	8	7	9	8
ASV_246	13	5	3	2	3	19	16	5	3	7	11	12	2	4	5	4	8	2
ASV_252	10	4	1	1	2	5	15	9	10	19	8	26	1	0	4	2	0	3
ASV_344	12	9	1	10	3	6	13	11	7	7	3	11	6	2	7	6	2	4
ASV_1311	4	11	7	5	8	13	9	6	7	3	9	5	4	5	5	4	5	3
ASV_241	13	9	10	5	3	5	13	3	2	11	8	7	2	8	11	6	2	8
ASV_280	2	6	4	7	3	3	14	4	7	6	7	8	6	2	8	12	7	2
ASV_268	7	6	5	4	8	7	7	10	4	4	11	9	9	7	4	3	5	10
ASV_237	13	6	12	11	10	17	5	1	4	3	3	2	5	7	4	4	5	6
ASV_271	9	4	2	2	1	6	4	18	6	9	11	14	6	3	5	11	3	8
ASV_240	7	2	7	7	8	11	5	3	18	6	2	5	10	6	4	2	8	4
ASV_242	6	5	3	4	5	5	6	2	3	2	7	8	7	7	14	5	10	11
ASV_270	9	6	8	2	2	8	6	10	12	2	7	16	12	2	2	11	2	6
ASV_245	3	7	1	3	4	3	5	3	4	1	18	5	24	5	7	2	5	7
ASV_260	13	3	29	0	2	2	7	9	12	4	3	10	4	1	2	1	1	12
ASV_369	4	5	8	6	6	7	9	6	2	7	9	5	5	5	5	7	13	7
ASV_255	2	4	8	15	8	6	10	5	1	3	3	8	4	12	10	6	5	7
ASV_322	4	11	8	7	5	3	8	13	5	7	3	11	10	2	7	6	10	2
ASV_469	9	1	4	7	2	4	3	3	12	14	5	7	2	13	13	12	2	5
ASV_227	2	12	0	0	16	21	2	21	2	2	2	2	2	13	14	5	0	3
ASV_265	5	5	8	9	10	6	11	4	5	4	8	6	3	5	6	6	8	9
ASV_273	6	9	6	9	23	5	2	0	6	1	9	4	14	4	7	2	1	1
ASV_234	1	6	8	3	12	8	4	5	2	10	7	3	7	11	4	4	10	1
ASV_243	8	1	10	1	1	5	3	3	7	7	13	7	4	6	10	4	5	11
ASV_256	7	17	6	3	2	3	5	7	5	13	6	5	8	6	4	10	4	3
ASV_263	11	4	6	3	3	1	8	3	5	7	7	12	8	6	11	7	4	7
ASV_257	7	9	7	6	4	11	2	2	7	3	6	12	8	7	10	2	2	3
ASV_277	6	12	5	7	3	8	7	7	6	6	6	4	3	7	3	8	5	5
ASV_239	7	5	5	5	28	5	6	8	2	4	2	3	4	6	4	5	5	3
ASV_317	7	6	9	1	7	10	11	3	6	4	6	7	2	3	13	7	2	8
ASV_262	3	9	4	2	1	1	2	2	36	5	7	4	2	4	1	3	13	11
ASV_258	9	3	8	7	11	7	0	6	5	5	7	4	2	13	5	2	8	3
ASV_278	3	4	6	4	3	4	8	4	9	4	6	6	5	4	7	10	9	13
ASV_313	13	6	1	5	0	4	12	12	3	6	9	9	8	4	7	5	3	6
ASV_315	9	6	12	21	12	4	7	8	0	3	4	7	5	2	7	4	5	1
ASV_233	22	6	1	0	10	2	12	5	5	11	2	9	3	0	12	2	1	4
ASV_286	7	7	3	2	1	6	9	11	13	5	8	4	6	3	10	5	6	7
ASV_319	2	1	3	4	2	9	0	5	9	10	4	14	12	1	5	10	8	6
ASV_360	6	3	2	9	7	9	1	1	10	7	8	3	4	8	7	7	9	5
ASV_254	8	8	5	6	6	6	4	3	3	7	5	8	3	4	3	8	6	5
ASV_259	6	6	8	4	6	3	4	4	5	3	4	8	21	5	6	7	1	4
ASV_274	14	4	7	8	12	4	2	4	1	4	6	6	3	4	5	8	3	8
ASV_893	11	8	2	9	10	3	8	5	6	6	3	6	10	4	6	4	3	3
ASV_244	8	3	3	1	3	1	7	7	3	8	8	8	10	9	9	4	7	5
ASV_279	6	14	19	7	10	10	1	3	1	6	6	0	2	1	6	4	5	7
ASV_723	12	4	7	9	2	12	6	9	3	6	4	5	4	0	9	9	2	3
ASV_293	3	8	17	0	0	11	0	2	2	10	2	4	3	12	7	14	3	1
ASV_310	9	7	7	7	16	5	2	6	3	5	8	3	9	4	4	1	4	4
ASV_327	5	7	3	6	1	1	16	9	7	7	5	6	5	13	3	8	3	4
ASV_357	6	3	8	6	9	27	4	2	1	4	5	7	9	8	4	1	0	1
ASV_228	5	2	11	2	5	2	12	5	8	10	7	3	2	3	9	4	0	13
ASV_298	9	6	3	5	6	3	3	10	3	5	12	7	4	12	9	3	5	2
ASV_300	3	4	3	6	16	5	1	8	8	8	2	12	7	2	10	4	1	6
ASV_287	13	4	2	1	4	2	6	2	8	7	5	11	7	3	4	11	5	9
ASV_302	6	7	0	0	0	5	4	10	18	11	3	11	3	0	3	0	3	19
ASV_345	14	0	0	9	3	3	16	5	8	9	9	10	4	1	1	5	2	4
ASV_572	4	11	1	4	6	4	4	7	3	6	8	5	4	7	7	7	5	5
ASV_264	3	4	3	3	8	0	2	2	8	4	2	5	6	20	5	4	5	10
ASV_301	4	2	9	8	4	8	5	4	5	1	10	9	3	7	5	7	0	1
ASV_491	9	9	2	0	4	5	14	10	10	4	5	1	2	2	2	15	4	0
ASV_284	6	4	3	5	13	6	4	3	5	5	4	3	8	6	8	1	5	2
ASV_496	6	10	2	0	2	14	10	7	6	5	1	7	2	2	2	4	7	8
ASV_290	12	4	4	8	1	2	5	4	3	7	9	1	2	5	10	5	7	6
ASV_306	8	5	4	2	4	11	6	3	0	3	1	11	2	7	4	6	5	10
ASV_520	4	6	6	2	1	1	5	15	7	7	14	4	3	1	8	8	6	3
ASV_276	7	11	2	7	6	5	4	3	8	2	4	2	8	5	3	3	2	5
ASV_336	4	5	17	3	5	6	3	6	6	4	3	3	2	5	5	5	6	3
ASV_267	6	5	1	3	0	5	6	10	5	3	7	8	2	2	11	9	4	6
ASV_275	6	2	5	8	5	6	6	8	2	5	8	8	6	6	4	3	7	3
ASV_312	6	8	10	1	0	0	14	1	6	5	7	3	0	13	2	11	3	9
ASV_329	5	2	10	8	2	6	5	0	4	3	7	7	9	6	3	4	8	7
ASV_346	8	9	1	7	3	8	1	3	6	4	7	12	6	6	6	2	4	3
ASV_350	8	10	4	3	6	7	3	2	4	2	3	3	2	5	5	2	7	4
ASV_318	2	7	5	3	2	1	7	8	9	4	2	4	5	3	6	2	8	6
ASV_332	5	7	13	6	2	8	2	3	5	4	3	2	4	4	8	4	4	1
ASV_1597	5	8	1	8	1	3	12	13	10	2	11	5	3	3	6	1	3	1
ASV_269	9	2	5	4	3	7	5	18	3	5	4	7	5	2	2	3	4	8
ASV_307	2	7	7	6	6	7	5	5	2	8	3	3	3	3	13	4	4	7
ASV_374	1	13	4	2	4	14	5	5	3	4	2	5	0	1	1	19	3	5
ASV_499	5	5	2	2	6	4	2	8	3	2	1	7	1	2	36	0	0	3
ASV_311	3	4	20	5	5	2	2	7	3	7	2	5	3	4	3	6	3	5
ASV_328	17	0	23	3	1	2	1	3	3	4	4	9	1	4	5	7	1	1
ASV_378	3	9	1	4	0	2	6	11	14	11	2	1	5	0	2	9	0	11
ASV_292	8	4	4	3	3	6	3	7	9	6	3	9	3	3	7	10	4	7
ASV_364	3	7	3	2	2	3	7	2	7	7	4	9	1	6	3	5	2	8
ASV_289	5	7	5	6	3	7	6	5	4	2	2	2	3	1	6	10	4	9
ASV_323	2	3	3	4	3	2	6	8	4	9	5	17	1	3	0	1	18	3
ASV_330	11	6	1	13	4	3	4	5	7	3	1	2	4	4	12	5	2	2
ASV_405	7	7	2	8	8	4	3	5	8	6	4	5	4	3	6	3	3	4
ASV_305	5	7	13	4	5	5	2	9	3	2	3	5	2	1	6	3	5	4
ASV_583	4	10	8	2	2	3	4	7	7	8	5	5	1	3	4	4	3	5
ASV_744	8	6	4	4	2	7	3	3	4	1	8	7	1	2	5	7	5	6
ASV_797	23	10	10	1	1	5	5	2	0	7	5	2	1	2	2	7	8	1
ASV_295	7	8	3	9	4	2	4	8	5	1	5	7	5	3	4	3	1	8
ASV_296	3	4	3	11	8	6	2	2	9	5	2	2	5	5	6	4	6	4
ASV_362	2	6	2	4	4	4	5	8	5	5	5	3	10	6	2	13	2	4
ASV_365	2	4	4	1	1	3	6	6	5	8	10	8	4	6	9	2	5	7
ASV_854	6	6	2	3	4	5	4	2	5	2	4	7	6	5	6	2	7	7
ASV_1275	4	2	0	3	2	5	4	3	1	3	8	10	6	9	3	9	3	9
ASV_299	6	3	4	0	1	2	4	16	4	3	5	12	2	7	5	7	3	5
ASV_321	1	4	1	4	6	5	8	4	3	7	4	4	3	7	7	9	9	3
ASV_352	0	18	0	6	0	4	3	8	6	1	4	3	5	8	7	8	0	4
ASV_733	3	9	1	0	2	2	4	11	10	4	2	16	6	2	5	1	2	4
ASV_294	5	5	4	3	8	6	6	5	3	4	7	3	2	2	7	7	2	1
ASV_459	1	11	4	4	0	0	4	6	3	9	1	6	6	1	9	1	7	6
ASV_625	5	7	6	5	5	5	4	10	3	5	7	2	4	1	2	8	5	5
ASV_356	3	1	2	7	18	4	1	2	2	3	15	1	0	0	7	5	4	6
ASV_592	5	4	1	3	1	3	12	4	2	5	9	11	7	8	4	2	1	3
ASV_453	2	3	8	4	2	6	6	4	4	1	4	5	1	5	8	5	8	6
ASV_304	5	0	0	2	1	0	0	8	3	19	13	7	0	6	2	15	1	2
ASV_316	7	10	4	3	15	3	0	1	4	1	2	4	0	18	1	1	4	2
ASV_340	5	9	12	2	7	3	1	5	2	8	4	4	4	0	2	2	8	6
ASV_342	7	1	1	1	2	0	11	10	6	9	3	2	2	6	9	5	6	5
ASV_334	1	6	1	17	4	3	6	1	0	4	3	1	2	2	12	3	7	3
ASV_419	6	11	1	4	5	6	6	3	8	3	1	8	2	2	2	3	6	5
ASV_333	2	7	3	3	1	3	4	2	1	6	2	2	4	5	2	5	1	28
ASV_605	2	10	3	0	2	3	4	10	4	3	3	23	2	0	3	3	3	0
ASV_383	1	7	21	8	0	1	6	4	3	6	4	3	2	6	2	1	1	4
ASV_384	4	2	6	9	1	2	9	7	3	5	8	6	5	2	3	3	0	4
ASV_297	3	2	0	1	1	1	10	7	7	8	7	6	6	3	8	5	3	6
ASV_349	4	6	4	2	4	1	6	5	1	4	13	3	7	4	4	3	5	5
ASV_396	7	10	0	3	7	2	1	6	5	3	4	4	10	2	6	3	0	5
ASV_433	4	5	5	4	2	4	1	8	6	1	4	4	4	4	22	5	2	0
ASV_556	5	2	9	12	5	1	6	4	0	5	3	8	3	0	4	5	3	1
ASV_370	1	2	8	3	8	1	0	2	4	4	8	2	1	2	14	4	4	10
ASV_371	8	3	4	4	5	4	3	7	4	5	2	6	6	5	5	2	2	7
ASV_601	3	3	2	34	0	14	0	3	9	1	1	2	2	3	2	1	3	0
ASV_641	5	6	3	5	4	9	6	1	2	1	3	8	2	6	5	6	1	3
ASV_339	5	3	2	2	1	4	2	0	3	1	8	0	3	29	5	2	10	2
ASV_422	6	7	4	6	5	6	4	3	4	7	7	6	2	4	7	1	5	2
ASV_309	4	1	6	8	12	4	2	1	6	2	2	1	1	14	2	2	2	1
ASV_324	4	1	4	1	5	1	4	2	6	2	6	3	0	8	8	6	2	11
ASV_337	7	3	0	5	7	8	4	5	1	3	9	2	1	4	5	5	1	6
ASV_341	4	5	0	5	1	1	6	9	5	4	3	4	10	2	3	8	2	2
ASV_377	7	5	3	2	2	1	7	2	0	4	5	12	4	4	1	1	1	9
ASV_380	3	1	4	0	3	3	12	2	11	5	5	9	3	0	5	5	3	7
ASV_417	5	4	0	4	5	16	3	3	7	2	6	5	4	0	5	1	2	8
ASV_548	3	9	16	1	3	4	1	2	2	1	2	1	4	1	13	4	1	6
ASV_343	6	4	1	4	0	4	10	2	7	3	7	11	4	1	3	4	3	5
ASV_354	13	1	2	2	21	8	1	0	3	1	0	3	2	2	4	4	7	3
ASV_368	5	5	4	2	3	4	7	2	4	4	5	4	2	2	6	3	4	1
ASV_684	2	6	4	5	1	5	6	8	5	3	2	5	4	6	10	1	2	5
ASV_338	3	4	2	0	13	1	2	4	2	8	2	7	6	2	5	3	0	7
ASV_367	5	10	3	5	3	1	8	1	4	5	5	7	3	4	1	2	3	3
ASV_427	4	2	3	2	4	14	10	4	2	1	5	7	4	1	3	1	1	4
ASV_428	0	2	4	4	3	4	5	4	5	3	6	0	3	4	6	11	3	4
ASV_390	3	2	0	0	2	2	2	0	1	1	37	10	1	6	5	3	1	1
ASV_463	2	4	8	2	0	0	7	0	0	7	8	9	2	1	6	3	6	7
ASV_348	7	14	4	3	4	6	1	2	8	0	2	2	7	2	3	5	6	1
ASV_409	5	5	0	4	13	5	6	7	0	2	2	2	4	9	1	2	1	4
ASV_571	7	3	5	3	3	9	4	2	5	0	7	6	1	3	5	9	3	2
ASV_461	4	7	4	2	1	12	5	9	4	7	5	7	1	1	2	0	1	6
ASV_504	5	1	4	6	3	3	3	2	7	4	3	3	1	9	2	4	7	2
ASV_335	5	1	3	6	4	1	1	5	5	4	7	6	10	3	2	8	4	5
ASV_913	6	4	4	7	5	10	5	1	4	1	2	4	4	0	3	3	0	7
ASV_1234	8	3	5	4	4	6	2	1	5	2	2	12	4	2	2	3	7	1
ASV_379	9	3	2	2	1	8	6	3	2	8	4	7	2	1	3	4	2	1
ASV_382	12	5	5	0	2	7	6	6	1	2	5	9	3	0	3	2	4	4
ASV_398	1	5	0	2	2	1	17	6	10	4	1	3	1	4	6	4	2	2
ASV_403	3	3	1	5	10	8	3	9	1	6	2	0	2	5	1	4	3	2
ASV_480	1	4	1	5	1	8	6	3	2	1	6	3	6	2	5	9	0	8
ASV_388	4	5	1	6	6	4	8	3	4	3	3	6	4	2	2	3	3	2
ASV_392	5	4	6	1	1	5	5	1	1	3	10	5	2	4	7	0	3	3
ASV_530	0	8	1	0	0	2	8	7	3	3	3	9	6	1	4	4	10	2
ASV_1027	6	10	5	2	4	1	2	10	1	4	3	4	3	1	7	2	4	3
ASV_381	3	1	1	0	1	1	12	7	6	6	2	6	2	5	5	5	3	6
ASV_425	2	4	4	4	2	11	2	2	2	6	6	4	1	1	2	3	1	4
ASV_549	3	3	8	2	2	2	3	9	2	2	2	3	4	2	10	3	8	2
ASV_586	7	1	0	3	0	5	12	4	3	3	6	3	0	1	6	1	5	9
ASV_610	3	6	3	4	3	1	4	3	0	4	7	1	3	6	2	11	2	7
ASV_351	6	3	27	2	0	1	4	5	2	1	0	7	2	2	3	5	1	2
ASV_391	6	3	1	3	0	2	2	7	3	2	4	4	6	4	3	7	5	5
ASV_395	2	1	4	7	10	3	1	0	0	1	17	4	1	0	1	5	4	5
ASV_402	3	8	2	4	0	2	4	7	4	1	1	3	4	2	1	3	5	8
ASV_404	3	7	11	0	1	4	3	3	4	3	4	1	1	2	4	11	2	6
ASV_355	3	0	3	2	6	6	3	1	7	3	4	1	7	7	4	4	3	3
ASV_361	2	3	6	5	2	4	5	5	2	4	6	6	3	3	6	2	0	2
ASV_363	2	2	2	4	2	2	4	5	0	5	3	3	2	5	9	5	6	5
ASV_366	2	1	6	3	5	1	3	4	6	3	3	6	2	4	8	3	4	4
ASV_389	2	3	3	1	1	0	3	3	18	6	0	3	7	3	4	6	2	5
ASV_394	5	3	0	0	1	3	8	2	4	2	1	3	2	1	2	0	19	12
ASV_445	3	5	0	6	26	0	1	4	2	3	1	0	2	4	0	5	3	3
ASV_386	0	3	4	2	0	6	5	2	7	5	2	4	1	1	8	4	5	5
ASV_440	20	18	2	0	0	3	6	3	2	3	2	7	1	1	0	0	1	2
ASV_746	3	2	1	2	0	0	3	4	7	10	8	1	5	6	4	4	1	5
ASV_414	3	3	2	1	8	2	1	5	1	8	8	2	2	1	6	4	4	5
ASV_429	3	6	4	13	12	4	1	0	1	1	1	2	3	3	1	1	5	4
ASV_450	0	18	2	1	1	1	2	4	4	5	3	1	2	4	7	7	1	2
ASV_1150	3	4	3	4	2	5	3	2	7	5	3	7	4	5	2	2	0	3
ASV_1605	3	9	4	8	4	3	5	3	4	3	2	1	6	2	2	3	2	5
ASV_372	4	4	2	8	3	3	6	1	3	4	1	2	7	1	3	5	2	2
ASV_393	1	8	2	2	0	3	3	7	8	3	3	7	3	2	4	1	3	4
ASV_399	3	4	0	2	8	2	6	4	0	4	3	3	0	1	6	14	1	6
ASV_401	3	2	1	3	6	5	0	2	5	3	2	0	6	8	1	5	6	5
ASV_406	2	4	6	5	3	2	4	4	5	1	4	6	4	4	4	2	4	3
ASV_411	5	2	2	2	2	3	6	3	0	3	6	8	1	6	5	2	2	5
ASV_454	5	8	6	4	1	0	6	3	1	6	0	6	4	5	4	1	1	3
ASV_538	3	5	1	1	7	1	2	11	6	2	0	2	5	5	2	3	3	5
ASV_1458	5	6	0	0	0	4	16	11	3	3	5	5	1	1	1	3	5	0
ASV_1493	5	1	3	1	2	2	4	2	17	2	5	6	2	0	1	4	1	2
ASV_373	3	0	1	0	0	0	0	0	36	2	0	0	18	0	0	0	0	0
ASV_376	2	9	1	6	1	3	3	11	1	3	1	2	8	5	8	1	1	0
ASV_431	1	10	6	1	25	1	1	0	0	1	1	9	1	1	0	0	2	1
ASV_476	4	2	5	5	4	2	2	7	1	0	2	7	3	1	5	4	4	4
ASV_484	1	8	1	0	1	1	8	8	6	2	3	6	3	3	5	3	2	2
ASV_400	5	0	0	0	0	22	1	3	0	0	1	17	1	0	2	9	0	0
ASV_436	5	3	2	0	0	5	12	5	7	1	2	4	3	0	8	2	5	4
ASV_585	2	6	2	3	4	4	4	10	3	0	2	6	1	2	6	1	4	4
ASV_1068	4	5	7	3	2	4	6	2	2	4	2	9	3	4	5	3	0	1
ASV_397	1	1	3	3	2	2	1	2	3	2	5	5	5	4	6	0	4	6
ASV_416	2	2	3	14	1	0	7	0	3	8	1	6	1	1	5	0	3	5
ASV_421	7	9	1	1	0	5	1	4	8	6	5	2	2	2	1	3	2	4
ASV_495	7	1	5	1	2	2	5	4	4	1	4	7	2	2	2	2	6	9
ASV_527	2	4	1	3	0	1	4	4	5	3	9	5	6	2	6	4	3	2
ASV_532	0	2	0	1	1	2	4	11	2	13	6	21	0	1	1	1	1	1
ASV_554	3	3	2	2	4	5	6	1	3	5	4	6	5	4	3	3	2	5
ASV_629	4	5	1	3	1	2	1	7	8	5	2	1	5	4	3	3	1	2
ASV_711	7	4	1	7	0	7	7	4	3	6	3	2	4	3	2	3	3	4
ASV_962	2	4	0	6	1	8	4	0	4	2	7	4	4	1	5	10	1	2
ASV_426	18	1	3	6	0	1	4	1	1	5	2	12	3	1	1	4	5	3
ASV_432	6	3	1	1	4	3	2	2	3	6	2	2	5	1	3	2	3	7
ASV_465	1	5	4	3	4	5	2	1	3	1	4	5	3	4	2	6	3	3
ASV_630	2	0	11	1	1	12	0	2	5	5	4	1	7	7	0	1	2	1
ASV_732	2	6	5	0	3	7	0	8	2	1	10	1	4	0	1	8	5	2
ASV_737	3	7	2	5	2	0	3	9	2	3	6	5	0	0	2	3	1	5
ASV_1309	1	4	0	3	1	1	3	7	6	3	3	4	8	4	5	1	3	2
ASV_424	6	4	6	2	1	0	5	9	3	5	5	1	2	3	3	2	3	6
ASV_505	4	3	5	3	2	1	10	1	1	5	4	6	1	3	3	3	1	4
ASV_407	7	6	0	3	3	4	9	2	4	4	3	1	4	1	3	3	3	5
ASV_418	2	6	0	1	2	3	8	4	2	4	7	5	2	2	3	2	5	2
ASV_423	5	3	0	5	7	3	6	3	4	8	4	2	3	0	1	1	1	7
ASV_413	3	3	4	4	9	1	2	0	2	1	4	2	4	5	4	3	5	1
ASV_430	0	2	0	1	0	0	1	3	2	2	1	7	1	32	0	2	0	0
ASV_561	5	3	0	3	2	2	4	1	9	1	3	10	0	2	2	4	6	3
ASV_607	0	4	0	17	0	18	1	1	1	1	0	4	1	0	5	5	0	1
ASV_435	2	4	0	2	0	6	2	2	1	4	1	8	1	0	6	5	2	6
ASV_442	4	0	1	1	0	1	6	3	7	2	2	2	6	4	4	0	7	2
ASV_486	3	3	1	2	4	4	3	2	6	3	5	5	3	2	1	0	4	3
ASV_542	5	1	6	5	1	4	0	3	1	4	5	6	1	2	9	2	1	0
ASV_632	4	2	0	2	1	1	4	0	4	4	2	1	6	7	3	12	2	2
ASV_717	3	0	1	0	2	8	3	0	2	4	3	3	1	0	7	2	13	1
ASV_826	8	3	3	2	1	2	1	2	4	1	2	9	2	0	4	2	0	6
ASV_940	0	0	1	2	1	3	0	0	5	3	8	6	7	4	7	2	4	2
ASV_1606	2	4	7	3	0	3	2	4	4	0	2	0	3	3	7	1	1	5
ASV_434	1	5	3	3	1	2	5	6	2	11	0	3	2	2	1	3	3	2
ASV_498	2	3	2	6	2	2	4	1	2	3	5	4	3	6	4	1	0	2
ASV_537	8	5	1	1	0	3	4	2	4	2	5	3	0	3	7	1	2	4
ASV_974	1	4	0	1	0	0	10	0	5	2	8	11	2	0	4	7	0	2
ASV_444	4	3	7	2	1	1	4	1	3	1	3	3	4	5	6	5	1	4
ASV_468	10	3	0	0	0	2	9	0	5	2	5	9	5	2	2	0	3	1
ASV_497	1	1	2	2	16	6	2	0	1	5	5	3	1	2	0	5	3	3
ASV_518	4	2	3	4	1	2	6	2	6	2	11	2	1	0	3	1	1	2
ASV_553	3	2	3	0	0	0	4	4	3	9	3	3	4	2	7	6	1	3
ASV_742	3	4	1	3	5	2	4	3	5	4	3	4	3	6	2	2	4	0
ASV_439	7	7	0	1	1	0	2	5	1	3	3	7	3	0	2	2	7	6
ASV_446	10	2	1	0	14	2	0	13	0	0	7	2	1	1	1	0	1	1
ASV_458	2	2	1	4	3	2	7	2	1	3	4	1	4	5	2	8	1	1
ASV_477	6	0	1	3	0	3	6	2	6	3	1	1	17	1	3	1	3	0
ASV_509	2	1	5	3	1	4	5	7	2	1	1	1	0	4	5	4	5	4
ASV_591	5	1	1	3	2	3	4	3	1	1	3	4	3	3	4	6	4	4
ASV_1160	3	2	1	5	4	1	7	2	0	6	2	5	3	0	4	4	1	4
ASV_420	5	4	0	0	0	5	7	1	2	3	5	7	3	2	4	0	1	3
ASV_441	2	2	2	5	4	2	2	1	2	6	1	6	0	5	4	6	1	2
ASV_449	2	5	6	5	9	2	2	3	0	2	1	4	2	4	1	3	1	0
ASV_460	2	1	8	4	5	1	2	2	2	6	1	0	4	4	3	1	4	1
ASV_507	4	3	1	3	1	5	4	4	2	5	2	2	1	4	1	3	3	6
ASV_584	3	0	5	3	3	14	2	5	1	0	4	2	1	4	2	3	1	2
ASV_590	4	1	10	0	6	1	0	1	5	7	4	2	1	5	6	1	1	3
ASV_603	6	7	0	0	1	0	3	3	1	3	2	1	12	1	2	0	3	3
ASV_743	3	4	6	3	3	6	0	1	0	1	6	3	1	1	2	4	3	2
ASV_837	1	2	2	3	4	2	3	3	2	2	2	9	3	3	5	3	2	1
ASV_1593	2	4	4	3	0	1	2	7	2	1	3	5	3	0	4	5	4	2
ASV_1621	4	1	2	1	2	1	2	5	2	5	2	8	7	0	1	2	2	5
ASV_1720	0	3	2	3	1	3	7	6	0	0	2	2	10	1	4	2	2	2
ASV_443	3	10	1	1	4	2	4	2	0	3	2	4	3	2	4	1	1	3
ASV_467	0	2	7	3	3	2	2	2	4	3	3	3	0	1	4	8	1	2
ASV_506	2	1	1	0	1	2	4	4	2	1	5	6	2	2	3	4	5	6
ASV_528	0	31	1	1	1	0	4	0	8	0	0	0	0	0	0	0	0	9
ASV_547	3	5	6	7	6	2	4	1	4	1	3	4	2	1	0	2	1	3
ASV_580	5	2	3	2	1	3	6	5	2	3	5	5	1	3	3	2	2	1
ASV_1450	3	6	0	8	2	2	4	4	1	7	3	1	3	1	1	1	0	5
ASV_451	3	2	2	1	1	2	5	8	4	2	4	7	5	1	3	0	1	4
ASV_473	1	16	0	0	2	2	9	3	2	3	2	6	3	1	1	1	2	1
ASV_494	2	3	1	3	1	3	1	0	4	3	6	6	5	4	3	3	1	0
ASV_500	1	2	1	5	1	8	2	3	3	0	5	5	0	5	0	5	2	4
ASV_511	3	2	10	1	2	8	4	1	0	7	0	5	1	0	6	0	2	2
ASV_1151	6	0	1	3	2	10	7	1	1	3	3	2	3	2	1	1	2	5
ASV_447	3	3	1	1	1	2	1	0	7	5	3	4	3	5	3	3	3	2
ASV_455	2	2	2	4	1	2	3	1	1	0	2	4	4	3	3	5	5	2
ASV_482	8	2	3	1	2	0	1	0	2	5	5	4	3	0	5	4	0	10
ASV_502	4	0	5	0	4	3	2	5	3	6	1	1	2	0	3	4	1	3
ASV_519	1	4	0	1	2	2	4	4	1	4	10	13	1	0	1	0	7	0
ASV_550	0	1	0	0	0	0	6	19	8	2	0	4	2	5	3	1	1	0
ASV_1002	4	1	0	2	4	2	2	2	2	5	3	6	5	4	3	4	0	1
ASV_1162	5	6	4	0	4	4	3	2	1	3	0	2	1	0	7	2	0	4
ASV_462	2	5	3	3	1	2	4	2	2	2	2	1	2	2	5	3	2	3
ASV_466	6	2	5	9	3	1	0	0	2	2	1	0	2	0	1	5	6	0
ASV_483	3	3	3	8	1	3	5	3	3	3	3	3	1	5	2	2	0	0
ASV_574	6	3	1	2	2	4	5	5	4	5	3	2	1	2	1	2	0	3
ASV_608	1	3	1	0	1	2	1	18	0	2	11	3	0	1	0	1	2	3
ASV_673	3	1	3	5	1	0	3	2	10	1	1	4	3	3	1	1	2	9
ASV_871	4	1	0	0	0	0	1	5	4	0	6	4	5	5	7	1	3	7
ASV_1246	4	6	4	1	3	2	1	4	3	5	3	3	4	0	2	3	1	3
ASV_1376	5	7	1	1	0	1	6	2	3	1	2	6	3	1	2	3	1	1
ASV_1506	3	2	0	4	2	1	5	5	1	2	3	7	0	2	4	3	3	1
ASV_464	3	2	6	0	4	2	2	1	4	5	2	2	2	1	3	6	3	3
ASV_515	3	2	3	2	0	1	6	3	2	4	3	1	4	7	3	1	5	2
ASV_563	6	3	5	1	1	1	2	3	0	0	2	3	4	5	0	3	3	4
ASV_578	6	3	2	3	3	0	4	3	1	3	5	1	1	4	3	0	2	7
ASV_588	1	0	7	0	1	1	2	5	2	2	3	4	3	1	2	7	4	3
ASV_594	4	0	5	0	0	5	4	1	5	1	3	3	6	1	2	4	4	2
ASV_599	1	0	2	0	1	0	0	5	0	26	3	7	0	1	1	2	0	0
ASV_620	1	1	2	5	0	4	3	2	1	3	4	2	3	3	2	4	0	2
ASV_701	3	6	1	2	0	1	1	5	5	3	4	5	3	1	1	1	2	4
ASV_800	3	4	0	3	1	5	3	1	1	6	1	0	7	2	1	4	1	4
ASV_875	7	4	5	0	2	0	3	7	1	1	3	4	2	1	4	5	0	4
ASV_892	5	6	4	2	7	4	3	3	5	0	2	3	1	2	2	3	1	0
ASV_920	4	3	0	2	0	3	6	6	2	2	2	4	1	1	6	1	3	4
ASV_1036	2	2	2	5	1	2	4	0	2	0	9	5	2	2	3	2	0	2
ASV_1081	1	1	2	0	0	0	7	5	6	0	0	9	2	2	8	3	2	1
ASV_1241	4	9	1	0	1	4	9	1	3	5	2	1	1	0	0	6	2	1
ASV_1491	0	3	5	1	0	0	11	7	4	0	2	8	3	3	4	2	0	0
ASV_524	3	5	2	4	3	1	0	7	0	3	5	2	5	2	1	1	2	2
ASV_555	2	3	1	4	1	0	1	2	3	1	4	6	4	2	1	3	3	8
ASV_638	0	5	1	0	0	1	6	14	5	1	5	8	1	1	0	5	0	0
ASV_677	0	4	2	0	0	0	3	7	7	1	5	3	2	3	4	1	3	0
ASV_681	3	3	0	4	1	8	6	1	0	5	5	6	1	2	0	2	0	3
ASV_738	4	1	2	0	4	4	4	0	4	5	5	1	1	4	2	3	3	8
ASV_1281	1	4	2	2	2	2	4	4	2	2	2	6	5	1	1	2	0	5
ASV_1520	0	3	1	6	2	4	4	4	1	5	3	4	0	2	2	1	4	3
ASV_1590	0	2	3	4	4	4	3	2	1	5	1	3	1	0	4	1	3	4
ASV_481	2	1	4	4	1	4	4	1	1	4	1	7	1	0	3	5	2	3
ASV_493	3	3	3	0	1	0	3	4	1	6	6	2	2	1	1	2	7	2
ASV_508	0	6	3	2	1	3	4	1	4	4	3	3	0	2	5	3	1	5
ASV_531	1	1	2	4	0	0	4	3	4	3	1	5	4	3	5	1	3	5
ASV_848	3	3	9	2	2	1	3	1	3	1	2	3	2	3	1	3	3	5
ASV_919	3	1	3	0	3	4	5	3	3	0	5	1	7	3	4	1	1	2
ASV_457	1	0	0	1	1	0	1	4	1	2	17	1	2	0	0	0	2	15
ASV_487	1	1	1	1	9	1	1	3	2	0	6	1	1	4	4	4	7	2
ASV_488	3	3	1	6	6	2	2	1	3	3	5	4	1	2	4	2	2	4
ASV_490	1	3	2	3	3	6	4	0	1	2	2	4	0	1	4	3	2	0
ASV_551	3	1	3	3	6	0	5	3	0	2	4	7	2	1	4	2	5	2
ASV_562	4	1	0	3	1	3	7	2	6	2	1	2	5	0	1	6	1	1
ASV_567	2	0	0	1	3	3	0	0	1	0	3	0	0	13	1	1	15	1
ASV_568	0	0	0	0	0	0	48	3	0	0	0	0	0	0	1	4	0	0
ASV_573	3	3	0	4	3	3	3	1	5	2	2	3	1	4	5	3	1	4
ASV_587	0	0	1	0	3	3	2	3	1	1	5	1	1	5	5	0	14	0
ASV_649	6	2	2	6	0	3	3	6	4	2	2	1	4	0	0	0	4	2
ASV_930	5	4	8	4	3	1	0	1	2	1	2	0	1	1	1	2	2	1
ASV_937	2	1	3	0	0	1	5	5	3	2	6	1	7	2	4	1	1	2
ASV_1372	3	4	2	2	0	0	10	4	3	2	4	5	2	3	3	1	2	5
ASV_569	1	0	0	0	1	0	14	0	5	6	1	2	4	3	7	3	1	3
ASV_600	3	4	1	1	2	2	1	3	4	2	2	2	10	4	1	3	1	4
ASV_642	2	3	8	1	3	5	2	1	2	3	1	3	1	5	2	4	1	2
ASV_754	3	3	1	1	4	4	2	1	0	2	1	3	4	4	5	4	2	3
ASV_868	0	0	0	0	1	1	7	4	2	2	5	9	3	2	4	3	2	2
ASV_1004	3	3	4	1	4	2	0	4	0	2	4	3	0	0	1	4	1	2
ASV_1016	3	3	3	6	3	1	7	2	2	1	2	10	2	0	1	2	1	0
ASV_1273	1	1	2	4	1	2	1	3	0	2	4	4	5	3	3	3	4	2
ASV_1429	3	5	1	2	1	6	3	4	2	2	3	4	4	1	1	4	1	1
ASV_1456	6	5	0	1	2	1	3	4	2	2	2	6	2	2	3	3	1	3
ASV_1538	1	4	1	2	0	1	5	12	4	2	1	2	0	2	3	1	2	4
ASV_1612	10	0	2	5	3	4	2	1	4	5	1	4	0	4	1	2	1	1
ASV_1781	6	4	0	5	0	1	1	6	2	2	1	2	3	0	3	0	2	9
ASV_489	4	2	1	3	1	3	3	1	4	2	4	7	0	1	4	1	4	2
ASV_529	0	3	0	3	2	4	6	4	1	2	5	1	3	0	2	4	1	2
ASV_534	10	6	0	5	0	0	6	4	1	0	6	4	0	0	4	0	1	1
ASV_536	0	1	1	2	1	1	1	9	5	4	0	2	13	1	2	4	0	2
ASV_676	1	1	2	0	0	2	3	2	4	0	8	3	0	0	3	4	4	8
ASV_683	3	2	2	4	3	1	5	1	2	1	6	2	2	3	2	2	4	1
ASV_781	4	2	2	3	1	0	3	5	1	3	2	8	2	0	3	3	0	1
ASV_558	1	0	0	0	0	0	1	0	6	0	0	0	1	0	0	31	1	2
ASV_559	5	2	3	2	2	1	6	0	2	6	3	3	2	3	3	0	0	2
ASV_595	2	3	0	1	0	0	2	6	2	3	1	8	8	2	3	6	1	3
ASV_612	2	0	0	1	0	1	7	3	1	2	6	4	5	4	4	1	5	3
ASV_639	0	3	6	3	0	1	3	3	0	4	4	3	5	4	0	2	1	1
ASV_652	1	8	1	6	3	3	1	2	1	2	2	2	3	0	3	3	2	2
ASV_675	0	4	0	0	0	0	6	0	4	1	0	1	0	0	0	0	0	26
ASV_782	3	4	0	0	2	1	7	1	1	2	5	3	1	1	2	6	2	4
ASV_842	3	3	2	4	2	1	3	4	1	0	0	2	5	2	6	2	2	5
ASV_1046	4	2	1	6	3	3	3	2	0	2	2	0	2	3	1	2	4	3
ASV_1086	3	0	1	1	0	3	5	4	2	4	3	6	1	2	0	3	1	3
ASV_1125	5	8	1	0	0	3	8	1	2	3	1	5	2	2	0	1	4	1
ASV_1129	0	5	8	3	1	1	4	1	3	0	2	3	2	1	3	4	3	3
ASV_501	2	2	1	6	4	1	1	7	0	3	4	2	1	0	2	2	1	5
ASV_521	1	1	3	1	1	1	3	3	5	2	1	3	0	4	6	4	1	4
ASV_546	0	1	1	2	0	1	0	11	7	6	5	2	2	0	5	0	2	1
ASV_626	3	4	4	1	2	5	1	0	1	3	4	1	3	3	1	6	3	3
ASV_659	2	2	1	2	0	7	5	6	3	1	2	8	2	1	2	2	0	0
ASV_786	0	0	0	7	0	1	5	6	8	17	0	0	0	1	0	0	1	0
ASV_525	2	2	0	0	2	1	3	5	2	3	2	0	1	3	5	3	0	7
ASV_544	3	5	8	0	1	7	3	0	3	6	1	0	3	1	1	0	2	1
ASV_552	1	3	0	0	5	2	3	0	2	1	3	5	0	5	2	0	2	5
ASV_613	3	2	0	1	0	1	6	3	3	4	3	7	4	0	3	0	3	3
ASV_712	1	1	0	0	1	0	2	0	7	10	3	0	2	3	7	4	0	0
ASV_846	5	1	0	0	1	4	2	0	3	4	3	2	1	5	6	1	3	6
ASV_522	2	2	0	0	1	0	2	7	4	5	5	2	4	1	2	3	1	2
ASV_540	1	5	1	1	4	0	1	2	2	4	2	4	3	4	4	2	3	2
ASV_575	2	2	1	2	1	2	2	0	2	2	1	4	5	3	2	2	0	3
ASV_598	0	0	1	0	0	0	39	0	0	0	0	0	0	0	0	0	0	0
ASV_604	1	3	0	2	3	2	2	2	1	3	5	1	4	0	1	5	4	1
ASV_624	1	4	0	3	0	0	2	2	5	1	3	7	4	2	2	3	0	1
ASV_643	2	1	0	0	1	0	2	4	3	5	0	3	1	0	0	18	0	5
ASV_662	7	2	1	1	0	0	2	2	0	4	2	2	0	2	2	9	0	4
ASV_700	3	3	7	0	0	4	2	0	5	3	2	4	3	1	1	2	3	3
ASV_936	3	3	3	1	1	4	3	4	0	3	4	1	3	3	0	1	2	5
ASV_972	0	4	1	1	1	4	5	1	6	3	4	5	3	0	2	1	1	2
ASV_1149	3	3	1	0	0	1	4	3	7	0	2	3	3	1	4	1	6	0
ASV_1244	1	1	2	1	1	3	2	3	6	4	4	1	1	2	3	2	3	3
ASV_1341	0	0	0	0	1	4	2	4	0	2	16	1	0	1	0	9	0	0
ASV_475	3	3	1	4	0	1	5	2	2	3	8	6	3	0	0	0	1	1
ASV_510	3	0	0	0	0	2	1	11	0	6	0	0	5	0	0	1	8	2
ASV_541	0	2	1	0	0	1	6	4	1	3	3	3	4	1	5	2	1	4
ASV_557	3	1	6	3	1	2	2	2	0	2	3	1	7	2	4	1	1	3
ASV_581	4	4	1	4	0	2	0	3	2	2	1	7	3	2	0	2	2	2
ASV_617	3	0	2	3	0	4	1	4	3	5	2	5	1	0	1	3	2	0
ASV_618	6	1	1	0	6	1	3	6	0	5	3	1	1	1	0	3	2	2
ASV_708	5	4	2	0	0	16	6	0	0	2	1	3	0	0	2	3	0	2
ASV_784	2	0	0	21	1	0	1	4	0	3	2	1	1	0	0	1	1	0
ASV_829	1	5	0	1	0	1	2	3	3	4	1	6	3	2	3	0	1	6
ASV_858	1	2	2	2	3	1	0	2	2	2	3	3	3	4	3	3	3	3
ASV_1020	2	2	4	3	2	2	1	5	2	0	2	3	0	1	3	2	0	1
ASV_1629	3	0	3	3	1	2	3	0	2	2	3	5	1	2	2	3	1	5
ASV_1694	1	3	1	3	0	4	3	3	0	2	0	1	2	3	2	4	5	3
ASV_539	2	3	0	2	2	4	1	1	3	2	5	2	2	1	2	6	1	2
ASV_564	0	1	3	2	2	5	2	0	2	1	1	3	2	5	0	2	3	1
ASV_664	1	3	6	1	2	2	1	2	0	1	4	1	0	3	2	4	2	3
ASV_667	3	1	6	2	0	1	7	5	1	0	0	3	2	1	1	0	2	3
ASV_686	1	6	0	1	2	4	2	2	3	1	4	3	2	5	2	2	0	0
ASV_690	3	1	1	4	2	2	2	0	1	1	4	5	0	1	3	3	2	2
ASV_725	2	1	4	0	11	0	1	2	0	5	0	0	2	1	3	3	0	4
ASV_757	0	5	2	2	2	0	3	3	2	2	1	1	3	4	5	5	0	1
ASV_880	2	4	2	4	1	0	3	1	0	2	1	6	3	2	2	3	1	2
ASV_1301	3	2	7	1	0	2	1	4	2	1	2	2	0	2	3	2	2	1
ASV_1411	5	1	1	5	1	1	2	2	2	7	2	1	2	3	4	3	1	2
ASV_1487	0	1	0	1	0	1	1	0	1	2	0	1	2	1	3	20	2	3
ASV_1526	0	1	0	1	0	0	4	12	2	3	1	2	3	3	2	2	2	2
ASV_576	2	2	5	0	3	11	1	2	1	0	1	0	0	0	1	1	1	3
ASV_678	1	1	0	0	1	0	8	3	1	4	4	3	3	2	4	1	0	3
ASV_696	1	0	0	7	0	3	8	2	1	2	2	2	2	1	4	4	2	5
ASV_702	3	2	0	2	0	3	4	4	1	2	0	9	1	2	0	2	0	3
ASV_716	1	3	0	0	1	0	4	3	3	0	2	2	1	0	1	13	0	3
ASV_730	11	0	1	2	3	3	1	0	1	1	4	6	1	0	4	0	2	1
ASV_763	2	3	0	4	3	6	4	2	3	2	1	5	2	0	2	1	0	3
ASV_859	0	1	2	0	5	2	1	7	0	0	2	1	1	2	2	1	4	5
ASV_867	0	2	0	0	1	1	6	1	1	1	7	5	0	3	4	0	1	2
ASV_971	0	0	2	0	0	1	2	2	7	1	7	6	1	6	1	3	2	1
ASV_992	4	2	0	4	0	3	2	3	3	3	1	4	4	1	4	1	0	1
ASV_1021	0	0	0	0	0	0	35	0	0	0	1	0	0	0	0	0	1	0
ASV_1049	2	3	1	0	3	1	4	4	3	2	0	4	3	1	0	3	5	0
ASV_1258	2	1	1	5	3	5	1	2	3	2	4	1	0	2	3	0	1	3
ASV_582	3	1	1	3	1	0	4	1	4	4	0	3	4	2	5	0	1	1
ASV_589	5	0	2	3	0	2	5	5	1	2	0	3	2	1	4	1	4	3
ASV_619	2	5	0	4	1	4	0	5	1	3	2	3	2	2	4	0	2	1
ASV_628	2	1	4	9	1	1	0	2	0	1	3	4	0	1	0	2	2	6
ASV_666	6	2	2	1	0	3	3	3	1	4	3	0	0	1	3	1	1	3
ASV_890	2	2	0	2	0	6	3	0	3	3	6	3	0	1	4	2	1	3
ASV_904	0	2	0	1	3	2	1	3	2	4	4	4	2	1	0	2	2	1
ASV_1134	0	0	2	2	12	0	0	8	0	2	2	0	0	0	3	1	0	6
ASV_654	1	2	3	3	2	1	3	4	2	3	2	2	1	2	3	3	0	2
ASV_658	5	2	7	1	2	1	3	2	1	3	3	3	1	2	1	1	1	1
ASV_734	0	1	28	0	0	0	1	1	1	2	0	0	0	0	0	0	0	0
ASV_768	2	0	1	2	2	7	5	2	1	4	1	3	1	1	2	2	0	1
ASV_840	1	1	12	5	2	0	3	0	1	2	1	1	0	0	1	1	2	2
ASV_1142	3	1	1	1	2	5	5	1	1	4	2	0	1	0	3	5	1	3
ASV_1547	4	4	0	0	0	2	3	1	2	1	3	5	1	1	2	2	2	0
ASV_512	2	1	0	0	1	3	3	2	3	5	1	0	0	0	7	1	0	5
ASV_533	1	1	0	5	0	1	2	3	5	1	3	5	0	2	1	1	0	7
ASV_565	0	2	0	2	2	0	0	3	1	2	3	0	0	4	4	3	1	5
ASV_616	2	19	9	1	0	0	0	0	1	1	0	1	0	0	0	3	0	4
ASV_622	0	1	0	0	0	1	2	4	1	6	1	3	3	3	3	4	0	4
ASV_623	0	5	0	1	0	0	4	5	2	4	2	2	3	0	5	1	3	1
ASV_635	2	3	0	3	0	4	4	2	2	4	1	1	3	3	0	2	0	1
ASV_636	0	1	2	4	1	2	4	1	1	5	4	4	0	2	2	0	1	5
ASV_644	2	3	0	1	4	2	4	2	1	1	1	2	3	0	4	1	1	8
ASV_687	5	0	0	2	0	2	1	5	2	1	1	2	3	0	0	1	1	12
ASV_710	1	3	1	0	0	1	3	1	1	1	5	4	5	1	4	3	2	4
ASV_905	3	1	0	1	1	1	6	2	3	3	2	4	3	2	0	0	3	1
ASV_929	0	1	1	0	1	5	13	3	0	0	1	2	1	1	13	1	1	1
ASV_991	1	2	1	3	2	2	2	2	2	1	2	3	3	3	1	2	1	1
ASV_1078	1	1	0	3	1	2	1	7	6	1	5	1	5	0	2	1	0	0
ASV_1214	2	3	1	1	3	1	5	1	2	4	1	5	1	1	1	1	2	5
ASV_1245	1	3	1	0	2	0	3	1	1	2	1	4	2	2	4	2	1	3
ASV_1409	5	0	3	8	0	2	2	2	1	0	1	2	3	1	1	6	2	0
ASV_1459	2	2	3	3	1	6	1	1	0	2	2	0	2	1	4	0	1	1
ASV_1495	0	3	3	4	3	1	4	3	2	5	3	4	0	0	2	3	0	2
ASV_1516	1	1	0	0	5	2	4	3	4	2	2	2	1	0	3	1	5	4
ASV_1736	1	1	5	0	7	4	2	3	2	5	0	0	0	2	1	0	1	1
ASV_593	4	2	0	0	0	2	3	7	1	3	0	4	2	0	4	3	2	4
ASV_602	5	5	5	0	1	2	2	2	0	0	1	1	1	2	0	2	5	1
ASV_633	1	4	1	1	0	3	2	3	2	2	3	8	2	1	0	0	1	1
ASV_645	2	1	1	1	1	1	2	1	6	7	2	1	1	3	3	2	1	2
ASV_660	1	2	6	1	2	7	0	0	1	1	1	2	1	2	1	4	1	0
ASV_661	12	3	1	0	0	0	3	2	7	2	1	2	2	1	1	0	2	1
ASV_688	3	8	0	0	2	1	3	3	1	4	0	0	1	0	1	1	2	1
ASV_713	0	1	3	3	1	5	2	0	4	2	4	4	2	0	0	2	3	3
ASV_794	1	6	2	2	1	2	0	2	4	1	3	0	1	0	2	0	8	1
ASV_899	1	2	1	1	2	0	3	2	1	5	5	4	2	1	2	5	0	3
ASV_1249	1	2	1	0	0	0	5	2	3	1	4	5	5	0	4	0	1	2
ASV_1467	3	5	1	3	0	1	1	2	5	0	5	2	3	3	2	1	0	3
ASV_1470	0	1	0	2	0	0	3	1	3	3	1	1	1	3	2	1	8	0
ASV_1687	13	1	3	1	0	0	1	3	3	0	3	1	3	0	1	2	1	3
ASV_1761	2	0	3	0	2	0	6	2	1	0	3	4	2	2	3	4	0	3
ASV_597	0	0	0	0	0	3	0	3	1	1	14	3	0	0	2	0	6	0
ASV_606	0	0	1	0	0	3	2	7	2	1	2	7	2	0	7	3	0	0
ASV_656	0	0	2	0	6	0	0	3	2	2	4	2	5	3	3	2	0	1
ASV_693	0	0	2	3	0	1	4	0	2	4	3	3	2	0	4	3	2	6
ASV_694	4	3	0	1	0	1	8	0	1	2	3	3	1	1	2	0	1	5
ASV_695	0	0	31	0	0	0	0	0	0	0	0	0	0	0	0	0	0	0
ASV_745	1	2	5	1	2	1	1	3	0	2	0	3	0	3	8	1	2	2
ASV_753	0	1	1	0	2	0	1	1	2	5	5	6	1	3	4	3	2	0
ASV_801	2	2	5	3	3	4	2	1	1	3	1	1	3	2	1	2	0	3
ASV_830	3	8	0	0	0	1	2	2	0	0	0	0	9	3	2	3	0	4
ASV_864	3	2	3	2	1	0	3	3	1	2	3	1	2	1	2	2	0	2
ASV_985	3	2	1	0	0	0	3	0	4	4	2	3	2	3	4	1	3	3
ASV_1155	0	0	24	0	0	0	0	2	0	0	0	1	0	0	1	0	0	0
ASV_1199	0	1	1	0	1	3	7	1	1	1	3	5	2	2	1	2	1	2
ASV_1330	0	1	2	1	0	3	4	5	3	1	2	2	1	1	2	3	1	1
ASV_1678	4	2	1	0	0	2	6	4	6	5	1	2	1	1	2	0	0	1
ASV_1771	4	3	3	0	0	2	5	2	3	1	2	3	3	1	1	0	0	2
ASV_615	4	1	0	1	1	4	3	3	3	0	1	3	2	4	2	1	2	4
ASV_647	1	0	1	2	1	0	0	4	2	1	1	3	2	4	3	2	2	1
ASV_665	7	0	0	0	2	4	4	4	0	2	4	1	0	0	2	2	1	2
ASV_671	3	3	1	0	2	0	4	2	0	2	1	4	3	1	1	1	0	6
ASV_714	1	0	0	0	0	3	3	8	1	1	0	6	2	1	2	0	2	2
ASV_715	0	1	3	3	2	0	2	1	1	0	12	3	2	0	0	0	3	0
ASV_741	3	3	6	1	2	3	2	2	0	1	0	2	0	1	1	2	4	1
ASV_771	3	0	1	2	0	3	2	5	1	4	5	1	1	4	2	2	1	3
ASV_772	2	7	6	1	2	2	0	2	2	1	0	3	1	0	2	3	0	1
ASV_815	1	0	1	0	0	0	2	1	5	3	0	4	13	0	0	0	0	1
ASV_906	1	0	0	0	0	0	14	2	0	14	0	6	0	0	0	0	0	0
ASV_910	4	2	0	1	3	1	0	3	2	2	1	3	1	0	0	2	4	2
ASV_949	2	3	4	1	0	2	1	4	1	1	4	1	1	0	2	3	0	6
ASV_986	1	1	1	0	0	2	3	2	3	1	1	3	3	0	1	3	2	3
ASV_997	2	0	1	3	1	5	1	4	3	0	6	5	3	0	3	2	2	0
ASV_1099	2	3	1	3	0	3	2	2	2	2	0	3	1	0	1	2	0	3
ASV_1465	5	4	0	0	1	2	0	4	3	3	2	1	3	1	0	3	3	1
ASV_1680	2	2	1	1	0	2	3	4	1	1	1	2	0	3	2	3	1	3
ASV_611	1	0	2	0	0	5	0	1	2	2	4	2	2	2	6	1	1	1
ASV_648	3	0	2	2	0	0	3	2	1	4	5	4	2	0	2	2	1	2
ASV_650	4	1	4	0	1	3	3	1	1	0	2	3	3	2	0	2	0	1
ASV_672	2	0	0	0	1	0	13	2	9	1	1	2	0	0	1	0	0	3
ASV_706	2	2	3	2	3	3	0	4	2	2	1	0	2	2	3	2	2	3
ASV_791	2	0	0	3	2	4	0	1	2	5	4	3	1	3	2	2	1	1
ASV_856	3	1	23	3	0	0	0	0	1	0	2	2	2	0	1	0	0	1
ASV_863	0	2	3	1	1	5	3	4	1	1	6	3	3	0	2	1	0	3
ASV_945	2	4	4	3	1	4	3	6	0	1	0	1	1	0	0	1	0	1
ASV_1073	2	1	0	0	1	1	4	2	2	0	1	19	0	0	0	0	1	1
ASV_1205	0	0	0	0	0	1	4	3	4	7	2	1	4	1	3	5	1	0
ASV_1353	1	4	2	2	2	0	0	2	1	1	0	1	2	3	2	1	1	2
ASV_1406	4	1	1	2	1	3	3	0	2	1	2	4	0	3	1	3	1	2
ASV_1671	3	1	0	0	3	9	4	1	0	0	3	1	2	1	3	0	4	0
ASV_1744	1	1	3	2	2	5	3	2	3	2	1	2	1	1	2	2	0	3
ASV_657	0	1	0	2	4	0	1	3	2	6	5	1	3	0	0	3	1	3
ASV_758	0	0	3	0	23	1	0	1	0	1	0	0	0	0	0	1	0	2
ASV_767	1	1	2	2	4	3	2	2	2	1	5	0	0	2	2	3	1	2
ASV_825	5	0	2	0	4	2	0	4	0	3	1	2	0	1	1	0	1	1
ASV_911	3	1	1	0	2	1	2	0	4	2	4	4	4	3	2	1	1	1
ASV_1024	0	2	0	0	0	0	2	0	1	3	0	2	0	2	0	21	0	0
ASV_1128	0	1	0	1	1	2	3	1	2	2	2	3	1	4	4	2	0	1
ASV_1280	1	0	0	1	0	0	7	5	0	0	2	2	0	0	2	6	3	5
ASV_1419	0	1	1	1	0	1	3	3	2	2	3	2	1	1	2	2	2	6
ASV_1557	1	4	2	1	1	2	3	3	1	1	2	2	3	0	1	0	1	2
ASV_1697	1	1	1	0	1	1	7	2	2	0	2	3	3	4	3	1	1	1
ASV_609	2	1	0	5	5	0	1	2	0	2	3	1	2	4	0	2	1	0
ASV_682	1	2	3	0	2	1	1	3	2	2	1	3	3	2	4	1	2	2
ASV_685	2	3	2	3	1	0	0	4	0	1	3	4	4	0	1	1	0	3
ASV_691	3	1	1	5	0	2	0	0	7	2	0	0	3	1	1	1	5	0
ASV_697	0	0	0	17	0	15	0	0	0	0	0	0	0	0	0	0	0	0
ASV_707	2	1	0	3	2	1	2	6	2	4	1	1	2	1	3	0	0	2
ASV_727	3	0	0	0	0	0	20	0	4	8	0	2	0	0	0	0	0	0
ASV_729	2	0	0	1	0	5	0	0	0	0	0	2	0	5	14	0	0	0
ASV_731	2	0	4	1	3	2	1	2	0	2	0	0	0	2	1	2	3	1
ASV_770	4	2	0	0	0	5	4	2	0	1	0	4	2	0	1	3	7	0
ASV_778	4	3	3	3	2	5	0	2	0	1	1	2	1	1	2	1	1	2
ASV_838	2	0	0	0	0	1	9	0	6	6	2	0	0	6	4	0	0	2
ASV_916	2	0	0	1	0	4	1	3	3	0	1	1	1	0	7	2	7	0
ASV_1056	0	2	0	0	1	1	3	11	3	4	1	2	1	2	0	2	1	1
ASV_1076	0	0	0	0	0	4	5	3	2	0	4	1	8	3	3	0	0	2
ASV_1145	1	1	1	1	0	1	2	4	8	0	1	4	0	0	5	0	0	0
ASV_1213	3	1	0	0	0	0	2	2	1	2	2	2	4	4	2	2	1	0
ASV_1224	3	1	0	3	0	1	1	2	1	2	2	2	0	0	2	0	5	4
ASV_1528	4	2	1	0	0	2	4	3	3	1	3	1	1	1	0	1	0	6
ASV_1583	0	1	2	4	6	3	2	3	0	0	1	0	0	1	5	1	2	1
ASV_1768	2	0	2	0	4	5	0	3	1	0	4	0	2	1	1	1	3	1
ASV_614	3	0	2	3	2	3	1	2	2	2	2	1	1	3	2	1	1	1
ASV_627	3	0	1	1	0	0	4	1	3	3	2	2	3	0	3	6	3	0
ASV_651	1	2	0	3	0	3	2	4	1	2	3	3	0	2	3	1	1	0
ASV_764	1	3	4	4	4	3	0	2	1	0	0	3	0	3	0	0	1	2
ASV_785	0	0	0	13	0	0	0	15	0	2	0	0	0	0	0	0	0	0
ASV_792	1	3	1	1	0	4	3	3	3	2	2	4	1	1	3	0	2	2
ASV_793	1	3	1	1	1	3	1	0	0	4	2	2	3	2	1	1	1	3
ASV_819	4	0	5	0	0	0	0	8	0	0	0	4	0	0	3	1	0	0
ASV_833	2	1	0	3	1	1	5	0	3	6	0	2	0	0	3	1	4	2
ASV_889	2	5	4	0	3	1	2	3	1	1	2	0	0	1	4	0	1	2
ASV_902	1	8	2	2	1	2	3	0	0	0	2	3	0	0	2	2	0	2
ASV_915	3	2	4	2	3	1	4	0	3	1	1	1	3	0	0	1	1	3
ASV_979	0	0	0	0	0	2	0	0	0	3	15	1	1	0	0	6	6	1
ASV_1015	1	0	2	3	0	1	10	1	2	0	2	6	0	1	0	0	0	0
ASV_1096	0	1	1	1	4	3	5	0	3	3	0	4	1	0	2	1	0	1
ASV_1135	2	4	1	2	0	5	3	0	1	0	3	1	1	1	1	0	0	5
ASV_1194	0	3	0	2	0	5	6	3	0	0	1	3	3	1	1	1	3	2
ASV_1240	0	1	0	0	0	0	6	8	5	0	1	4	2	2	3	0	1	0
ASV_1326	1	0	5	0	0	0	3	3	0	1	3	4	1	1	1	2	2	2
ASV_1588	1	1	1	1	1	2	3	2	6	2	1	2	1	1	1	1	0	0
ASV_653	1	4	1	0	0	1	3	1	3	3	1	4	1	1	3	1	0	5
ASV_655	0	2	0	2	1	2	1	0	1	1	0	0	1	1	4	0	11	2
ASV_703	2	1	1	1	5	2	1	1	1	1	0	1	6	0	2	0	2	1
ASV_709	1	2	0	0	2	1	0	3	1	5	2	0	7	2	2	1	1	2
ASV_722	2	4	1	1	0	2	1	0	3	2	1	0	5	2	2	1	1	1
ASV_751	2	5	3	2	0	0	2	1	2	1	0	1	5	0	3	2	0	1
ASV_806	6	3	1	0	0	5	0	1	3	0	4	1	1	4	0	0	0	2
ASV_1038	3	3	0	3	0	4	6	2	1	1	0	1	1	2	3	0	0	2
ASV_1050	3	3	1	0	0	2	3	1	0	3	0	3	1	4	0	2	2	2
ASV_1137	0	4	1	1	6	3	0	1	0	2	0	2	1	0	2	0	1	5
ASV_1642	1	4	2	0	0	0	2	3	2	0	2	3	2	0	0	0	10	1
ASV_1707	2	6	3	1	0	1	3	4	0	1	0	1	2	0	0	2	1	0
ASV_631	1	1	1	2	1	0	1	3	3	3	2	2	0	5	1	2	0	4
ASV_663	2	3	1	2	0	1	3	2	2	3	0	5	2	1	1	0	5	1
ASV_668	1	1	0	0	1	0	2	2	0	1	1	3	0	5	3	8	1	0
ASV_669	2	3	1	2	3	1	1	3	1	0	2	5	1	1	3	0	1	1
ASV_699	4	1	2	1	0	0	2	2	1	2	3	1	1	1	3	1	0	2
ASV_720	0	0	0	0	0	2	1	2	4	0	12	0	1	0	1	2	1	1
ASV_724	2	4	3	1	1	1	3	0	0	0	1	2	1	1	1	1	2	4
ASV_726	2	3	0	1	0	0	2	3	2	3	1	1	2	1	5	1	2	3
ASV_739	2	3	1	3	0	10	1	1	1	1	1	1	0	0	2	2	1	1
ASV_756	1	3	1	4	1	0	1	0	2	5	1	1	3	0	0	0	0	0
ASV_796	2	2	0	2	0	0	5	2	0	2	0	4	1	0	0	9	0	2
ASV_821	4	3	1	1	1	1	0	2	0	2	1	2	2	2	2	1	1	2
ASV_861	0	1	1	3	1	4	2	2	1	1	5	4	3	0	2	1	4	0
ASV_907	1	1	0	0	0	0	9	0	4	1	0	5	3	2	1	1	0	2
ASV_922	3	2	0	0	0	0	3	3	0	14	1	0	0	0	1	2	0	0
ASV_1064	1	3	2	3	5	4	0	1	1	1	3	3	2	0	0	0	1	2
ASV_1104	1	8	0	1	0	0	1	3	2	2	2	0	1	1	5	1	1	1
ASV_1168	1	3	0	1	2	1	2	1	2	5	3	2	2	0	2	1	5	1
ASV_1285	4	2	2	1	1	0	4	1	0	1	0	1	1	1	2	0	3	4
ASV_1286	2	2	0	5	0	4	2	1	0	3	0	2	1	2	3	0	2	1
ASV_1536	1	1	0	1	2	1	2	1	0	0	3	8	2	0	3	1	0	3
ASV_1683	1	2	5	0	1	2	1	1	7	0	3	0	2	0	1	6	0	0
ASV_721	0	4	0	1	3	3	0	0	1	1	4	2	1	4	1	0	1	1
ASV_728	6	2	1	1	1	1	2	4	3	0	1	2	1	0	1	2	0	3
ASV_735	0	0	0	0	0	0	0	1	0	0	0	0	2	0	0	26	2	0
ASV_740	2	0	2	1	1	1	1	1	3	0	2	3	0	0	2	2	0	5
ASV_748	2	2	2	3	0	5	0	1	1	3	4	2	1	1	0	2	1	0
ASV_779	0	0	0	1	1	4	0	2	3	2	1	2	1	1	2	2	0	2
ASV_799	3	0	0	0	0	0	11	0	1	16	0	2	0	0	0	0	0	0
ASV_807	1	2	0	3	0	1	1	6	2	0	1	3	1	1	0	2	2	1
ASV_808	2	1	7	0	0	1	2	1	1	0	2	0	0	0	4	0	1	4
ASV_817	1	4	2	1	4	3	1	2	1	2	0	4	1	0	0	0	6	1
ASV_851	1	0	1	4	2	1	0	1	1	3	2	1	3	1	1	3	3	2
ASV_912	1	1	1	0	1	4	2	1	1	1	1	7	1	1	1	1	3	1
ASV_938	1	2	1	3	2	6	2	2	0	1	0	1	2	1	1	2	1	0
ASV_957	2	2	1	1	2	2	0	2	2	0	3	2	1	2	1	1	3	1
ASV_981	1	0	0	0	0	0	8	3	3	1	2	3	1	3	3	0	0	2
ASV_999	2	1	2	0	0	0	2	7	2	3	0	2	2	0	4	1	2	2
ASV_1065	0	2	0	2	0	1	1	4	1	1	3	2	2	3	1	1	1	1
ASV_1161	3	1	0	0	1	2	2	0	0	3	2	4	1	0	3	3	1	1
ASV_1235	1	3	1	1	3	0	2	3	2	1	1	4	1	1	1	2	3	1
ASV_1259	2	1	0	1	1	1	2	2	1	1	5	1	1	7	2	1	1	1
ASV_1360	1	8	0	1	5	2	2	0	2	2	1	1	0	0	0	0	0	5
ASV_1369	1	0	2	1	0	1	0	1	5	1	3	0	1	1	2	4	2	5
ASV_1396	2	0	1	1	0	1	6	3	2	4	1	1	1	0	2	1	1	1
ASV_1533	2	0	0	1	2	0	3	2	0	1	1	5	4	1	2	3	1	0
ASV_1570	1	1	1	0	0	1	3	1	2	0	4	7	1	0	2	2	0	2
ASV_1648	2	1	0	0	0	2	3	0	2	1	3	3	5	3	0	2	0	1
ASV_1733	1	3	1	3	0	0	1	1	1	3	3	3	1	1	2	3	1	0
ASV_755	1	2	2	0	0	0	2	1	2	1	4	2	1	0	2	9	0	1
ASV_760	0	0	0	0	0	0	1	4	2	5	4	3	1	2	3	2	0	3
ASV_769	4	0	2	1	3	0	1	2	2	1	3	0	2	2	0	3	1	0
ASV_774	1	4	0	1	1	0	3	3	1	1	3	0	3	3	1	1	0	2
ASV_789	1	0	0	0	0	2	2	0	2	2	5	2	1	0	4	2	4	0
ASV_803	0	5	1	2	1	1	3	2	0	2	1	0	2	1	1	4	0	1
ASV_816	1	2	1	3	2	4	3	3	2	1	1	1	0	1	1	0	1	1
ASV_874	1	3	3	1	0	3	4	2	1	0	1	1	1	1	0	0	2	2
ASV_895	1	4	1	1	1	1	4	1	3	2	1	1	2	2	0	4	1	0
ASV_898	0	2	0	0	1	1	2	4	4	0	1	4	0	1	2	3	3	2
ASV_963	0	2	2	0	4	3	4	1	2	0	3	3	2	0	2	1	0	1
ASV_1017	1	0	1	1	2	1	2	4	4	2	3	2	0	0	0	1	2	2
ASV_1058	0	2	0	4	0	2	2	2	2	2	1	3	0	0	1	1	4	1
ASV_1109	3	0	0	3	1	1	0	1	2	2	3	0	2	0	1	2	2	4
ASV_1397	1	1	0	0	0	0	4	9	3	1	0	2	2	1	1	0	1	2
ASV_1402	1	1	2	0	1	0	10	1	0	1	1	4	1	1	0	1	0	0
ASV_1473	0	4	1	1	0	4	4	1	3	0	0	2	1	2	4	0	1	0
ASV_1534	2	1	1	1	4	1	2	0	2	1	2	2	1	3	0	0	3	3
ASV_750	1	1	0	0	0	0	6	1	2	3	3	1	0	5	1	3	1	1
ASV_824	1	1	0	0	5	1	0	1	1	2	0	3	3	4	1	2	0	0
ASV_828	1	2	1	0	1	1	0	3	0	2	3	1	3	3	1	0	4	3
ASV_923	2	0	1	4	1	2	0	2	3	2	1	2	0	1	1	0	3	3
ASV_948	3	2	0	3	0	0	1	3	2	0	0	1	1	2	2	1	6	0
ASV_1013	1	1	3	4	2	0	3	5	1	1	1	0	1	0	0	2	0	2
ASV_1014	1	0	1	0	0	0	2	2	6	1	3	0	4	0	1	3	2	1
ASV_1103	4	3	0	1	1	1	3	1	1	1	2	3	2	0	1	1	3	2
ASV_1110	2	0	2	0	1	2	0	2	1	0	4	3	1	0	1	7	2	1
ASV_1116	0	6	0	0	1	0	2	5	3	0	0	4	1	0	1	2	0	4
ASV_1184	2	2	1	2	0	2	4	0	2	1	1	2	1	1	3	4	2	0
ASV_1209	2	1	0	1	0	3	3	2	1	1	3	2	3	2	1	2	0	0
ASV_1289	1	0	0	2	2	3	1	1	4	0	3	1	1	3	3	3	0	0
ASV_1347	6	1	0	1	1	0	5	1	0	0	3	4	1	2	2	2	0	1
ASV_1410	0	3	1	1	1	0	2	2	3	2	1	1	2	0	1	2	0	4
ASV_1451	2	3	2	2	0	0	3	1	2	1	0	2	0	4	2	2	1	3
ASV_1527	1	1	0	0	0	0	2	16	0	4	1	0	0	0	0	1	0	0
ASV_719	0	0	16	0	1	0	0	1	0	0	1	2	0	1	0	0	0	2
ASV_747	1	2	2	3	2	1	1	3	2	0	2	1	3	0	3	0	0	0
ASV_818	6	2	3	0	0	1	8	0	1	1	1	1	1	0	1	1	1	0
ASV_841	3	1	0	3	2	2	1	2	3	0	2	2	1	3	4	1	1	0
ASV_872	2	3	2	0	0	3	1	3	3	4	0	2	4	0	3	0	0	0
ASV_896	0	5	1	0	5	0	1	1	0	0	1	3	0	3	0	1	3	1
ASV_926	1	2	1	0	2	1	2	1	0	2	1	2	2	1	7	0	4	2
ASV_956	2	1	3	3	2	0	1	2	0	3	1	1	0	0	2	4	3	0
ASV_960	0	4	0	0	3	0	2	5	3	2	5	1	4	1	1	0	0	0
ASV_1026	6	0	0	0	0	0	1	2	0	1	0	6	6	0	2	0	0	1
ASV_1028	1	2	1	1	8	3	0	1	1	0	0	0	1	1	1	1	2	1
ASV_1043	1	2	1	0	1	0	3	4	1	0	1	1	1	0	1	0	0	4
ASV_1059	1	0	0	1	1	0	1	1	3	0	5	4	1	0	3	0	1	1
ASV_1063	0	2	1	0	0	0	1	5	1	1	1	2	1	1	3	0	2	2
ASV_1180	1	1	0	0	2	0	0	3	3	1	3	2	1	5	4	0	0	2
ASV_1217	2	0	0	0	2	3	1	1	3	1	1	3	1	1	2	1	1	1
ASV_1226	7	2	1	0	0	0	0	0	4	1	0	2	3	0	0	0	5	0
ASV_1251	1	3	2	2	0	0	1	4	2	1	1	1	1	1	4	1	1	1
ASV_1365	4	4	1	2	0	3	0	1	3	0	0	1	1	1	0	1	0	2
ASV_1438	4	1	0	2	1	3	1	0	2	2	1	3	2	2	1	0	0	2
ASV_1515	1	0	1	0	4	0	2	1	0	0	0	1	0	0	10	0	4	3
ASV_1551	1	1	0	0	0	1	2	2	0	0	2	1	0	1	7	0	5	0
ASV_1626	1	0	0	1	0	0	12	4	0	0	2	1	1	0	1	1	1	0
ASV_1652	1	1	3	2	1	1	2	1	3	0	1	0	1	1	0	2	2	1
ASV_1724	1	2	1	1	0	1	1	1	1	2	2	1	2	1	3	1	0	4
ASV_1735	0	0	6	0	1	1	1	2	0	2	0	0	4	1	2	3	1	0
ASV_1769	1	2	2	0	0	3	7	2	2	1	0	4	0	0	1	1	2	1
ASV_788	0	0	0	1	6	0	2	4	1	2	7	0	0	0	0	1	0	0
ASV_802	1	0	6	1	3	2	3	1	0	3	4	1	0	0	0	0	0	2
ASV_822	1	3	2	2	0	1	1	2	3	4	1	1	1	0	1	1	1	2
ASV_852	1	4	1	0	0	0	4	5	1	2	1	0	1	0	0	2	0	3
ASV_853	2	0	0	1	2	1	3	2	2	0	3	1	2	2	0	2	3	1
ASV_869	0	0	0	0	0	13	4	0	1	0	2	1	3	1	0	2	0	0
ASV_884	2	2	0	1	1	2	2	0	1	1	3	2	1	1	1	0	1	3
ASV_917	2	0	0	0	0	16	0	3	1	0	0	1	0	0	0	0	0	0
ASV_927	1	3	0	1	0	2	3	1	0	2	1	4	2	2	2	1	0	0
ASV_947	3	0	0	1	0	1	2	2	1	2	6	4	2	1	0	2	0	1
ASV_1008	3	4	0	0	0	1	2	0	3	0	1	1	1	1	0	2	0	1
ASV_1009	0	8	1	1	3	1	0	1	1	6	0	1	2	0	0	0	0	0
ASV_1030	1	0	0	0	6	0	1	2	3	4	2	2	1	0	0	0	0	5
ASV_1034	4	5	0	2	0	2	0	1	1	1	1	3	1	1	2	1	1	1
ASV_1057	2	4	0	1	2	0	0	2	0	3	0	0	0	2	1	3	2	3
ASV_1069	1	1	2	2	2	1	1	2	0	1	0	1	1	3	5	2	0	0
ASV_1084	0	0	1	0	0	0	0	10	3	2	0	0	1	1	1	0	0	5
ASV_1091	2	4	0	2	0	13	1	0	0	2	1	0	0	0	1	0	1	0
ASV_1200	1	2	3	2	0	0	5	1	1	2	3	1	0	1	1	0	4	0
ASV_1298	2	2	1	1	0	0	4	3	2	4	1	3	0	0	1	1	1	1
ASV_1325	2	1	1	2	0	2	2	0	1	1	0	1	1	1	2	2	2	4
ASV_1337	1	0	0	0	1	0	1	0	1	2	3	0	0	0	4	3	1	4
ASV_1358	4	1	1	0	1	0	6	0	2	2	4	3	1	2	1	1	1	1
ASV_1517	1	0	0	0	1	1	2	1	1	1	0	0	12	0	0	2	1	1
ASV_1655	2	0	0	2	2	4	2	1	1	0	4	3	1	0	1	0	3	1
ASV_1661	2	2	0	1	0	4	2	1	2	1	1	0	1	0	1	1	1	3
ASV_1684	2	1	0	0	0	0	6	0	0	3	0	1	1	0	2	5	1	0
ASV_1713	1	2	1	2	0	0	0	2	0	0	4	2	2	0	5	2	0	1
ASV_1740	2	4	3	1	0	0	0	1	0	0	0	1	1	1	5	3	2	0
ASV_1745	1	1	1	1	2	4	4	0	1	0	1	1	1	0	0	3	0	1
ASV_759	0	0	0	8	1	6	0	1	1	1	1	0	0	0	0	5	3	0
ASV_775	1	2	1	3	0	0	2	2	1	1	4	2	0	3	2	1	0	4
ASV_777	3	2	1	2	0	1	3	2	0	2	0	1	2	1	1	1	2	1
ASV_787	0	0	0	3	1	0	0	1	1	1	4	3	4	1	2	1	0	3
ASV_809	0	3	0	0	0	2	1	2	3	3	3	2	1	0	0	0	5	0
ASV_827	6	2	1	0	1	0	5	2	2	1	0	1	3	2	0	1	1	0
ASV_831	1	1	20	0	0	0	0	0	0	0	0	1	0	0	0	0	0	0
ASV_839	1	4	1	1	0	2	2	5	1	2	1	1	1	1	1	1	1	1
ASV_844	4	1	1	1	0	1	3	0	0	0	2	4	2	0	3	0	0	0
ASV_857	2	1	4	0	0	2	1	0	2	2	3	2	2	1	1	0	0	1
ASV_873	3	0	0	2	0	1	1	1	4	1	0	3	1	4	2	1	0	2
ASV_887	3	2	0	0	0	3	0	1	0	0	3	0	1	5	5	2	0	0
ASV_918	1	4	0	0	0	3	1	0	0	2	2	2	0	2	2	2	1	0
ASV_939	1	0	0	0	0	2	1	4	1	1	3	2	3	0	1	0	0	0
ASV_954	1	1	1	2	1	1	1	0	1	1	1	3	1	0	2	0	3	0
ASV_1087	1	1	0	0	1	0	0	5	1	0	0	1	1	1	1	6	0	3
ASV_1094	3	2	0	4	6	1	0	0	0	0	1	1	1	2	0	0	1	1
ASV_1131	0	0	3	1	0	0	1	0	3	4	4	3	0	2	4	0	0	1
ASV_1144	0	0	0	0	0	1	4	1	1	1	3	1	3	1	4	1	0	1
ASV_1147	0	0	0	0	0	0	0	0	0	0	13	0	0	0	0	0	1	4
ASV_1158	1	0	0	0	0	2	1	1	0	3	2	4	4	1	3	0	3	1
ASV_1190	0	2	0	0	1	1	0	2	1	2	1	5	2	1	0	2	1	0
ASV_1207	1	0	1	0	0	2	1	1	1	5	2	3	0	0	1	1	4	1
ASV_1374	2	2	1	1	0	0	4	2	2	1	0	4	1	1	3	1	1	1
ASV_1543	4	0	1	1	0	0	1	1	4	0	4	2	1	0	1	0	0	3
ASV_1584	0	2	1	1	0	0	2	4	0	2	1	1	2	1	3	2	0	1
ASV_1676	4	2	3	0	0	1	1	2	2	3	0	3	0	0	1	2	0	0
ASV_820	2	4	0	1	1	4	2	0	3	1	0	1	0	0	3	3	0	2
ASV_834	2	1	1	0	1	2	1	0	4	3	3	0	1	0	0	1	1	4
ASV_876	2	4	1	0	1	0	1	1	0	0	2	3	1	1	4	2	0	1
ASV_881	6	2	8	0	0	0	0	0	0	0	0	1	2	2	0	0	2	0
ASV_886	0	2	0	5	1	1	2	2	0	1	2	0	2	0	0	0	2	2
ASV_931	0	2	0	2	0	3	0	3	0	1	2	3	2	0	2	1	1	4
ASV_959	1	4	1	0	0	0	4	2	4	2	2	0	0	2	3	0	1	1
ASV_975	1	0	0	1	0	1	2	1	3	3	1	1	3	1	1	0	0	2
ASV_984	1	0	1	0	0	3	3	2	0	3	4	5	1	0	1	2	2	0
ASV_1066	0	1	0	1	2	1	4	0	0	1	2	2	0	3	4	1	2	1
ASV_1085	0	0	0	0	0	0	2	0	0	1	0	0	0	0	0	20	1	0
ASV_1108	4	1	0	0	1	4	3	2	1	1	0	4	3	0	0	0	0	1
ASV_1113	2	0	2	0	0	1	2	0	1	2	2	5	2	2	1	2	0	0
ASV_1163	4	4	0	0	0	1	1	3	0	1	3	2	0	2	1	0	0	0
ASV_1177	3	1	0	2	1	0	2	0	2	0	2	2	1	1	1	1	0	3
ASV_1299	2	1	1	2	1	1	0	1	0	1	1	3	1	0	4	4	0	2
ASV_1302	1	1	0	0	1	2	2	2	1	0	2	1	2	4	2	0	1	1
ASV_1305	0	0	0	0	0	1	3	3	1	1	1	4	0	3	2	2	1	1
ASV_1363	4	0	1	1	0	0	2	0	2	4	4	1	2	1	1	0	1	4
ASV_1494	3	0	2	0	1	1	1	1	2	2	2	2	1	0	2	1	3	0
ASV_689	1	3	5	2	3	0	2	0	1	0	2	2	1	1	0	2	1	0
ASV_780	1	0	0	2	0	0	3	3	1	4	0	0	3	3	1	0	3	1
ASV_813	2	0	0	0	1	0	4	10	0	1	0	6	0	0	0	0	0	0
ASV_823	4	0	0	1	2	0	2	1	1	1	4	2	1	1	2	0	2	1
ASV_832	0	2	0	1	0	1	1	1	2	0	1	1	3	1	1	2	5	1
ASV_835	0	2	0	1	6	3	0	5	2	1	2	0	0	0	0	2	2	0
ASV_883	1	0	0	2	0	0	3	1	2	1	0	2	4	2	2	2	2	2
ASV_900	0	2	1	0	0	0	3	3	2	1	2	2	0	1	3	2	1	1
ASV_901	0	1	0	0	0	0	3	0	0	1	0	0	1	3	1	3	2	5
ASV_933	1	1	1	0	0	0	0	0	1	0	4	6	2	0	5	0	0	1
ASV_942	0	0	0	0	0	0	0	0	0	0	0	0	0	0	24	0	0	0
ASV_973	0	1	0	1	5	0	1	0	3	1	0	0	2	4	0	1	5	0
ASV_1012	0	0	1	8	0	1	1	2	3	3	0	1	0	0	0	0	1	3
ASV_1039	0	11	0	0	5	0	1	2	1	0	0	0	0	0	0	0	0	0
ASV_1040	1	2	1	1	2	4	1	1	2	1	1	2	0	1	2	2	2	0
ASV_1070	0	0	2	3	2	0	0	4	0	0	1	1	0	1	2	1	1	3
ASV_1079	3	1	0	0	0	0	4	1	2	1	2	2	0	2	2	1	1	1
ASV_1097	2	3	1	2	1	4	0	1	1	2	0	0	1	2	2	3	0	0
ASV_1111	3	1	4	0	1	2	1	4	1	1	2	1	0	1	0	1	0	1
ASV_1152	3	1	1	0	1	0	3	0	1	1	1	1	2	1	0	2	3	2
ASV_1182	3	1	1	1	5	1	1	0	0	2	1	4	0	0	0	0	2	0
ASV_1188	0	5	0	0	3	0	0	0	2	2	1	2	2	0	1	1	0	2
ASV_1223	1	3	2	1	1	0	1	1	1	0	1	2	3	2	2	3	0	0
ASV_1242	0	2	0	3	0	0	5	2	2	1	2	0	1	0	1	4	1	0
ASV_1252	0	0	1	0	2	2	0	2	0	0	2	1	1	2	2	1	1	6
ASV_1306	0	1	0	0	2	3	0	3	0	0	1	3	0	3	4	2	0	2
ASV_1345	1	0	0	0	0	0	0	1	1	1	1	9	2	1	4	3	0	2
ASV_1418	0	0	2	0	0	3	1	1	0	1	2	3	1	0	2	2	4	0
ASV_1444	2	0	0	0	3	1	0	0	0	0	0	4	1	0	0	4	4	4
ASV_1546	2	1	1	0	0	2	1	0	1	1	0	1	0	1	2	4	3	1
ASV_1625	1	1	0	0	0	8	3	1	0	1	2	3	0	0	0	0	0	0
ASV_1748	1	0	0	1	1	1	0	3	3	2	3	0	0	0	2	0	0	3
ASV_773	2	2	3	0	0	0	2	2	2	2	0	0	1	1	3	2	0	0
ASV_811	0	2	0	2	0	1	0	1	1	3	3	2	1	2	2	1	2	2
ASV_935	0	2	3	1	0	1	1	1	2	1	1	2	1	0	1	2	0	2
ASV_1023	0	0	0	0	0	0	2	1	5	1	0	2	4	2	3	1	1	1
ASV_1035	1	0	1	0	2	3	0	1	1	1	0	2	1	1	0	2	1	1
ASV_1045	3	0	3	3	4	0	0	2	0	1	1	1	0	1	0	1	0	0
ASV_1072	0	0	0	3	0	0	4	4	1	1	1	2	2	0	4	1	0	1
ASV_1083	0	1	0	0	0	0	0	4	1	2	1	0	2	2	3	0	1	3
ASV_1092	2	2	2	0	0	1	2	0	0	1	4	1	0	1	1	2	4	1
ASV_1183	3	1	2	1	0	2	1	2	0	2	1	4	0	1	0	1	1	0
ASV_1198	1	0	4	2	0	1	2	1	0	0	2	0	0	2	3	0	0	4
ASV_1313	2	3	5	5	1	0	0	1	0	0	2	1	0	0	0	3	0	2
ASV_1351	1	3	2	0	0	0	2	0	3	1	0	1	1	1	2	2	0	2
ASV_1356	1	1	3	0	0	1	4	2	0	2	1	1	2	2	0	0	1	0
ASV_1412	0	0	1	0	1	1	0	8	1	1	0	0	1	5	0	0	0	0
ASV_1423	1	1	1	0	0	0	1	3	0	3	1	2	0	0	4	4	0	2
ASV_1434	3	2	3	2	0	1	1	1	0	3	1	1	0	0	0	1	0	1
ASV_1441	2	0	0	0	2	2	1	1	6	3	1	0	1	1	0	1	1	0
ASV_1503	0	2	0	1	0	1	1	0	2	1	4	2	1	1	3	1	2	2
ASV_1509	0	0	1	0	2	1	2	3	2	3	3	0	3	0	2	0	0	0
ASV_1601	0	1	1	1	2	1	3	1	1	2	2	2	0	1	1	1	1	2
ASV_1681	1	2	0	0	0	1	3	1	0	0	1	1	1	0	4	2	1	0
ASV_1696	0	3	1	1	0	1	0	2	0	1	3	2	0	0	0	0	3	2
ASV_1708	2	5	0	2	1	2	1	0	1	1	0	1	0	2	1	2	1	0
ASV_1719	0	1	1	2	0	2	1	1	0	1	2	2	0	2	1	1	2	0
ASV_812	0	0	6	3	2	0	0	0	0	0	1	1	1	6	0	0	1	0
ASV_879	0	1	1	2	0	5	2	0	0	1	4	1	0	1	0	1	1	1
ASV_951	2	3	0	2	6	1	1	0	2	0	1	0	0	2	0	1	0	1
ASV_958	1	1	1	0	3	0	2	2	0	2	1	2	0	2	0	1	3	0
ASV_976	0	0	0	3	0	14	1	0	0	0	1	1	0	0	1	1	0	1
ASV_980	2	0	1	0	0	1	1	1	0	2	0	10	1	0	0	0	0	3
ASV_990	1	0	1	0	0	2	3	0	1	1	0	2	2	1	3	3	0	1
ASV_1001	3	1	0	0	0	3	3	3	0	1	1	1	0	0	3	4	0	0
ASV_1003	0	2	1	5	0	0	0	1	0	0	1	2	2	0	5	0	0	0
ASV_1029	2	0	0	0	0	1	1	2	0	1	6	6	1	0	2	1	0	0
ASV_1048	1	0	3	0	0	3	1	0	1	0	3	3	0	1	1	2	1	0
ASV_1052	2	4	0	0	10	1	1	0	0	0	1	1	0	0	0	1	0	1
ASV_1060	3	4	0	2	6	3	0	0	0	1	1	0	0	1	0	0	0	1
ASV_1074	0	0	1	0	2	0	2	1	1	0	5	1	0	0	2	0	3	3
ASV_1098	1	2	0	1	0	1	0	2	1	1	1	2	4	2	2	0	1	3
ASV_1100	1	1	1	1	1	1	1	1	1	3	2	1	1	1	0	0	4	2
ASV_1132	2	0	2	0	0	1	5	0	0	0	2	1	3	1	1	2	0	3
ASV_1195	0	0	3	1	1	3	2	0	2	0	1	0	0	1	0	1	1	1
ASV_1196	1	1	1	3	2	1	3	1	0	0	3	0	0	1	1	2	2	2
ASV_1228	2	3	0	0	0	2	4	1	2	1	1	0	0	0	0	3	1	1
ASV_1236	0	1	1	1	5	2	4	1	1	1	0	2	0	0	0	1	1	0
ASV_1269	2	1	0	0	0	0	1	0	1	2	0	2	0	1	0	0	2	10
ASV_1279	2	1	0	1	1	1	2	1	5	0	0	2	0	3	1	4	0	0
ASV_1383	0	11	0	0	0	0	0	0	0	0	0	0	0	0	0	0	0	8
ASV_1394	1	0	0	0	2	0	1	4	1	3	3	2	0	5	0	0	2	0
ASV_1448	1	3	2	0	0	2	0	1	2	2	2	3	0	0	1	0	0	1
ASV_1453	6	0	0	0	11	0	0	0	1	1	0	0	2	0	0	0	0	0
ASV_1510	2	1	1	0	1	2	1	1	1	0	0	2	4	1	2	2	2	0
ASV_1619	1	0	0	1	1	0	1	0	2	3	0	3	1	0	2	4	0	0
ASV_1636	3	0	0	0	0	0	1	3	0	0	1	1	1	3	3	2	0	1
ASV_1662	3	2	0	1	0	0	3	2	2	2	0	1	0	1	2	1	0	1
ASV_1746	3	1	0	1	0	1	2	0	0	1	1	2	2	1	0	2	0	5
ASV_1750	0	1	0	3	0	0	4	2	2	1	2	4	0	0	0	2	3	0
ASV_1793	2	0	0	1	0	0	1	1	0	0	1	0	0	0	0	13	0	2
ASV_866	0	0	0	0	0	1	4	2	1	2	1	2	0	1	2	0	0	1
ASV_885	1	0	2	0	0	3	0	1	0	2	3	0	0	1	2	0	1	3
ASV_934	0	0	1	0	4	0	2	3	1	0	2	1	1	1	2	0	1	0
ASV_977	0	0	1	0	2	0	1	3	2	0	0	1	0	2	0	0	4	0
ASV_978	0	0	0	0	0	0	1	2	1	0	5	0	2	3	1	0	4	2
ASV_982	3	3	0	1	0	3	0	0	0	0	0	1	1	0	3	3	1	1
ASV_994	3	1	0	1	0	1	3	2	0	1	2	3	0	1	3	0	1	0
ASV_998	1	4	0	0	3	4	0	2	1	0	0	0	3	2	0	0	1	1
ASV_1006	0	0	2	0	0	1	1	0	2	1	2	0	1	0	2	1	0	4
ASV_1010	0	1	0	3	2	1	0	1	1	2	1	1	1	1	0	2	1	0
ASV_1080	1	0	0	0	0	0	3	3	4	2	0	0	1	1	1	2	1	0
ASV_1114	1	0	0	0	6	1	0	2	0	0	1	6	0	0	0	3	0	1
ASV_1300	2	1	5	0	0	0	2	0	3	1	0	5	1	0	1	0	0	1
ASV_1324	1	0	5	0	0	0	1	0	0	2	5	1	0	1	0	3	0	0
ASV_1348	2	1	2	1	0	1	4	0	1	0	2	1	0	1	2	1	1	3
ASV_1367	9	1	1	0	1	0	1	1	4	0	0	1	0	0	1	1	1	0
ASV_1389	0	2	0	0	0	2	1	1	1	1	2	2	0	2	2	2	1	0
ASV_1391	0	2	2	0	0	3	2	1	2	0	1	0	0	1	1	2	1	1
ASV_1416	0	0	0	0	0	2	1	3	1	3	0	1	0	1	3	0	1	2
ASV_1477	1	1	0	2	0	2	0	2	1	1	4	1	1	0	1	0	1	2
ASV_1484	0	4	1	1	0	0	0	3	0	0	1	1	1	1	1	2	1	3
ASV_1610	1	1	0	1	0	2	4	3	1	2	0	0	2	2	1	2	0	0
ASV_1725	0	2	0	0	2	1	3	0	4	4	2	0	0	2	2	2	0	0
ASV_1738	0	1	3	0	1	0	0	2	3	1	3	1	0	1	0	0	0	0
ASV_1795	1	0	2	0	4	0	1	2	1	0	1	2	1	2	2	2	1	0
ASV_850	2	0	0	4	0	3	0	2	0	0	5	1	0	1	2	0	1	1
ASV_865	0	0	1	1	0	0	0	1	1	12	0	0	4	1	1	0	1	0
ASV_870	0	0	0	0	0	14	1	0	4	0	0	2	1	0	0	0	1	0
ASV_891	3	1	1	1	2	0	1	1	2	5	0	0	2	0	0	0	3	0
ASV_914	2	1	0	0	0	0	3	1	3	2	0	1	0	0	2	0	2	3
ASV_964	0	3	1	0	0	1	3	2	0	3	0	2	2	0	1	0	3	0
ASV_967	0	0	1	5	1	1	0	0	0	1	4	0	2	3	1	0	0	1
ASV_983	0	0	0	3	0	2	1	3	1	3	1	2	0	0	1	0	3	1
ASV_993	1	2	2	1	0	2	0	0	4	1	0	4	0	0	1	3	0	2
ASV_1000	0	1	2	0	0	0	1	0	3	1	0	0	0	0	1	1	3	2
ASV_1019	0	0	0	0	0	0	3	2	1	1	2	4	1	0	1	1	0	4
ASV_1031	1	1	0	0	0	0	9	1	0	1	2	1	2	0	0	1	1	2
ASV_1033	1	2	0	0	4	1	0	2	3	0	2	2	1	0	1	0	0	0
ASV_1047	2	0	0	1	0	0	3	0	1	2	0	1	3	3	2	2	0	1
ASV_1071	0	0	0	1	1	6	1	2	0	2	0	0	1	1	1	0	0	1
ASV_1077	0	0	0	0	0	2	0	1	9	0	2	0	1	0	4	3	0	1
ASV_1082	0	0	0	0	0	0	1	2	2	0	5	3	1	0	3	0	0	2
ASV_1088	3	0	1	2	0	2	1	0	1	4	0	2	1	1	3	0	0	0
ASV_1122	0	2	0	0	0	1	4	0	1	0	3	2	1	1	2	1	2	1
ASV_1123	0	1	1	0	0	0	2	1	3	0	2	4	0	0	0	2	2	0
ASV_1130	0	0	1	3	0	0	0	2	2	1	3	2	1	1	0	2	2	1
ASV_1140	0	1	2	4	3	1	0	0	1	0	2	0	0	0	1	0	2	1
ASV_1143	3	0	0	0	1	0	3	1	0	2	0	1	0	1	3	0	0	2
ASV_1159	0	1	0	0	0	0	2	2	3	2	1	0	2	1	0	2	2	1
ASV_1167	3	0	0	0	0	0	1	3	3	2	1	1	0	0	2	0	2	1
ASV_1169	2	1	0	2	3	0	1	4	0	1	0	1	1	3	0	2	0	1
ASV_1175	1	2	2	1	0	1	0	0	1	1	0	4	2	0	1	2	1	0
ASV_1201	0	0	16	0	0	0	0	0	0	0	0	0	0	0	0	0	0	0
ASV_1220	2	1	0	1	0	3	1	1	0	5	0	0	0	0	1	0	0	3
ASV_1283	1	0	1	0	2	0	1	2	0	3	2	0	0	1	4	0	1	1
ASV_1303	2	1	1	0	0	0	1	1	4	1	0	1	1	1	1	0	0	3
ASV_1308	0	4	1	1	2	0	2	1	0	0	2	3	1	2	0	0	0	0
ASV_1343	0	0	1	0	1	0	3	0	1	1	3	3	2	1	0	1	0	2
ASV_1398	0	0	1	1	1	1	2	1	1	1	0	5	0	2	0	1	1	1
ASV_1455	2	2	1	0	2	0	1	1	1	0	0	0	1	1	0	7	1	2
ASV_1462	0	1	3	0	0	4	1	1	2	1	1	5	0	0	1	0	0	1
ASV_1468	0	3	2	0	0	0	1	0	0	2	1	2	3	1	2	1	3	0
ASV_1552	3	0	1	1	0	0	0	3	4	3	1	1	0	0	1	0	0	0
ASV_1568	2	3	1	2	0	1	0	0	0	0	0	2	1	1	0	2	1	1
ASV_1580	2	2	1	0	0	2	2	4	1	0	0	2	2	1	1	1	0	1
ASV_1599	1	0	1	1	1	0	3	0	1	1	0	2	2	1	1	0	0	4
ASV_1670	1	6	2	1	0	0	3	1	1	1	1	1	0	0	1	1	2	0
ASV_1790	0	1	0	0	0	1	1	5	0	0	6	0	0	0	0	1	3	1
ASV_894	1	1	2	0	4	0	3	1	0	1	1	1	1	0	0	1	2	3
ASV_903	0	1	1	1	1	1	3	0	1	1	2	2	2	0	0	1	1	1
ASV_924	1	0	1	0	0	2	0	1	0	1	1	4	1	0	0	2	4	1
ASV_932	0	2	3	0	0	3	0	0	1	1	1	1	0	0	2	1	1	1
ASV_961	0	1	0	1	0	2	0	2	0	1	1	2	1	0	1	2	1	2
ASV_995	3	0	0	0	0	0	0	3	1	3	3	0	0	0	2	0	2	1
ASV_1022	0	0	0	0	0	0	15	0	0	0	0	0	0	0	0	0	0	0
ASV_1054	0	3	0	1	1	1	0	2	1	1	2	4	3	0	1	0	1	1
ASV_1055	0	1	2	5	1	0	3	0	0	1	1	0	1	1	1	2	0	0
ASV_1119	1	2	0	3	1	0	1	2	3	1	2	2	0	0	0	0	2	3
ASV_1172	1	0	1	1	0	1	2	2	0	0	3	0	3	0	1	3	1	0
ASV_1178	1	1	1	1	0	2	1	2	0	0	2	3	1	2	0	0	0	1
ASV_1181	3	1	0	0	0	0	0	1	0	2	0	2	0	1	3	1	0	2
ASV_1227	1	3	0	0	0	1	2	0	2	0	1	1	1	0	1	3	0	2
ASV_1238	1	1	0	0	1	2	2	2	3	0	0	0	0	3	1	0	0	1
ASV_1248	0	1	0	3	0	5	3	1	0	0	2	1	0	0	2	0	0	0
ASV_1271	3	0	0	0	0	0	0	2	0	1	1	2	1	1	1	4	0	2
ASV_1312	2	4	1	2	0	1	3	1	2	0	1	1	0	0	1	0	1	0
ASV_1335	0	0	1	0	4	1	1	3	1	0	3	2	0	1	0	1	0	1
ASV_1403	0	1	2	1	0	1	2	1	1	2	1	2	1	0	0	2	0	1
ASV_1405	0	0	1	0	0	0	2	0	0	0	0	1	1	2	1	2	3	4
ASV_1433	1	0	3	0	0	3	0	0	0	0	1	1	1	2	1	1	2	0
ASV_1489	1	2	0	0	0	1	0	3	0	2	0	9	0	0	1	0	0	0
ASV_1561	4	0	0	0	0	0	1	1	3	4	1	0	4	0	2	1	0	0
ASV_1620	0	1	0	0	1	0	0	3	1	3	1	1	2	2	2	1	1	2
ASV_1646	0	0	0	0	0	0	1	1	0	5	2	4	0	0	4	1	0	1
ASV_1666	1	1	1	0	0	0	1	3	2	1	1	1	1	1	0	0	1	0
ASV_1723	1	1	0	1	0	1	1	1	1	1	0	2	2	1	3	1	2	1
ASV_1765	1	1	0	1	6	0	0	0	0	0	0	1	1	0	0	0	0	2
ASV_849	2	1	1	3	3	1	0	0	0	1	0	0	0	0	1	0	1	2
ASV_878	1	3	0	0	0	0	1	2	0	1	0	0	1	0	5	0	0	1
ASV_909	1	1	1	0	5	3	2	0	1	0	0	1	0	2	0	0	0	2
ASV_970	0	0	1	0	0	0	3	1	0	2	1	2	3	0	2	0	0	2
ASV_1007	0	1	0	4	0	0	1	3	1	0	1	1	2	0	0	1	0	2
ASV_1037	1	1	0	0	1	0	0	1	0	0	1	0	1	0	0	11	0	2
ASV_1041	3	1	0	0	0	1	2	2	2	1	0	1	0	0	0	1	0	5
ASV_1095	8	1	0	0	0	0	0	3	0	0	2	0	0	0	0	1	2	0
ASV_1102	1	5	0	0	0	1	2	0	0	1	0	0	0	3	0	0	6	0
ASV_1106	1	1	0	2	0	1	0	1	0	0	0	2	1	2	0	1	0	4
ASV_1120	0	2	3	1	1	0	1	1	2	0	2	1	1	0	2	0	1	0
ASV_1136	0	1	1	0	0	0	2	2	2	0	1	0	1	0	5	0	2	2
ASV_1139	0	0	0	9	0	0	0	3	0	0	0	0	1	0	1	0	1	0
ASV_1156	0	0	1	0	0	0	1	0	0	1	3	4	1	2	1	1	1	1
ASV_1164	2	0	2	1	0	3	1	2	0	2	0	1	0	0	1	1	0	0
ASV_1170	1	3	0	0	0	2	0	2	3	1	2	2	0	0	0	2	0	0
ASV_1189	1	1	0	0	0	0	2	0	1	3	0	0	1	0	3	3	2	1
ASV_1206	1	0	0	0	0	0	0	1	1	2	3	0	0	3	0	0	0	1
ASV_1216	1	1	3	0	0	0	0	2	1	0	1	0	4	0	3	0	0	1
ASV_1222	2	0	1	0	0	0	3	2	0	2	1	3	0	1	0	1	1	1
ASV_1225	1	2	0	0	1	1	3	1	0	0	4	0	1	2	1	1	0	1
ASV_1255	0	0	1	0	2	1	7	1	1	0	0	1	0	1	1	1	2	0
ASV_1257	0	0	3	0	1	4	1	0	0	0	0	0	0	4	0	2	2	1
ASV_1261	0	0	0	1	0	1	0	3	2	3	0	0	0	1	5	1	3	1
ASV_1272	3	0	0	0	1	1	2	2	1	1	1	1	0	2	1	1	0	0
ASV_1290	1	0	0	0	0	0	1	0	1	1	0	2	2	5	2	3	2	0
ASV_1333	2	0	1	1	1	0	4	0	0	0	0	0	0	4	0	0	5	1
ASV_1414	0	1	0	0	2	0	3	2	0	2	1	0	1	4	1	1	1	0
ASV_1472	0	1	1	0	0	1	1	0	3	1	0	2	1	0	2	0	1	5
ASV_1518	0	0	0	0	0	2	0	2	4	0	0	1	1	2	0	1	1	1
ASV_1596	0	1	0	0	1	2	0	2	0	0	0	1	1	0	2	3	3	0
ASV_1603	2	0	1	0	0	0	2	0	1	2	1	4	0	0	1	3	0	0
ASV_1630	0	0	0	0	0	0	2	3	1	5	2	6	0	1	0	0	0	0
ASV_1685	1	0	1	2	1	2	0	0	2	1	0	5	0	0	0	0	2	1
ASV_1704	1	3	0	0	0	1	2	0	1	1	2	3	1	1	1	0	0	1
ASV_1705	1	1	0	1	0	2	0	2	1	1	1	1	1	1	1	0	4	1
ASV_1032	2	0	2	1	0	0	1	1	0	3	0	1	0	0	3	1	0	1
ASV_1042	4	2	0	0	1	1	0	0	2	0	0	1	4	0	2	0	0	1
ASV_1051	0	2	1	0	0	1	1	1	1	3	0	2	2	1	0	1	0	2
ASV_1090	1	3	0	2	0	0	1	0	0	3	2	0	2	1	1	0	0	1
ASV_1107	1	0	2	2	1	0	0	1	0	2	1	1	1	3	2	1	0	2
ASV_1138	1	0	0	2	0	0	2	2	2	3	2	2	0	0	0	1	0	1
ASV_1173	1	0	0	0	1	2	3	1	2	0	1	1	0	1	0	5	0	0
ASV_1197	0	0	1	0	1	1	1	2	0	1	1	0	4	1	2	1	1	1
ASV_1202	0	0	1	0	0	0	0	0	0	0	0	2	0	0	13	0	0	0
ASV_1212	1	0	0	0	0	0	0	0	4	2	0	4	0	0	0	1	0	6
ASV_1221	2	0	11	0	0	0	1	1	0	0	0	3	0	0	0	0	0	0
ASV_1253	1	0	2	0	2	1	1	0	1	0	0	0	3	2	0	1	0	1
ASV_1304	1	1	0	0	0	3	2	2	0	0	2	0	2	1	1	1	0	3
ASV_1338	0	0	1	1	0	3	2	2	0	0	1	2	3	0	0	2	1	1
ASV_1340	0	1	0	0	0	2	2	1	2	0	1	1	2	3	0	1	3	1
ASV_1364	1	1	1	0	1	0	0	2	1	2	0	0	1	0	1	1	1	3
ASV_1379	1	2	2	2	1	0	2	0	0	0	0	4	2	0	0	0	0	2
ASV_1386	1	1	2	2	3	2	0	1	0	0	1	1	0	2	0	1	0	0
ASV_1521	0	0	0	1	0	1	4	3	1	0	1	2	0	0	1	1	1	0
ASV_1531	1	2	1	0	1	1	0	2	0	0	1	1	2	0	2	4	1	0
ASV_1535	3	0	0	0	0	1	1	0	1	1	2	1	0	2	1	0	3	0
ASV_1548	2	1	1	3	0	3	0	2	0	2	2	0	0	0	1	0	1	0
ASV_1554	1	4	0	2	1	0	0	0	1	1	1	0	1	0	2	0	0	1
ASV_1573	0	2	1	3	0	2	1	1	1	1	0	1	0	0	2	1	0	0
ASV_1574	0	2	0	0	3	0	1	1	0	1	2	0	0	0	1	4	1	2
ASV_1600	0	0	2	1	0	0	2	0	2	0	0	5	0	1	2	1	1	0
ASV_1631	0	0	0	0	0	0	4	2	1	3	4	1	0	0	1	0	1	1
ASV_1689	1	0	6	1	0	0	1	1	0	0	2	0	0	0	2	0	1	0
ASV_1721	1	0	1	0	1	4	1	1	0	1	0	1	1	1	0	1	0	1
ASV_1727	2	2	3	0	0	0	0	1	2	1	0	0	2	3	1	0	0	1
ASV_1766	1	0	0	0	3	0	2	0	0	1	1	1	1	0	0	0	3	3
ASV_1792	1	0	0	1	0	1	5	1	0	0	4	1	0	1	0	2	1	0
ASV_1011	0	0	2	0	0	1	0	1	1	0	0	1	0	0	1	3	2	1
ASV_1061	0	1	2	1	6	0	0	0	1	1	0	1	1	4	1	0	0	0
ASV_1112	4	0	1	0	0	0	0	1	0	0	1	0	1	1	0	6	0	0
ASV_1121	0	5	0	0	0	0	0	0	0	0	0	1	0	1	1	9	0	0
ASV_1141	0	1	0	2	0	2	1	0	1	0	0	3	0	0	4	1	2	2
ASV_1166	3	2	1	0	0	0	4	1	1	1	1	1	0	0	1	0	2	0
ASV_1171	1	0	2	0	3	2	0	0	1	1	0	0	0	1	0	7	0	0
ASV_1174	1	0	0	1	1	5	0	0	2	4	0	0	1	0	0	0	0	0
ASV_1176	1	0	1	0	0	3	2	1	0	1	0	2	1	2	1	2	0	2
ASV_1191	0	1	0	1	0	1	3	4	0	2	0	0	1	1	1	0	1	0
ASV_1192	0	5	0	0	2	0	1	2	0	1	1	1	1	0	3	0	3	0
ASV_1208	2	2	0	0	1	1	0	1	1	0	0	3	2	2	0	0	1	1
ASV_1232	1	1	3	0	0	5	0	0	0	1	3	2	0	0	0	2	0	0
ASV_1247	0	1	0	0	0	0	4	0	7	0	0	2	1	0	1	2	1	0
ASV_1250	1	1	1	0	0	1	1	1	3	0	0	0	2	1	0	0	0	1
ASV_1260	0	0	2	1	1	1	0	0	0	1	1	0	0	1	1	2	2	3
ASV_1296	1	1	2	0	1	1	2	1	1	0	4	1	0	0	1	0	0	0
ASV_1315	0	3	1	1	3	0	0	0	0	0	1	0	0	1	0	1	0	2
ASV_1320	0	2	1	0	1	1	2	0	0	2	0	2	2	1	0	2	0	1
ASV_1334	0	0	1	0	1	0	0	1	0	0	2	1	1	4	3	1	0	0
ASV_1382	0	2	0	3	0	1	3	0	0	2	1	0	0	1	0	1	0	1
ASV_1415	0	0	0	3	2	1	1	0	0	1	1	0	1	3	1	1	0	1
ASV_1454	1	1	2	2	2	0	1	0	0	0	0	0	1	2	0	4	1	1
ASV_1461	2	0	0	0	1	0	2	1	2	1	1	3	0	0	1	1	0	1
ASV_1485	0	1	1	0	1	0	0	0	2	1	0	0	2	2	0	1	0	2
ASV_1496	0	0	3	3	0	0	3	0	0	1	0	1	0	1	0	1	1	0
ASV_1587	1	0	1	0	0	0	4	2	1	1	2	0	1	0	1	1	0	0
ASV_1591	1	1	1	0	0	0	3	1	2	0	0	1	0	0	1	2	2	0
ASV_1637	0	0	0	0	0	0	0	5	0	6	7	0	0	0	0	0	0	0
ASV_1668	2	0	0	0	0	1	0	0	0	0	1	1	2	1	2	1	2	2
ASV_1693	1	1	0	0	0	2	0	2	0	0	3	0	2	0	1	2	2	2
ASV_1726	0	1	1	1	0	2	0	1	0	2	2	2	1	0	1	1	1	2
ASV_1728	0	2	3	1	0	0	0	1	0	0	0	3	0	0	2	1	0	1
ASV_1778	0	0	0	0	0	0	6	3	0	0	0	1	3	1	0	0	0	0
ASV_1789	0	1	0	0	0	0	3	2	1	0	0	0	1	2	3	2	1	2
ASV_950	3	0	1	0	0	1	0	0	0	1	0	3	3	0	1	2	1	1
ASV_1075	1	0	0	0	0	1	0	0	3	0	3	5	0	0	1	2	0	1
ASV_1105	4	0	0	0	1	1	3	2	0	0	2	2	0	0	1	1	0	0
ASV_1146	0	0	0	1	0	0	2	3	1	2	1	1	1	0	0	3	2	1
ASV_1230	0	1	0	1	0	1	1	2	0	0	1	1	0	1	0	0	2	1
ASV_1231	0	1	0	2	0	0	1	0	1	2	0	3	0	2	0	2	0	2
ASV_1233	0	1	3	4	0	0	0	0	1	0	1	4	0	0	1	0	0	1
ASV_1239	0	1	0	0	0	1	0	3	2	0	0	1	0	0	1	0	0	4
ASV_1254	0	0	1	0	0	4	1	0	0	0	5	0	0	1	2	1	0	0
ASV_1268	0	0	0	0	0	0	1	1	6	0	1	1	4	0	0	1	0	0
ASV_1317	0	2	1	1	0	0	0	0	1	1	0	7	1	0	1	1	0	0
ASV_1319	0	2	0	0	1	1	1	0	0	0	2	0	2	0	0	0	2	2
ASV_1331	0	2	0	1	2	1	1	0	2	0	1	0	0	2	0	1	0	2
ASV_1339	0	0	0	0	1	2	1	2	1	2	2	1	0	1	1	0	1	0
ASV_1352	0	1	0	1	1	0	1	1	4	0	0	0	1	0	0	1	1	3
ASV_1362	5	1	0	0	0	0	1	0	0	0	0	0	3	3	0	1	2	0
ASV_1420	0	0	0	0	0	0	2	2	0	7	6	0	0	0	2	0	0	0
ASV_1435	3	0	4	0	0	2	1	0	1	0	1	1	0	0	1	0	2	1
ASV_1562	3	2	0	1	0	0	0	1	0	3	0	3	1	0	1	1	1	0
ASV_1577	1	1	0	2	0	0	5	2	0	0	0	1	1	1	0	1	0	0
ASV_1617	1	0	0	7	0	0	1	1	0	1	0	0	0	3	0	0	1	0
ASV_1674	2	2	0	1	0	0	2	1	0	0	0	2	1	1	0	1	0	2
ASV_1677	4	2	0	0	1	1	0	0	0	0	0	0	4	0	2	2	0	2
ASV_1679	1	2	2	2	0	0	5	1	0	3	0	0	0	0	2	0	0	0
ASV_1686	1	1	0	0	0	1	0	0	0	2	1	2	0	0	2	2	0	1
ASV_1715	0	7	2	0	1	0	0	0	0	0	0	4	0	1	0	0	0	0
ASV_1734	0	1	2	2	0	1	0	0	0	0	1	1	2	0	2	0	0	1
ASV_1752	1	2	0	2	0	0	1	0	3	3	0	0	1	0	3	0	0	0
ASV_1753	0	0	0	1	2	1	1	1	1	1	1	0	2	0	0	1	0	2
ASV_989	1	0	2	0	3	0	0	0	1	2	3	0	0	0	0	3	0	1
ASV_996	2	0	2	0	0	0	1	1	3	0	0	0	1	1	1	0	1	3
ASV_1133	0	1	5	4	0	0	0	0	1	0	0	1	1	1	0	0	1	0
ASV_1148	1	0	0	0	1	0	4	0	0	0	0	1	0	0	2	2	1	0
ASV_1193	0	1	0	0	0	1	3	1	1	2	0	2	1	1	1	1	1	0
ASV_1204	0	0	0	0	0	0	2	0	0	2	1	2	0	2	1	0	3	0
ASV_1243	0	1	0	5	0	1	1	0	0	1	0	2	0	0	2	0	1	1
ASV_1256	0	1	1	4	1	0	1	0	1	0	1	0	0	1	2	0	2	1
ASV_1263	0	0	1	0	0	0	2	0	0	3	3	1	0	1	0	2	0	0
ASV_1277	2	1	0	0	0	6	3	1	0	0	0	0	0	0	2	0	0	0
ASV_1293	1	0	0	3	0	1	1	0	0	0	1	1	1	0	0	3	0	1
ASV_1310	1	2	0	0	1	1	1	0	0	4	1	1	0	0	0	1	1	0
ASV_1344	0	0	0	0	0	0	1	2	3	3	2	0	0	2	0	1	0	0
ASV_1357	2	0	1	1	3	0	1	0	1	0	0	1	1	0	0	2	0	0
ASV_1378	0	1	0	1	0	0	1	1	1	0	0	4	0	1	2	1	0	0
ASV_1380	0	0	0	1	0	1	0	2	0	2	1	2	0	1	1	1	0	2
ASV_1381	1	2	0	0	1	0	0	1	0	1	0	0	2	0	1	2	2	3
ASV_1392	0	1	2	0	1	1	0	1	1	1	3	1	0	0	1	0	0	0
ASV_1393	0	3	1	0	3	2	0	2	0	0	1	1	1	0	0	0	0	0
ASV_1407	0	1	0	1	0	4	3	1	0	0	2	1	0	1	1	1	0	0
ASV_1442	1	1	0	0	0	1	1	0	2	1	3	0	1	1	0	0	1	2
ASV_1469	1	2	0	2	0	0	0	1	2	2	1	2	0	0	0	0	0	0
ASV_1471	0	1	1	0	1	2	0	0	0	0	3	1	1	0	1	0	1	1
ASV_1475	1	1	1	0	0	1	1	2	1	1	2	1	2	1	1	1	0	0
ASV_1502	0	0	0	0	0	0	2	0	2	0	3	0	0	2	0	0	2	2
ASV_1513	0	2	0	0	1	0	1	1	1	1	0	1	2	0	0	2	3	0
ASV_1529	0	0	0	1	0	0	1	0	0	15	0	0	0	0	0	0	0	0
ASV_1555	3	1	0	0	1	1	0	0	1	0	0	1	1	1	1	2	0	2
ASV_1556	1	3	0	0	1	0	1	0	1	0	0	2	0	2	1	0	2	1
ASV_1579	0	0	0	1	0	1	2	0	0	0	1	1	2	0	0	1	0	4
ASV_1701	0	1	0	0	0	0	1	2	3	0	0	5	0	1	0	1	2	0
ASV_1044	1	0	2	1	0	0	0	0	0	0	4	1	1	0	2	0	0	0
ASV_1124	1	1	1	1	0	0	0	2	2	0	2	1	1	0	0	1	0	0
ASV_1157	1	1	0	0	0	0	2	2	1	3	0	0	2	0	1	0	2	0
ASV_1215	1	1	0	0	1	0	1	1	0	0	1	1	1	1	2	1	2	1
ASV_1229	0	1	0	0	0	1	2	1	2	1	1	1	0	1	0	0	0	0
ASV_1270	0	0	0	0	0	0	0	0	0	1	2	0	3	0	1	2	2	0
ASV_1291	3	2	0	0	0	0	1	6	0	0	0	0	1	0	0	0	0	0
ASV_1295	4	1	0	1	0	0	0	1	0	0	0	1	0	0	1	1	1	2
ASV_1297	1	1	0	1	1	0	1	1	0	1	0	0	0	1	2	1	0	1
ASV_1316	0	4	0	2	0	0	2	0	0	0	0	0	0	0	0	4	1	1
ASV_1327	0	0	1	4	1	2	0	0	0	0	0	0	0	0	0	1	0	3
ASV_1388	0	1	0	0	1	0	1	1	0	1	0	1	1	0	2	2	0	1
ASV_1401	0	0	0	0	0	0	0	3	1	1	3	0	1	0	1	1	0	1
ASV_1408	0	0	2	0	1	1	1	0	0	4	1	1	1	0	0	0	0	3
ASV_1430	2	1	0	0	0	0	1	0	0	0	1	1	0	1	2	1	0	3
ASV_1432	2	2	0	0	0	1	0	0	0	0	0	2	1	0	1	2	1	1
ASV_1445	1	2	0	1	0	0	1	0	1	0	0	1	1	0	4	1	1	0
ASV_1460	0	1	0	1	0	0	1	2	1	0	0	2	0	0	1	0	1	0
ASV_1479	0	1	1	2	1	2	0	0	0	3	0	0	0	1	0	0	0	1
ASV_1483	0	1	0	1	0	1	0	0	0	1	1	1	3	1	0	0	2	1
ASV_1492	0	1	2	0	0	0	0	2	1	1	0	2	0	0	1	0	1	1
ASV_1498	0	0	2	2	0	2	0	0	0	1	0	1	0	2	2	1	1	0
ASV_1507	0	0	0	2	1	2	0	0	1	0	0	0	1	0	2	3	0	1
ASV_1511	0	0	0	0	1	0	1	0	0	0	6	2	0	0	0	5	0	0
ASV_1553	1	1	1	0	1	1	1	1	1	0	0	0	1	1	0	0	3	0
ASV_1567	0	1	0	1	1	0	0	0	2	2	0	2	1	0	0	0	1	1
ASV_1598	1	0	1	0	0	0	0	0	0	1	3	3	0	0	0	1	1	2
ASV_1616	0	0	1	2	0	1	1	1	0	1	1	1	1	1	1	0	1	0
ASV_1634	0	2	1	0	0	0	0	1	0	0	2	2	0	0	1	1	0	1
ASV_1641	1	0	1	0	0	2	1	1	0	3	1	1	0	1	1	0	1	0
ASV_1659	0	1	0	0	0	3	0	3	0	0	1	3	0	0	0	1	0	0
ASV_1669	1	0	1	2	4	0	0	0	0	2	0	4	0	0	0	0	1	1
ASV_1731	0	1	2	0	1	0	2	3	2	0	0	0	1	1	0	0	0	2
ASV_1785	1	0	0	0	0	0	2	1	1	2	1	2	1	0	0	1	0	0
ASV_1154	1	1	0	0	0	0	0	2	0	2	0	1	1	0	1	1	3	1
ASV_1165	2	4	0	0	0	0	0	1	1	1	0	1	1	0	0	0	1	1
ASV_1187	0	1	0	1	0	0	1	1	1	2	1	1	1	0	1	1	0	0
ASV_1237	0	1	0	0	0	1	7	1	0	1	1	0	3	0	0	0	0	0
ASV_1282	1	1	2	1	0	0	1	0	0	1	0	0	1	0	1	1	0	1
ASV_1287	1	0	0	2	3	0	0	2	0	0	0	0	1	0	0	0	0	0
ASV_1288	2	2	0	0	0	0	1	1	3	0	0	0	1	0	1	0	0	1
ASV_1318	1	1	0	1	0	0	2	0	2	0	0	0	1	1	0	0	1	1
ASV_1322	0	0	2	0	0	1	1	3	2	1	0	0	2	0	1	0	0	1
ASV_1332	0	0	0	1	0	3	0	0	0	2	1	0	0	1	1	3	2	1
ASV_1342	0	0	0	0	0	0	2	0	1	2	2	1	3	0	1	0	0	0
ASV_1355	1	1	0	0	0	1	1	3	3	0	1	1	0	0	1	0	0	0
ASV_1359	2	0	0	0	1	1	1	1	2	1	0	1	0	1	0	2	1	0
ASV_1373	1	0	0	1	0	1	0	4	1	2	0	1	0	0	1	1	0	0
ASV_1377	0	1	0	1	2	1	0	1	0	1	2	0	2	1	2	0	1	0
ASV_1390	0	0	1	0	0	0	1	1	1	2	1	0	0	2	2	0	1	0
ASV_1395	0	0	1	2	0	0	0	1	0	0	0	1	0	0	7	0	0	0
ASV_1400	0	0	1	1	0	1	1	0	1	1	1	0	2	0	2	2	0	0
ASV_1417	0	2	0	0	1	3	1	2	0	1	2	0	0	0	0	1	0	1
ASV_1427	2	0	1	0	0	1	1	2	0	1	0	1	3	0	1	0	0	0
ASV_1480	1	4	0	0	0	0	3	0	0	0	1	2	0	0	2	0	0	2
ASV_1488	0	0	0	1	0	0	2	0	2	1	0	1	1	0	1	2	2	1
ASV_1575	1	3	1	1	1	0	0	0	1	1	0	2	0	0	0	0	0	1
ASV_1594	0	0	1	1	0	1	2	3	0	2	0	0	1	0	1	1	0	0
ASV_1604	0	1	1	0	0	0	1	0	1	0	0	1	1	1	3	2	0	1
ASV_1607	0	0	2	1	4	0	0	0	2	0	0	0	2	0	0	1	0	0
ASV_1609	0	0	0	2	1	0	0	1	0	0	0	1	0	1	2	0	5	2
ASV_1615	0	0	0	1	0	1	0	3	0	0	3	2	1	1	2	0	2	0
ASV_1649	0	1	2	0	1	0	0	0	0	1	0	0	0	0	0	0	0	7
ASV_1654	2	0	0	0	0	0	0	0	3	0	2	1	0	0	1	1	3	1
ASV_1657	1	1	0	0	0	0	1	1	3	3	1	0	0	0	1	0	1	2
ASV_1700	0	1	0	1	0	0	2	1	1	2	1	0	0	2	1	1	0	0
ASV_1749	0	0	0	3	0	3	1	1	0	0	0	0	0	1	0	3	1	0
ASV_1786	0	0	1	0	0	2	2	1	1	0	0	1	1	0	1	1	0	0
ASV_1203	0	0	0	1	0	3	1	0	0	1	0	0	2	0	1	1	1	1
ASV_1210	2	0	2	1	0	0	1	0	1	0	0	2	2	0	2	0	0	0
ASV_1278	3	0	1	0	0	1	0	1	0	1	2	1	0	0	0	1	1	0
ASV_1292	1	1	1	2	0	0	0	1	0	0	0	0	0	1	1	1	1	0
ASV_1307	0	1	0	0	0	0	0	2	3	0	0	5	3	0	0	1	0	0
ASV_1314	2	1	1	0	0	0	0	0	0	0	0	0	1	8	0	0	0	1
ASV_1368	1	0	0	1	1	1	1	1	0	0	1	1	1	2	0	2	1	0
ASV_1370	2	0	0	0	0	2	1	0	3	1	0	0	0	0	1	1	1	0
ASV_1404	0	0	2	1	0	0	2	1	1	2	0	0	0	3	0	0	1	0
ASV_1413	1	0	0	0	0	1	3	2	1	0	0	3	1	0	0	0	0	0
ASV_1424	1	0	0	0	0	0	0	0	2	3	0	0	1	0	0	2	2	2
ASV_1439	1	2	0	0	0	0	2	1	0	0	0	1	0	1	0	0	1	1
ASV_1443	1	1	0	0	0	0	0	1	0	0	1	0	1	2	1	2	1	2
ASV_1447	0	0	0	0	0	0	0	2	0	1	1	0	0	0	2	2	1	3
ASV_1463	0	2	0	2	0	0	0	2	1	1	2	1	0	1	1	0	0	0
ASV_1466	0	1	0	0	1	1	2	2	1	1	0	1	2	1	0	0	0	0
ASV_1490	0	0	4	0	2	1	0	0	0	0	0	1	0	0	0	3	2	0
ASV_1497	0	0	2	3	0	1	4	0	0	0	0	0	0	0	1	1	1	0
ASV_1563	0	1	1	0	1	1	1	0	1	0	0	0	0	1	0	2	0	2
ASV_1582	0	2	2	0	0	0	3	6	0	1	0	0	0	0	0	0	0	0
ASV_1628	1	0	2	0	0	1	1	0	0	1	2	3	0	0	2	1	0	1
ASV_1638	1	1	0	0	0	0	0	4	1	0	1	2	2	0	0	0	0	1
ASV_1656	1	0	0	0	1	0	0	0	1	0	1	3	0	0	1	2	1	0
ASV_1739	0	1	0	0	0	2	2	0	0	0	1	4	0	0	0	0	0	0
ASV_1743	0	0	0	1	0	0	1	0	1	3	3	2	0	0	0	0	2	1
ASV_1772	1	0	0	0	0	0	2	2	2	1	1	0	0	0	0	1	1	0
ASV_1780	0	0	0	0	0	0	0	7	0	0	4	0	0	0	0	0	0	0
ASV_1179	1	0	0	0	1	0	3	0	2	0	1	1	0	0	0	0	2	0
ASV_1219	1	0	0	0	0	0	0	0	0	0	0	0	2	3	2	0	3	0
ASV_1266	0	0	0	0	0	0	1	0	3	2	0	1	0	3	0	0	3	0
ASV_1267	0	0	0	0	0	0	1	1	1	0	0	0	1	0	1	2	2	0
ASV_1274	1	1	0	0	2	0	0	0	1	1	1	1	0	0	1	0	0	1
ASV_1321	0	0	1	0	0	0	4	0	0	0	0	0	0	0	2	0	0	2
ASV_1336	0	0	0	0	1	0	2	0	1	0	3	1	0	1	0	0	0	2
ASV_1346	1	0	1	0	0	0	0	2	3	0	2	2	2	0	0	0	0	0
ASV_1366	4	2	0	0	0	0	2	0	0	0	0	2	1	0	0	0	0	1
ASV_1421	0	0	0	0	0	0	5	1	0	1	1	1	0	1	2	0	0	0
ASV_1422	0	0	0	0	0	0	1	0	1	1	2	0	1	0	2	0	1	1
ASV_1437	1	0	0	4	0	0	0	1	1	0	1	1	0	0	0	2	1	0
ASV_1440	2	0	0	0	0	1	1	0	0	1	2	0	0	1	0	1	3	2
ASV_1508	0	0	0	1	0	0	0	0	1	0	3	0	1	1	0	1	1	1
ASV_1512	0	0	1	0	2	0	0	0	1	1	2	1	2	0	1	1	0	1
ASV_1523	0	0	0	0	0	0	1	0	0	0	2	2	1	1	0	0	1	3
ASV_1525	0	0	0	0	0	0	0	1	1	1	2	1	0	1	1	2	2	0
ASV_1540	1	1	0	0	0	2	1	0	1	2	1	2	1	1	0	0	0	0
ASV_1558	0	2	3	0	0	0	0	0	3	0	1	1	0	0	0	0	1	0
ASV_1560	1	0	0	1	0	0	0	3	0	0	0	0	1	2	1	0	1	1
ASV_1569	2	1	0	0	0	1	1	2	1	1	0	1	0	1	1	1	0	0
ASV_1581	0	1	0	4	0	0	0	0	0	1	0	1	1	2	1	0	1	0
ASV_1611	1	1	0	2	0	2	1	1	0	0	0	1	1	0	3	0	0	0
ASV_1632	0	0	0	0	0	0	3	1	0	0	1	3	0	0	3	0	1	1
ASV_1667	2	1	2	0	0	0	0	1	0	0	0	1	0	0	0	1	0	2
ASV_1699	0	2	0	0	0	0	1	0	1	2	0	0	0	2	1	0	0	0
ASV_1702	0	1	0	3	1	0	0	0	0	0	1	0	1	0	0	1	0	1
ASV_1712	1	1	1	0	1	0	0	0	1	0	2	0	1	2	2	0	1	0
ASV_1759	0	0	2	0	1	1	1	0	0	1	0	1	0	0	1	0	1	1
ASV_1760	1	0	1	0	3	0	0	1	1	0	0	1	0	1	1	1	0	0
ASV_1773	0	1	1	0	0	1	0	2	0	0	0	2	1	1	0	0	1	1
ASV_1783	0	0	0	0	2	0	2	4	0	0	3	1	0	0	0	0	0	1
ASV_1784	1	0	0	0	0	1	1	1	2	0	0	1	2	0	3	0	1	0
ASV_1262	0	0	0	1	0	1	0	0	0	0	2	0	1	2	0	2	3	1
ASV_1349	1	0	0	0	0	0	0	1	1	1	2	0	0	2	0	1	1	0
ASV_1354	1	1	0	0	0	2	2	0	0	0	2	0	0	0	1	0	1	0
ASV_1375	1	1	0	0	0	0	0	1	2	1	1	1	0	0	1	0	1	1
ASV_1399	0	0	2	0	1	0	0	1	0	0	2	0	3	2	0	0	1	1
ASV_1474	0	0	0	0	0	1	3	2	0	0	1	0	0	0	0	0	1	2
ASV_1482	0	11	0	0	0	0	0	0	0	0	0	0	0	0	0	0	0	0
ASV_1514	0	0	0	0	1	0	0	1	0	0	2	0	2	2	2	0	0	1
ASV_1522	0	1	0	0	0	0	2	0	1	1	0	4	1	0	0	0	0	0
ASV_1537	1	1	0	0	0	1	3	2	0	0	2	1	0	1	1	0	0	0
ASV_1539	1	0	0	0	0	0	2	3	0	1	1	0	0	1	1	0	0	0
ASV_1541	3	0	1	1	0	0	0	0	1	0	1	0	1	0	1	1	0	0
ASV_1565	0	1	1	2	0	1	0	1	0	2	1	1	1	0	0	0	1	0
ASV_1566	1	1	0	0	0	1	1	1	3	0	0	0	0	0	0	1	1	1
ASV_1608	1	0	0	1	0	1	0	2	1	0	0	0	1	1	2	0	1	1
ASV_1618	0	0	1	2	0	0	1	2	0	1	3	0	0	0	0	0	0	0
ASV_1623	0	0	0	1	1	1	0	0	2	0	0	0	0	0	1	2	1	1
ASV_1653	3	0	0	0	0	0	6	0	2	0	0	1	0	0	0	0	0	1
ASV_1660	1	6	0	0	0	0	0	1	1	0	0	0	0	0	2	0	0	2
ASV_1747	1	0	0	1	0	3	2	0	1	0	1	1	0	0	3	0	0	0
ASV_1755	0	0	1	1	0	3	0	0	1	1	3	0	0	0	0	2	0	0
ASV_1767	0	0	0	0	1	1	7	1	0	0	0	0	0	0	0	0	0	0
ASV_1774	0	0	1	0	0	0	1	1	0	1	0	5	0	0	0	0	1	0
ASV_1436	1	1	0	0	3	0	0	1	0	0	0	0	0	0	0	0	0	1
ASV_1449	1	0	1	0	0	0	2	0	2	0	0	1	1	0	1	0	0	2
ASV_1486	0	1	0	0	0	0	0	1	2	0	0	0	0	0	0	2	1	0
ASV_1499	0	0	0	0	0	0	0	2	0	1	0	1	2	1	0	0	0	1
ASV_1501	0	0	2	0	2	1	3	0	2	0	0	0	0	0	0	0	0	0
ASV_1504	0	0	0	1	1	0	0	0	0	0	1	0	0	2	0	0	0	2
ASV_1519	0	0	0	0	0	1	0	0	0	0	0	2	2	0	1	3	0	0
ASV_1532	2	0	0	2	0	0	0	0	0	1	0	3	1	0	0	1	1	0
ASV_1550	1	0	1	2	0	2	2	0	2	0	0	0	0	0	0	0	0	1
ASV_1576	0	4	4	0	0	0	0	0	0	0	0	0	1	0	0	0	0	0
ASV_1585	0	1	2	0	1	0	2	1	1	2	0	0	1	0	0	0	0	0
ASV_1589	0	1	2	0	1	1	0	1	0	1	0	0	0	1	1	1	0	0
ASV_1639	0	0	0	1	0	0	1	0	1	2	1	1	1	0	0	1	1	1
ASV_1640	0	0	0	0	0	0	1	3	0	0	0	0	3	0	0	0	3	0
ASV_1650	2	0	1	0	0	0	1	1	0	0	0	1	0	0	0	2	1	0
ASV_1658	1	0	0	0	0	0	0	0	1	1	1	1	0	0	1	1	0	0
ASV_1665	2	0	0	1	0	0	5	0	0	1	0	1	0	0	0	0	0	1
ASV_1673	1	1	0	0	0	1	0	0	0	1	0	2	1	0	1	0	1	0
ASV_1692	1	2	0	1	0	1	1	0	0	0	0	1	0	0	2	0	0	1
ASV_1703	0	1	1	0	1	1	1	1	1	0	1	1	0	0	0	1	1	1
ASV_1706	1	1	0	0	0	0	0	0	0	0	0	1	1	0	2	0	1	1
ASV_1710	1	2	0	1	0	0	1	0	1	0	0	0	0	0	0	0	1	1
ASV_1729	0	0	1	0	2	0	1	0	1	0	1	0	0	0	2	0	4	0
ASV_1737	0	0	1	0	0	0	1	0	0	0	0	0	0	4	1	1	1	1
ASV_1758	0	0	0	0	0	1	1	0	0	1	1	0	0	1	2	0	0	2
ASV_1764	0	0	0	0	0	0	1	3	0	1	1	2	1	1	0	0	0	0
ASV_1788	0	0	0	0	0	1	0	2	0	0	1	2	1	1	0	1	0	0
ASV_1426	1	0	0	0	0	1	1	0	1	1	1	1	0	0	0	1	0	0
ASV_1478	0	0	0	1	0	0	1	0	2	0	0	0	0	3	0	0	0	1
ASV_1505	0	0	0	0	0	1	0	2	0	1	1	0	1	0	0	1	2	0
ASV_1544	2	0	0	0	1	0	0	0	4	0	0	0	0	0	0	1	0	0
ASV_1559	2	1	0	0	0	0	2	0	1	0	0	1	0	0	0	1	0	1
ASV_1572	0	1	0	0	0	0	1	1	2	0	0	0	2	0	0	1	0	0
ASV_1586	0	5	0	0	0	1	0	2	0	0	0	0	0	0	1	0	1	0
ASV_1592	0	0	1	0	4	0	0	0	0	0	0	0	0	0	0	2	0	0
ASV_1595	0	0	2	2	1	0	0	0	1	3	0	0	0	0	0	1	0	1
ASV_1614	0	0	0	2	0	0	3	0	1	0	0	0	0	0	2	1	0	1
ASV_1622	0	0	0	0	1	0	2	0	2	0	0	1	1	0	1	1	1	1
ASV_1633	0	0	0	0	0	0	6	0	0	0	1	1	0	1	0	1	0	0
ASV_1645	0	0	0	0	0	0	0	0	1	1	0	1	0	2	1	3	0	0
ASV_1672	2	0	0	0	0	0	1	0	0	0	1	0	1	0	0	0	1	1
ASV_1709	0	1	0	0	0	0	2	1	0	0	0	0	4	0	0	0	0	0
ASV_1714	0	1	0	0	0	0	0	1	0	0	0	0	0	0	4	1	2	0
ASV_1763	0	0	1	0	0	0	1	0	0	0	0	0	0	0	0	7	0	0
ASV_1775	0	0	0	0	0	0	1	0	1	0	1	2	0	0	0	2	2	0
ASV_1794	0	1	0	0	0	0	0	1	0	0	2	0	1	0	2	2	0	0
ASV_1796	0	0	0	0	0	0	0	0	0	0	0	0	0	0	0	9	0	0
ASV_1431	1	0	2	1	0	1	0	0	0	0	0	0	0	0	0	2	0	0
ASV_1481	0	1	0	1	1	1	1	2	1	0	0	0	0	0	0	1	0	0
ASV_1635	0	0	0	0	0	0	1	3	0	0	0	0	0	0	4	1	0	0
ASV_1695	0	0	0	0	0	0	4	2	0	0	1	0	0	0	0	1	0	1
ASV_1718	0	0	0	0	0	0	1	0	2	0	1	2	0	0	0	0	0	0
ASV_1777	0	0	0	0	0	0	3	0	1	0	0	0	0	3	0	0	0	0
ASV_1664	1	1	0	0	1	0	0	0	2	0	0	1	0	0	1	0	0	1
ASV_1682	2	0	1	0	0	0	0	1	1	0	1	1	0	0	0	0	0	0
ASV_1690	1	1	0	1	0	0	2	0	1	0	1	0	1	0	0	0	0	0
ASV_1691	1	1	0	0	1	0	1	0	0	0	1	0	0	0	0	2	0	1
ASV_1730	0	0	1	1	0	0	1	0	1	0	0	0	1	1	0	1	0	0
ASV_1756	0	0	1	2	1	0	0	0	0	1	0	1	0	1	0	0	0	1
ASV_1751	0	0	0	1	0	0	2	0	0	2	0	0	0	0	1	0	0	0
ASV_1757	0	0	0	0	1	1	1	0	0	1	0	0	0	0	1	0	0	1
