OTUID	All	KO	OE	WT
ASV_2	4.157405	5.993725	2.840162	3.638329
ASV_3	2.81225	2.439503	2.537334	3.459913
ASV_4	2.272046	2.423702	1.674203	2.718233
ASV_8	1.900134	1.288450	2.386370	2.025582
ASV_6	1.776853	2.741322	1.121358	1.467879
ASV_7	1.71238	1.573534	1.691510	1.872096
ASV_18	1.598274	1.478136	1.513039	1.803647
ASV_9	1.465546	1.337614	1.535247	1.523777
ASV_10	1.272565	1.8118176	0.8684407	1.1374366
ASV_11	1.144997	1.079876	1.109979	1.245135
ASV_14	1.120172	0.922813	1.182881	1.254822
ASV_12	1.080621	1.0719535	0.9139545	1.2559544
ASV_15	1.050861	1.1125659	1.0803789	0.9596384
ASV_13	1.029556	0.700180	1.376463	1.012025
ASV_16	0.998044	0.7727583	0.9635556	1.2578183
ASV_17	0.926669	1.2743047	0.6083915	0.8973108
ASV_28	0.84448	0.7620452	0.7275439	1.0438514
ASV_20	0.75152	0.6434846	0.3839052	1.2271704
ASV_30	0.692196	0.5024500	0.7665403	0.8075981
ASV_23	0.654724	0.7175782	0.5884340	0.6581586
ASV_21	0.645373	0.5114490	0.6305975	0.7940737
ASV_1276	0.630198	0.7040757	0.6438977	0.5426212
ASV_29	0.626551	0.5675570	0.7039078	0.6081885
ASV_22	0.591481	0.9289126	0.3667986	0.4787329
ASV_113	0.586287	0.9416550	0.3859765	0.4312309
ASV_26	0.606846	0.4677555	0.6397548	0.7130284
ASV_24	0.578852	0.7748330	0.3124477	0.6492767
ASV_31	0.55436	0.6341887	0.4284827	0.6004087
ASV_27	0.562197	0.5261034	0.5929542	0.5675338
ASV_34	0.532127	0.4495493	0.5994339	0.5473981
ASV_33	0.52193	0.5272368	0.5453812	0.4931725
ASV_35	0.51841	0.3491569	0.4719093	0.7341652
ASV_36	0.504442	0.5342139	0.4080882	0.5710244
ASV_41	0.491137	0.7010504	0.3662665	0.4060931
ASV_37	0.494629	0.3173278	0.5332892	0.6332699
ASV_173	0.484872	0.4687683	0.4220581	0.5637908
ASV_38	0.478374	0.7741824	0.2665150	0.3944242
ASV_40	0.49793	0.2672138	1.0838061	0.1427706
ASV_42	0.447876	0.3947559	0.3375877	0.6112858
ASV_39	0.442428	0.4977389	0.3597196	0.4698245
ASV_70	0.431869	0.5731429	0.3620527	0.3604117
ASV_47	0.426836	0.4990088	0.3628170	0.4186833
ASV_68	0.408233	0.5460406	0.3138527	0.3648063
ASV_45	0.399327	0.6190946	0.2305724	0.3483150
ASV_44	0.405161	0.4499756	0.3112482	0.4542577
ASV_54	0.388602	0.5662509	0.1899198	0.4096339
ASV_52	0.396694	0.3151987	0.4130382	0.4618452
ASV_46	0.397515	0.3643842	0.5204053	0.3077542
ASV_43	0.385743	0.1033846	0.3822523	0.6715919
ASV_48	0.384681	0.2832591	0.4542758	0.4165075
ASV_51	0.374964	0.3504714	0.3034019	0.4710191
ASV_50	0.370559	0.3745517	0.3689541	0.3681715
ASV_53	0.361895	0.2997092	0.3576159	0.4283611
ASV_49	0.354155	0.4905085	0.4383943	0.1335625
ASV_55	0.348848	0.4644925	0.3573616	0.2246888
ASV_58	0.314318	0.4057674	0.2749650	0.2622225
ASV_62	0.313112	0.3266822	0.3207914	0.2918638
ASV_67	0.30241	0.4187388	0.2221696	0.2663231
ASV_56	0.301152	0.1890239	0.2773483	0.4370829
ASV_63	0.311961	0.1184483	0.6926654	0.1247693
ASV_61	0.29542	0.1775120	0.4340107	0.2747377
ASV_59	0.280249	0.3885425	0.1920955	0.2601100
ASV_60	0.281574	0.2546991	0.2601219	0.3299003
ASV_76	0.283347	0.2207135	0.3034040	0.3259246
ASV_66	0.271194	0.3387433	0.1885585	0.2862797
ASV_73	0.261167	0.2031285	0.2185958	0.3617756
ASV_456	0.257602	0.1980959	0.2118620	0.3628468
ASV_69	0.254946	0.2708806	0.2575890	0.2363673
ASV_82	0.24802	0.3414867	0.2054171	0.1971553
ASV_72	0.242401	0.4167956	0.1260510	0.1843552
ASV_93	0.250775	0.1508753	0.4007436	0.2007061
ASV_71	0.245599	0.3439263	0.2000607	0.1928085
ASV_74	0.240046	0.2458109	0.2550094	0.2193175
ASV_77	0.233339	0.1987860	0.1808704	0.3203602
ASV_75	0.229407	0.2862935	0.2024709	0.1994562
ASV_83	0.227342	0.2919546	0.1931002	0.1969711
ASV_84	0.224587	0.1945154	0.2102010	0.2690458
ASV_81	0.225555	0.1993622	0.2992667	0.1780354
ASV_79	0.2165	0.2790631	0.1309607	0.2394757
ASV_78	0.218718	0.1907367	0.1853371	0.2800811
ASV_80	0.21498	0.2137776	0.1761041	0.2550571
ASV_88	0.216852	0.3442884	0.1822038	0.1240636
ASV_86	0.212369	0.1362616	0.1933758	0.3074692
ASV_89	0.207113	0.1572632	0.2321780	0.2318981
ASV_97	0.197475	0.2029665	0.1666452	0.2228138
ASV_90	0.195298	0.2717615	0.1425949	0.1715364
ASV_92	0.201403	0.23221711	0.30475739	0.06723435
ASV_855	0.198369	0.1276634	0.3151863	0.1522575
ASV_91	0.193234	0.1792387	0.1747179	0.2257449
ASV_94	0.189378	0.1218474	0.1493973	0.2968881
ASV_100	0.195678	0.1398322	0.2689327	0.1782694
ASV_106	0.185042	0.1843770	0.1380870	0.2326607
ASV_109	0.18626	0.2235687	0.1634253	0.1717861
ASV_118	0.18599	0.2037178	0.1552144	0.1990367
ASV_410	0.184871	0.1923172	0.1823728	0.1799218
ASV_95	0.18195	0.2587110	0.1502350	0.1369028
ASV_98	0.181181	0.2266704	0.1962010	0.1206723
ASV_112	0.184293	0.09343266	0.30089096	0.15855492
ASV_110	0.1798	0.1619866	0.2036784	0.1737340
ASV_102	0.173706	0.2315558	0.1136091	0.1759530
ASV_96	0.172754	0.2242467	0.1413122	0.1527033
ASV_101	0.176127	0.1728584	0.2181471	0.1373768
ASV_288	0.174819	0.1951199	0.1966092	0.1327268
ASV_108	0.169783	0.2129396	0.1456255	0.1507848
ASV_111	0.175136	0.05344565	0.24544551	0.22651823
ASV_99	0.168945	0.2025260	0.1575727	0.1467357
ASV_105	0.168358	0.1319103	0.1618931	0.2112701
ASV_186	0.170452	0.1531989	0.1757432	0.1824128
ASV_736	0.166329	0.1923661	0.1311962	0.1754247
ASV_282	0.169976	0.1466859	0.2106425	0.1525985
ASV_103	0.159138	0.2431361	0.1138085	0.1204697
ASV_415	0.166795	0.1287106	0.2063283	0.1653466
ASV_129	0.165468	0.1305261	0.1947585	0.1711181
ASV_119	0.163677	0.1312347	0.1788328	0.1809648
ASV_115	0.162982	0.1089138	0.1880801	0.1919528
ASV_107	0.155713	0.2073130	0.1123846	0.1474420
ASV_125	0.157268	0.1084511	0.1834377	0.1799149
ASV_114	0.160498	0.16210388	0.28498757	0.03440127
ASV_126	0.153415	0.159907	0.168550	0.131788
ASV_577	0.154198	0.1505429	0.1750928	0.1369589
ASV_116	0.147735	0.2089972	0.1048995	0.1293073
ASV_152	0.147169	0.1282987	0.1250441	0.1881647
ASV_124	0.143323	0.1837289	0.1012274	0.1450120
ASV_128	0.143872	0.1714012	0.1312848	0.1289303
ASV_121	0.143613	0.1397003	0.1630352	0.1281049
ASV_179	0.134657	0.24824897	0.07708135	0.07864076
ASV_843	0.139013	0.1624206	0.1132598	0.1413599
ASV_153	0.135361	0.1513813	0.1221803	0.1325220
ASV_134	0.134104	0.1412084	0.1180862	0.1430171
ASV_120	0.136256	0.1036320	0.1892115	0.1159235
ASV_127	0.131482	0.1327305	0.1167645	0.1449507
ASV_130	0.133927	0.1031257	0.1418312	0.1568231
ASV_132	0.13052	0.1507236	0.1144998	0.1263368
ASV_123	0.129969	0.15651232	0.08575749	0.14763737
ASV_1396	0.129567	0.1051900	0.1576561	0.1258561
ASV_139	0.125838	0.1157873	0.1237961	0.1379291
ASV_142	0.126909	0.1237197	0.1401643	0.1168427
ASV_140	0.123181	0.15087740	0.09541724	0.12324853
ASV_925	0.122808	0.17889498	0.10521281	0.08431479
ASV_161	0.122665	0.15081643	0.13815912	0.07901973
ASV_143	0.122806	0.09606031	0.13545833	0.13689882
ASV_141	0.118315	0.1396102	0.1059347	0.1093995
ASV_266	0.122647	0.10699564	0.19353033	0.06741462
ASV_146	0.119403	0.07204317	0.09821969	0.18794725
ASV_148	0.11511	0.11438773	0.07242998	0.15851206
ASV_347	0.11625	0.15821682	0.11894227	0.07159113
ASV_144	0.118818	0.06653876	0.13813125	0.15178353
ASV_168	0.109299	0.284439714	0.039216906	0.004240309
ASV_172	0.117044	0.12873454	0.13742592	0.08497132
ASV_283	0.114245	0.16022025	0.09328914	0.08922677
ASV_149	0.115815	0.10973990	0.08595664	0.15174973
ASV_147	0.111455	0.19667960	0.05060307	0.08708314
ASV_160	0.114944	0.08668853	0.14490176	0.11324188
ASV_136	0.111843	0.10650917	0.09645578	0.13256426
ASV_154	0.113522	0.01847986	0.08025232	0.24183515
ASV_156	0.117337	0.06468073	0.25264978	0.03468100
ASV_162	0.115233	0.08398959	0.16236364	0.09934632
ASV_155	0.112082	0.1071786	0.1231257	0.1059414
ASV_150	0.112095	0.1001155	0.1212409	0.1149273
ASV_151	0.113483	0.03871061	0.16786510	0.13387322
ASV_157	0.109793	0.13680708	0.08449281	0.10808017
ASV_164	0.106541	0.17539114	0.07680282	0.06742776
ASV_165	0.110374	0.08877351	0.13430727	0.10804207
ASV_166	0.111237	0.12006124	0.11988475	0.09376546
ASV_969	0.106204	0.1837265	0.0759993	0.0588856
ASV_188	0.106702	0.1482191	0.0690778	0.1028105
ASV_159	0.106973	0.1091213	0.1024217	0.1093747
ASV_170	0.104105	0.14156653	0.09059088	0.08015844
ASV_167	0.106386	0.07971693	0.11387091	0.12557056
ASV_183	0.104019	0.13040661	0.09052789	0.09112101
ASV_174	0.106308	0.06943408	0.13153556	0.11795397
ASV_192	0.100865	0.12122583	0.05716591	0.12420189
ASV_474	0.10399	0.08706875	0.13633962	0.08856181
ASV_605	0.105398	0.08777994	0.14676867	0.08164615
ASV_965	0.104528	0.08113866	0.12230723	0.11013929
ASV_158	0.10313	0.0688551	0.1100350	0.1305009
ASV_213	0.10117	0.14063450	0.08681821	0.07605736
ASV_169	0.102554	0.10706060	0.08894022	0.11166120
ASV_251	0.101177	0.09936282	0.09227747	0.11189105
ASV_535	0.101563	0.10163914	0.09275349	0.11029552
ASV_668	0.101264	0.0759475	0.1103142	0.1175296
ASV_236	0.100952	0.09087845	0.11689448	0.09508406
ASV_1153	0.099195	0.10325620	0.09402136	0.10030598
ASV_180	0.096834	0.20120301	0.03490141	0.05439786
ASV_185	0.100096	0.05714378	0.10189917	0.14124562
ASV_171	0.099327	0.11032706	0.11051548	0.07713717
ASV_176	0.095659	0.13005435	0.07941776	0.07750614
ASV_225	0.097875	0.07208522	0.10185146	0.11968825
ASV_187	0.097563	0.07477316	0.12203179	0.09588509
ASV_163	0.099152	0.01731071	0.21089812	0.06924850
ASV_200	0.094356	0.08484033	0.11461308	0.08361384
ASV_202	0.092672	0.08753215	0.08607023	0.10441319
ASV_181	0.091584	0.10600861	0.07992322	0.08882106
ASV_322	0.091279	0.07654721	0.10418312	0.09310816
ASV_246	0.092388	0.08257726	0.13745621	0.05713053
ASV_216	0.087438	0.08356715	0.06411320	0.11463244
ASV_218	0.087292	0.09409081	0.08697872	0.08080536
ASV_175	0.089051	0.08698457	0.11614897	0.06402002
ASV_190	0.086938	0.14516402	0.05564866	0.06000092
ASV_193	0.088897	0.04217758	0.10597940	0.11853314
ASV_195	0.088252	0.05879225	0.11252017	0.09344493
ASV_197	0.085079	0.14302282	0.06160005	0.05061309
ASV_201	0.082431	0.10154569	0.07565024	0.07009750
ASV_204	0.086004	0.03591886	0.17749431	0.04459760
ASV_211	0.08143	0.13501281	0.04332707	0.06595049
ASV_184	0.085362	0.07150253	0.15325503	0.03132896
ASV_189	0.080702	0.13933168	0.03683253	0.06594114
ASV_206	0.08267	0.08510781	0.08354367	0.07935811
ASV_208	0.081521	0.10073922	0.07399668	0.06982579
ASV_215	0.081241	0.05035855	0.03668988	0.15667476
ASV_210	0.08297	0.08332064	0.10508528	0.06050518
ASV_191	0.082523	0.02752571	0.10972554	0.11031855
ASV_234	0.079427	0.08969711	0.06906524	0.07952010
ASV_220	0.08088	0.07477132	0.07863061	0.08923940
ASV_207	0.080028	0.1056620	0.0783860	0.0560359
ASV_209	0.079551	0.09922369	0.06629975	0.07312838
ASV_212	0.081668	0.08102508	0.10333164	0.06064658
ASV_224	0.079915	0.08204160	0.06599236	0.09171237
ASV_718	0.080487	0.06799591	0.11786267	0.05560359
ASV_247	0.08032	0.10231119	0.08405331	0.05459454
ASV_249	0.080797	0.02909208	0.15863605	0.05466385
ASV_253	0.077557	0.07096925	0.09130323	0.07039941
ASV_214	0.076742	0.04255092	0.06830395	0.11936986
ASV_268	0.076109	0.07538422	0.07720745	0.07573452
ASV_303	0.076198	0.04449954	0.10549407	0.07859931
ASV_359	0.076711	0.09227898	0.08332322	0.05452979
ASV_240	0.075176	0.07913426	0.07081095	0.07558334
ASV_261	0.077401	0.04735619	0.11846824	0.06637838
ASV_1127	0.076318	0.06576243	0.10042851	0.06276341
ASV_232	0.076641	0.01596836	0.11538958	0.09856366
ASV_285	0.074371	0.10508581	0.07243372	0.04559320
ASV_313	0.076668	0.06152906	0.10389215	0.06458413
ASV_198	0.074506	0.06964754	0.06316084	0.09070892
ASV_217	0.074776	0.02770026	0.08932011	0.10730638
ASV_250	0.074868	0.05657512	0.09892365	0.06910416
ASV_199	0.072101	0.07479601	0.05029355	0.09121291
ASV_219	0.072562	0.08863186	0.06617661	0.06287851
ASV_229	0.073137	0.07870855	0.06614695	0.07455634
ASV_272	0.073561	0.05560386	0.06745667	0.09762305
ASV_270	0.073961	0.06069374	0.09793962	0.06324881
ASV_331	0.071289	0.09860353	0.05524438	0.06002010
ASV_221	0.071526	0.11468650	0.02488063	0.07500966
ASV_223	0.072569	0.05311439	0.08442913	0.08016462
ASV_239	0.069945	0.10732606	0.05113423	0.05137381
ASV_252	0.075546	0.04348069	0.16280107	0.02035741
ASV_344	0.073623	0.06799689	0.10095025	0.05192247
ASV_1311	0.070301	0.09626377	0.06295471	0.05168345
ASV_241	0.071657	0.07179900	0.07961264	0.06356060
ASV_280	0.071514	0.05619766	0.08628052	0.07206436
ASV_369	0.070381	0.06650704	0.07209496	0.07254186
ASV_237	0.068598	0.11790373	0.03214996	0.05574118
ASV_271	0.072019	0.04132772	0.11143051	0.06329925
ASV_406	0.069659	0.06939453	0.06484236	0.07474145
ASV_242	0.069607	0.04997082	0.05849808	0.10035193
ASV_248	0.069972	0.05525972	0.08488472	0.06977009
ASV_260	0.068803	0.08826623	0.08074838	0.03739398
ASV_255	0.067381	0.07767034	0.05283378	0.07163923
ASV_469	0.069559	0.04792230	0.07981136	0.08094398
ASV_227	0.067742	0.08779372	0.05625155	0.05918077
ASV_265	0.067187	0.07566532	0.06147034	0.06442560
ASV_273	0.065606	0.10258151	0.03956218	0.05467510
ASV_243	0.067861	0.05121757	0.07771421	0.07465175
ASV_256	0.068291	0.06671739	0.07084319	0.06731092
ASV_263	0.068583	0.04896398	0.08046426	0.07632169
ASV_245	0.067105	0.03592842	0.06658101	0.09880444
ASV_257	0.066679	0.07507317	0.05859551	0.06636972
ASV_277	0.066916	0.06992021	0.06939103	0.06143826
ASV_310	0.065498	0.09133191	0.05377627	0.05138720
ASV_1027	0.066577	0.06714338	0.07623227	0.05635458
ASV_317	0.065953	0.06453988	0.06793056	0.06538781
ASV_262	0.065891	0.04052216	0.10048763	0.05666201
ASV_318	0.065897	0.04150511	0.08165313	0.07453387
ASV_319	0.066005	0.03731110	0.07900309	0.08170017
ASV_345	0.066998	0.05567653	0.11385282	0.03146434
ASV_486	0.065339	0.05682175	0.08303579	0.05615959
ASV_744	0.065201	0.06682391	0.05702138	0.07175894
ASV_258	0.062922	0.08316641	0.04598069	0.05961976
ASV_278	0.0642	0.04634587	0.06606815	0.08018704
ASV_315	0.063145	0.09908652	0.05143635	0.03891222
ASV_233	0.065349	0.06667211	0.09140561	0.03797073
ASV_286	0.064408	0.04830903	0.08009343	0.06482284
ASV_360	0.062409	0.06540612	0.05470413	0.06711590
ASV_254	0.062392	0.07479188	0.05397836	0.05840598
ASV_259	0.062575	0.04963790	0.05892980	0.07915808
ASV_274	0.061355	0.08365765	0.04450311	0.05590547
ASV_298	0.062908	0.05180713	0.07680416	0.06011176
ASV_893	0.062435	0.07363979	0.06339100	0.05027420
ASV_244	0.062718	0.03555198	0.07687323	0.07572863
ASV_279	0.059877	0.10878497	0.03049126	0.04035403
ASV_723	0.062446	0.07451946	0.06339951	0.04942005
ASV_293	0.059652	0.06946174	0.03232041	0.07717477
ASV_300	0.060417	0.06043523	0.07303076	0.04778519
ASV_327	0.061515	0.03503828	0.08951023	0.05999681
ASV_357	0.05922	0.10024337	0.04006414	0.03735341
ASV_228	0.060234	0.04343392	0.07807012	0.05919891
ASV_287	0.060519	0.04746265	0.06959348	0.06450211
ASV_302	0.061279	0.03504005	0.09576061	0.05303753
ASV_572	0.059558	0.05273659	0.06001005	0.06592629
ASV_264	0.058173	0.04024430	0.04462741	0.08964635
ASV_301	0.05857	0.06089755	0.06450885	0.05030476
ASV_374	0.058713	0.07082593	0.04495000	0.06036235
ASV_459	0.059349	0.04446007	0.06028581	0.07330106
ASV_491	0.059577	0.05460397	0.07684884	0.04727698
ASV_284	0.057358	0.06613881	0.04290172	0.06303294
ASV_419	0.05922	0.06477141	0.07138264	0.04150536
ASV_496	0.059148	0.06381296	0.06669641	0.04693389
ASV_290	0.058273	0.04968831	0.05009582	0.07503561
ASV_306	0.058251	0.06610424	0.05004656	0.05860221
ASV_520	0.058876	0.04006885	0.08899251	0.04756813
ASV_276	0.057207	0.06844391	0.04442089	0.05875664
ASV_336	0.056601	0.07018165	0.04942029	0.05019999
ASV_362	0.057844	0.04007928	0.06029198	0.07316070
ASV_267	0.058278	0.04141220	0.07409743	0.05932555
ASV_275	0.057202	0.05059206	0.06807404	0.05293902
ASV_312	0.057036	0.04569137	0.06124913	0.06416761
ASV_329	0.056437	0.06027818	0.04908445	0.05994782
ASV_346	0.057205	0.06419365	0.05719595	0.05022391
ASV_930	0.055618	0.08144093	0.03513095	0.05028088
ASV_332	0.055389	0.07984332	0.04147623	0.04484842
ASV_350	0.055591	0.07854741	0.03539960	0.05282501
ASV_592	0.057431	0.03273570	0.08801626	0.05154194
ASV_299	0.057006	0.03692243	0.08237098	0.05172445
ASV_269	0.056322	0.04665176	0.07802444	0.04429102
ASV_307	0.054651	0.05832474	0.04629285	0.05933438
ASV_499	0.056167	0.03870134	0.04383376	0.08596715
ASV_311	0.053383	0.07219863	0.04639053	0.04155943
ASV_433	0.054719	0.05205807	0.04483594	0.06726412
ASV_328	0.053816	0.08183330	0.04490579	0.03470859
ASV_378	0.055509	0.03430695	0.08615032	0.04607043
ASV_384	0.054739	0.04677322	0.07857189	0.03887313
ASV_396	0.054022	0.06368565	0.04639707	0.05198445
ASV_867	0.055315	0.02343156	0.08632658	0.05618672
ASV_292	0.054479	0.04510388	0.06364933	0.05468491
ASV_355	0.052766	0.04044684	0.05196644	0.06588506
ASV_364	0.053873	0.04053093	0.07389666	0.04719215
ASV_289	0.052604	0.05243926	0.04334391	0.06202964
ASV_323	0.053665	0.03033319	0.08864157	0.04202137
ASV_330	0.052731	0.06166065	0.04162322	0.05490879
ASV_405	0.052747	0.06095566	0.05851173	0.03877379
ASV_305	0.051209	0.07707095	0.04056669	0.03598924
ASV_341	0.053122	0.03251744	0.06656424	0.06028374
ASV_583	0.052612	0.05309694	0.06309251	0.04164684
ASV_610	0.051923	0.03717725	0.03830610	0.08028677
ASV_797	0.052646	0.08406522	0.03825933	0.03561265
ASV_295	0.051966	0.0544984	0.0511467	0.0502540
ASV_296	0.051171	0.05758541	0.04278403	0.05314303
ASV_365	0.052552	0.02497002	0.07525908	0.05742712
ASV_854	0.051838	0.04326145	0.04927685	0.06297708
ASV_1275	0.051618	0.02801627	0.05238665	0.07444975
ASV_321	0.051154	0.03652264	0.05538971	0.06154877
ASV_352	0.051654	0.04960264	0.04633760	0.05902047
ASV_377	0.052128	0.04226476	0.06540690	0.04871371
ASV_733	0.0531	0.03421256	0.08909666	0.03599096
ASV_294	0.05077	0.05949608	0.05364402	0.03917130
ASV_625	0.050578	0.05788065	0.05080943	0.04304354
ASV_356	0.04899	0.05567850	0.04664283	0.04464758
ASV_424	0.051103	0.04681781	0.06336313	0.04312788
ASV_361	0.049965	0.05041070	0.06620584	0.03327739
ASV_453	0.049734	0.04525991	0.04648979	0.05745217
ASV_304	0.050474	0.01582755	0.08834092	0.04725497
ASV_316	0.047976	0.07280351	0.02452988	0.04659560
ASV_340	0.048454	0.06116966	0.03854999	0.04564174
ASV_342	0.050422	0.02416576	0.07255613	0.05454543
ASV_398	0.050217	0.03459103	0.07707093	0.03898793
ASV_334	0.047747	0.06081131	0.02750224	0.05492838
ASV_913	0.048321	0.06311833	0.04009162	0.04175331
ASV_333	0.048259	0.03079891	0.03230675	0.08167231
ASV_400	0.049233	0.05418370	0.04727445	0.04624041
ASV_601	0.04698	0.09002031	0.03230575	0.01861455
ASV_383	0.046596	0.06276127	0.03999247	0.03703412
ASV_549	0.048057	0.03947541	0.05137453	0.05332183
ASV_1458	0.049128	0.03177701	0.08705957	0.02854733
ASV_297	0.048771	0.01153801	0.07993992	0.05483572
ASV_349	0.04748	0.03442051	0.05636383	0.05165563
ASV_556	0.046599	0.06877001	0.04356279	0.02746569
ASV_370	0.046373	0.03584878	0.04382235	0.05944684
ASV_371	0.047055	0.04868674	0.04662083	0.04585594
ASV_629	0.047649	0.03661619	0.05875692	0.04757521
ASV_641	0.046188	0.06408503	0.03571382	0.03876431
ASV_339	0.045813	0.02685446	0.02849962	0.08208352
ASV_422	0.046412	0.05113566	0.05060129	0.03749851
ASV_732	0.046181	0.04797437	0.04911530	0.04145294
ASV_309	0.044278	0.06289824	0.02606995	0.04386704
ASV_324	0.045687	0.02969150	0.04139112	0.06597977
ASV_337	0.045716	0.05153212	0.03820295	0.04741436
ASV_354	0.044435	0.07649746	0.01393993	0.04286777
ASV_380	0.046971	0.02613474	0.07729544	0.03748429
ASV_417	0.045873	0.05855773	0.04437226	0.03469023
ASV_548	0.045023	0.06430574	0.01841725	0.05234713
ASV_567	0.045066	0.04138308	0.03344155	0.06037409
ASV_848	0.046017	0.04594995	0.04194526	0.05015644
ASV_343	0.046482	0.03417945	0.06795500	0.03731175
ASV_368	0.045882	0.04177706	0.05845995	0.03741041
ASV_427	0.045512	0.05955664	0.05108010	0.02590052
ASV_684	0.045761	0.03963712	0.05144866	0.04619671
ASV_1081	0.0468	0.01581334	0.08097569	0.04361119
ASV_338	0.044503	0.04116172	0.04629376	0.04605375
ASV_367	0.045122	0.04740265	0.05235136	0.03561130
ASV_428	0.044578	0.03504018	0.04117436	0.05752028
ASV_390	0.045311	0.02113254	0.08738433	0.02741474
ASV_463	0.044854	0.03122423	0.06163230	0.04170542
ASV_1281	0.044492	0.03410935	0.06053530	0.03883199
ASV_348	0.04356	0.06483830	0.02304528	0.04279599
ASV_409	0.043052	0.05804993	0.03415646	0.03695085
ASV_571	0.043941	0.05154192	0.03997210	0.04030820
ASV_411	0.044276	0.03693054	0.05550246	0.04039512
ASV_445	0.0415	0.07293687	0.02311161	0.02845214
ASV_461	0.044286	0.04747951	0.06817124	0.01720849
ASV_504	0.043229	0.04140848	0.04146847	0.04680896
ASV_892	0.043701	0.0503622	0.0449227	0.0358189
ASV_335	0.043163	0.03007238	0.04921610	0.05020011
ASV_382	0.044076	0.05051686	0.05446011	0.02725191
ASV_436	0.044186	0.02559260	0.06788275	0.03908375
ASV_1234	0.042655	0.04718083	0.04377930	0.03700355
ASV_379	0.043403	0.04153817	0.05847949	0.03019165
ASV_392	0.042629	0.05014905	0.04595274	0.03178559
ASV_403	0.041487	0.06045376	0.03555210	0.02845372
ASV_480	0.042718	0.03587598	0.04326114	0.04901627
ASV_714	0.044049	0.01825496	0.07217756	0.04171332
ASV_388	0.042307	0.04292911	0.05117677	0.03281424
ASV_529	0.042154	0.03674328	0.04929055	0.04042961
ASV_530	0.042835	0.02390903	0.05606469	0.04853126
ASV_920	0.043234	0.02279977	0.06652743	0.04037415
ASV_381	0.042698	0.01138257	0.06663167	0.05007891
ASV_425	0.04142	0.04786617	0.04603594	0.03035770
ASV_444	0.041544	0.03903397	0.03241328	0.05318544
ASV_489	0.042384	0.03709309	0.05690475	0.03315274
ASV_586	0.042543	0.02328970	0.05681386	0.04752687
ASV_351	0.040234	0.06183837	0.03287065	0.02599391
ASV_391	0.041597	0.02860763	0.04321843	0.05296554
ASV_395	0.039949	0.04769619	0.04207728	0.03007258
ASV_402	0.041399	0.03215686	0.04364586	0.04839500
ASV_404	0.040479	0.04879372	0.03373803	0.03890590
ASV_434	0.041556	0.02607781	0.05420308	0.04438695
ASV_363	0.040823	0.02484547	0.03862030	0.05900383
ASV_366	0.040546	0.03065527	0.04629127	0.04469073
ASV_389	0.041277	0.01664123	0.05679995	0.05039021
ASV_394	0.040791	0.02174087	0.03702999	0.06360304
ASV_1160	0.040809	0.02903281	0.05710424	0.03628871
ASV_439	0.040972	0.04066952	0.04377625	0.03847082
ASV_440	0.041446	0.07111116	0.04189217	0.01133606
ASV_534	0.041356	0.05899706	0.04774981	0.01732014
ASV_386	0.039855	0.03140578	0.04922533	0.03893382
ASV_393	0.04069	0.02514867	0.06224934	0.03467157
ASV_527	0.040153	0.02663501	0.05214288	0.04168022
ASV_746	0.040401	0.01561687	0.06106972	0.04451775
ASV_414	0.039035	0.03098112	0.04588469	0.04023899
ASV_429	0.037186	0.073843375	0.009259336	0.028455611
ASV_450	0.039466	0.04518229	0.03851721	0.03469798
ASV_1150	0.038981	0.03582798	0.05102315	0.03009053
ASV_372	0.038514	0.04297511	0.03086628	0.04170132
ASV_399	0.038758	0.03300122	0.03406533	0.04920682
ASV_401	0.038086	0.03427380	0.02737476	0.05260963
ASV_454	0.038919	0.04054230	0.03737133	0.03884456
ASV_538	0.038669	0.03523404	0.04509346	0.03567912
ASV_1125	0.039087	0.04593985	0.05435310	0.01696914
ASV_1493	0.039053	0.02530516	0.06442201	0.02743322
ASV_373	0.039335	0.009043848	0.074548827	0.034411562
ASV_376	0.038666	0.03642868	0.03760692	0.04196090
ASV_431	0.036137	0.07068977	0.02357198	0.01415062
ASV_476	0.038054	0.04094906	0.03289165	0.04032041
ASV_484	0.039365	0.02130121	0.06360791	0.03318521
ASV_509	0.038195	0.03265680	0.03899218	0.04293511
ASV_702	0.038972	0.02911884	0.05759964	0.03019784
ASV_585	0.038318	0.03633936	0.04538783	0.03322590
ASV_1017	0.037905	0.02790322	0.05853078	0.02728194
ASV_1068	0.037553	0.04011960	0.04659834	0.02594178
ASV_397	0.03721	0.02277264	0.04444376	0.04441427
ASV_416	0.037156	0.03792908	0.04173652	0.03180167
ASV_421	0.037906	0.03752891	0.04901646	0.02717374
ASV_465	0.036826	0.03934384	0.03240095	0.03873460
ASV_467	0.036778	0.03762483	0.03381540	0.03889430
ASV_495	0.037605	0.02796210	0.04487249	0.03997913
ASV_532	0.039113	0.01097309	0.09491881	0.01144595
ASV_554	0.037247	0.03027680	0.04150706	0.03995722
ASV_563	0.037422	0.03953959	0.03276902	0.03995822
ASV_711	0.037467	0.04374657	0.04148804	0.02716689
ASV_962	0.037278	0.03754514	0.03955533	0.03473501
ASV_426	0.037765	0.04557707	0.04056277	0.02715521
ASV_432	0.036832	0.03387376	0.03361027	0.04301195
ASV_506	0.037274	0.01540021	0.04782603	0.04859628
ASV_630	0.035869	0.04586522	0.03203718	0.02970538
ASV_737	0.037345	0.03616692	0.05272334	0.02314377
ASV_842	0.036634	0.03475477	0.02627051	0.04887674
ASV_1309	0.036895	0.01399731	0.04645248	0.05023641
ASV_1459	0.035961	0.04438091	0.02450276	0.03899948
ASV_1520	0.036156	0.03250051	0.04158602	0.03438097
ASV_505	0.036067	0.03453513	0.04787489	0.02579216
ASV_858	0.035318	0.03389625	0.02912847	0.04292926
ASV_407	0.035631	0.03693973	0.03834052	0.03161327
ASV_418	0.035935	0.02527768	0.05383764	0.02868884
ASV_423	0.035482	0.03578719	0.04917444	0.02148465
ASV_464	0.035248	0.02860138	0.03833501	0.03880819
ASV_717	0.035255	0.02516933	0.02917779	0.05141803
ASV_743	0.034519	0.05171720	0.02600909	0.02583213
ASV_483	0.034922	0.03467727	0.04004345	0.03004642
ASV_608	0.035948	0.01687006	0.06673394	0.02423889
ASV_413	0.03342	0.03890518	0.02134485	0.04001031
ASV_430	0.03442	0.007120081	0.031195681	0.064944658
ASV_561	0.035017	0.02838581	0.04806833	0.02859540
ASV_607	0.033397	0.06714422	0.01256633	0.02048192
ASV_612	0.035272	0.007382883	0.055518304	0.042913454
ASV_435	0.034301	0.03106090	0.03569644	0.03614703
ASV_442	0.034175	0.01816301	0.04297112	0.04139177
ASV_542	0.033762	0.03826951	0.03390120	0.02911388
ASV_632	0.033977	0.02010553	0.02441258	0.05741383
ASV_683	0.033768	0.03123527	0.04144407	0.02862374
ASV_826	0.034511	0.03438137	0.03746772	0.03168245
ASV_940	0.034212	0.009413368	0.045855189	0.047367777
ASV_1046	0.032868	0.04413119	0.02465170	0.02982228
ASV_462	0.0335	0.03083884	0.02930584	0.04035455
ASV_498	0.033219	0.03267997	0.03825805	0.02871821
ASV_537	0.033858	0.03282334	0.03683225	0.03191951
ASV_781	0.033833	0.03034744	0.04509129	0.02605957
ASV_974	0.034666	0.01011725	0.06625351	0.02762848
ASV_1409	0.032515	0.03823886	0.02481223	0.03449463
ASV_468	0.034142	0.02708450	0.05254964	0.02279183
ASV_497	0.031616	0.04463093	0.02745231	0.02276616
ASV_518	0.033406	0.02380713	0.05610989	0.02029991
ASV_536	0.033373	0.01689138	0.03417020	0.04905776
ASV_553	0.033682	0.01286506	0.04770420	0.04047788
ASV_742	0.032896	0.02752368	0.03852156	0.03264206
ASV_1259	0.033037	0.01815685	0.05225599	0.02869745
ASV_446	0.032403	0.046749296	0.040506505	0.009952053
ASV_458	0.032325	0.02459916	0.03367955	0.03869680
ASV_477	0.032779	0.02144785	0.03531485	0.04157310
ASV_591	0.032624	0.02972324	0.03084255	0.03730627
ASV_871	0.032931	0.01315758	0.03234585	0.05328985
ASV_420	0.032753	0.02461457	0.04632858	0.02731582
ASV_441	0.03176	0.02841407	0.03249869	0.03436775
ASV_449	0.031051	0.04549738	0.02190350	0.02575063
ASV_460	0.030913	0.03829912	0.02442177	0.03001876
ASV_507	0.031977	0.03363044	0.03237118	0.02992942
ASV_584	0.031706	0.04575032	0.02642608	0.02294256
ASV_590	0.031576	0.03079142	0.03508794	0.02884871
ASV_603	0.032431	0.03081873	0.02780517	0.03867041
ASV_1149	0.032328	0.01762587	0.04801796	0.03134013
ASV_443	0.03157	0.03658245	0.02934608	0.02878242
ASV_528	0.031515	0.05870323	0.02295979	0.01288106
ASV_547	0.030638	0.04852388	0.02768155	0.01570734
ASV_580	0.032159	0.03008264	0.04636873	0.02002586
ASV_604	0.031259	0.03054306	0.02755577	0.03567962
ASV_1450	0.031075	0.03627708	0.03685338	0.02009447
ASV_451	0.031885	0.01829831	0.05579512	0.02156233
ASV_473	0.031717	0.03290914	0.04654768	0.01569416
ASV_494	0.031264	0.02355598	0.04286948	0.02736733
ASV_500	0.030965	0.02769089	0.03397562	0.03122827
ASV_511	0.030895	0.04246670	0.03417997	0.01603884
ASV_569	0.031996	0.008797536	0.053907371	0.033282557
ASV_750	0.031507	0.01018755	0.04586686	0.03846621
ASV_956	0.030673	0.03682495	0.02612495	0.02906989
ASV_999	0.031586	0.01974883	0.04199782	0.03301172
ASV_1151	0.030738	0.03828654	0.03244585	0.02148075
ASV_447	0.030763	0.02134702	0.03518876	0.03575232
ASV_455	0.030236	0.02878361	0.02316185	0.03876312
ASV_466	0.029591	0.04403805	0.01065963	0.03407528
ASV_482	0.030742	0.02568796	0.03038104	0.03615692
ASV_502	0.030295	0.03102732	0.03239049	0.02746794
ASV_519	0.031302	0.01804716	0.06318270	0.01267493
ASV_550	0.032043	0.004339901	0.068820720	0.022969419
ASV_1002	0.030277	0.02211707	0.03715359	0.03156024
ASV_1162	0.02999	0.03913735	0.02318094	0.02765149
ASV_1246	0.03019	0.03338540	0.03551171	0.02167324
ASV_574	0.030477	0.02837567	0.04302330	0.02003218
ASV_588	0.029877	0.02244872	0.03420751	0.03297527
ASV_673	0.030147	0.02042511	0.03859718	0.03141903
ASV_731	0.028824	0.04245841	0.01984942	0.02416329
ASV_837	0.030316	0.02155214	0.03910562	0.03029045
ASV_917	0.030125	0.05277269	0.01885387	0.01874794
ASV_936	0.029595	0.03862061	0.02464028	0.02552289
ASV_1376	0.030325	0.02934254	0.03568186	0.02595049
ASV_1506	0.030176	0.01942525	0.04661318	0.02449027
ASV_515	0.029598	0.01948390	0.03232449	0.03698556
ASV_578	0.029481	0.02918948	0.03065097	0.02860121
ASV_594	0.029499	0.02651751	0.02771357	0.03426573
ASV_599	0.030523	0.009268338	0.073652491	0.008648896
ASV_620	0.029467	0.02481553	0.03055345	0.03303269
ASV_701	0.03015	0.02148290	0.04329398	0.02567400
ASV_800	0.029758	0.02568650	0.02771440	0.03587451
ASV_875	0.030076	0.02846165	0.03426586	0.02750156
ASV_1036	0.029119	0.02632143	0.03951122	0.02152507
ASV_1241	0.029447	0.03436535	0.03677893	0.01719525
ASV_1491	0.029864	0.01481832	0.05455378	0.02022059
ASV_524	0.029089	0.03082354	0.02783383	0.02860829
ASV_555	0.029189	0.02090121	0.03093847	0.03572749
ASV_562	0.029461	0.02272927	0.03538531	0.03026976
ASV_615	0.029584	0.02471354	0.03263929	0.03139776
ASV_638	0.030422	0.01136873	0.06547426	0.01442449
ASV_677	0.029739	0.01404236	0.04797452	0.02720095
ASV_681	0.029337	0.03224147	0.03862428	0.01714668
ASV_738	0.028973	0.02220310	0.03183674	0.03288032
ASV_481	0.028549	0.02856852	0.03102117	0.02605848
ASV_493	0.028927	0.01830485	0.03995624	0.02852003
ASV_508	0.028693	0.02200909	0.03367268	0.03039632
ASV_531	0.029011	0.01224728	0.04027367	0.03451062
ASV_919	0.028409	0.02605652	0.02759209	0.03157964
ASV_457	0.028292	0.00414594	0.04362585	0.03710384
ASV_487	0.027395	0.02511025	0.02141035	0.03566454
ASV_488	0.027709	0.03250789	0.02757373	0.02304474
ASV_490	0.027936	0.03018916	0.02480478	0.02881300
ASV_551	0.028176	0.02435600	0.03581241	0.02436009
ASV_568	0.029757	0.000000000	0.080573024	0.008697129
ASV_573	0.028069	0.02489990	0.02757267	0.03173538
ASV_587	0.027639	0.01319146	0.02873835	0.04098740
ASV_600	0.028287	0.02116225	0.02793425	0.03576377
ASV_649	0.028274	0.03252451	0.03384879	0.01844723
ASV_937	0.028326	0.01503166	0.03830429	0.03164215
ASV_1155	0.02555	0.061402368	0.012311158	0.002936145
ASV_1372	0.028324	0.01568760	0.04634122	0.02294428
ASV_611	0.027681	0.02241213	0.02438959	0.03624224
ASV_633	0.02848	0.02276756	0.04983550	0.01283803
ASV_642	0.027149	0.03422433	0.02006626	0.02715592
ASV_754	0.027448	0.02773906	0.01861544	0.03598977
ASV_868	0.028475	0.004057344	0.052642892	0.028724036
ASV_1004	0.027006	0.03251020	0.03123661	0.01726992
ASV_1016	0.027405	0.03016340	0.03902082	0.01302987
ASV_1273	0.027018	0.02340802	0.02470441	0.03294306
ASV_1375	0.027703	0.01987494	0.03726969	0.02596316
ASV_1429	0.027471	0.02828684	0.03255637	0.02157005
ASV_1456	0.027698	0.02883977	0.03267810	0.02157572
ASV_472	0.027475	0.02469898	0.04764572	0.01008029
ASV_675	0.027306	0.005786535	0.021682128	0.054448383
ASV_676	0.027402	0.01248875	0.03816286	0.03155345
ASV_918	0.027105	0.02942320	0.02750923	0.02438396
ASV_558	0.026799	0.003101064	0.015332409	0.061963657
ASV_559	0.026898	0.02532568	0.03520126	0.02016719
ASV_595	0.027358	0.01161889	0.03594811	0.03450837
ASV_639	0.026621	0.02176724	0.03246164	0.02563453
ASV_652	0.026309	0.03434567	0.02016981	0.02441038
ASV_782	0.026887	0.01964393	0.03372368	0.02729255
ASV_1086	0.026828	0.01538548	0.04801211	0.01708519
ASV_1129	0.025906	0.02422292	0.02626914	0.02722614
ASV_501	0.026207	0.02306553	0.03252714	0.02302820
ASV_521	0.026307	0.01499945	0.02939004	0.03453243
ASV_546	0.026905	0.01095779	0.05084234	0.01891591
ASV_557	0.025563	0.03393557	0.01680583	0.02594673
ASV_626	0.025832	0.02929324	0.01823748	0.02996513
ASV_659	0.02688	0.02273397	0.03908029	0.01882457
ASV_706	0.026145	0.03039312	0.02651652	0.02152507
ASV_786	0.026935	0.010732568	0.065845091	0.004228287
ASV_525	0.025571	0.01883681	0.02463350	0.03324386
ASV_544	0.025269	0.04008482	0.02281438	0.01290812
ASV_552	0.025653	0.02042198	0.02933132	0.02720470
ASV_613	0.02648	0.01160970	0.04491654	0.02291372
ASV_712	0.026162	0.005656768	0.042349665	0.030480542
ASV_846	0.025848	0.01744986	0.02282800	0.03726648
ASV_884	0.026119	0.02428127	0.03536225	0.01871341
ASV_1128	0.025493	0.01805039	0.03242637	0.02600085
ASV_1242	0.025505	0.01344011	0.04153902	0.02153468
ASV_1254	0.02487	0.02159942	0.02438337	0.02862700
ASV_522	0.025876	0.01140213	0.04468880	0.02153674
ASV_540	0.025152	0.01929760	0.02465252	0.03150649
ASV_575	0.025168	0.02521790	0.02018762	0.03009944
ASV_598	0.026733	0.001291189	0.078908281	0.000000000
ASV_624	0.025731	0.01554784	0.03567705	0.02596661
ASV_643	0.025703	0.008910623	0.027856578	0.040341492
ASV_662	0.025744	0.01947279	0.02309763	0.03466010
ASV_664	0.024682	0.02971410	0.01994020	0.02439165
ASV_700	0.025052	0.02749435	0.02766274	0.02000004
ASV_720	0.025841	0.005743756	0.057378188	0.014399606
ASV_963	0.025325	0.02314900	0.03687066	0.01595400
ASV_972	0.025722	0.01804428	0.04326014	0.01586261
ASV_997	0.025425	0.02342428	0.03700714	0.01584444
ASV_1214	0.024792	0.02183109	0.03261290	0.01993220
ASV_1244	0.024893	0.01636786	0.03823267	0.02007940
ASV_1341	0.025004	0.008186373	0.046745856	0.020079693
ASV_475	0.025289	0.019858988	0.047448825	0.008559092
ASV_510	0.025184	0.007447078	0.034307355	0.033797638
ASV_541	0.025306	0.008423918	0.040051213	0.027443892
ASV_581	0.025062	0.02532544	0.03131734	0.01854187
ASV_617	0.025024	0.02625102	0.03878029	0.01004167
ASV_618	0.024698	0.02479551	0.03090179	0.01839795
ASV_708	0.024839	0.04272755	0.02161260	0.01017800
ASV_784	0.023773	0.047036420	0.018579063	0.005703484
ASV_829	0.025221	0.01554400	0.03568366	0.02443665
ASV_1020	0.024021	0.02692412	0.02646983	0.01866946
ASV_1351	0.024675	0.02117589	0.03697426	0.01587482
ASV_539	0.024116	0.02229412	0.02131320	0.02874080
ASV_564	0.023741	0.02408274	0.02162566	0.02551367
ASV_667	0.024366	0.02330497	0.03130329	0.01848864
ASV_686	0.024518	0.02562401	0.02928103	0.01864769
ASV_690	0.02425	0.02509732	0.02465072	0.02300111
ASV_691	0.024017	0.02091747	0.01996354	0.03117096
ASV_725	0.023473	0.02898770	0.01692145	0.02450875
ASV_757	0.024276	0.01645300	0.02314898	0.03322602
ASV_851	0.023674	0.02141361	0.01528394	0.03432464
ASV_880	0.024199	0.02628826	0.02339846	0.02290925
ASV_1200	0.023725	0.02461549	0.03079660	0.01576184
ASV_1231	0.023651	0.02173525	0.02929388	0.01992346
ASV_1301	0.023817	0.02758560	0.02947578	0.01439053
ASV_1303	0.023854	0.01854197	0.01551994	0.03749899
ASV_1410	0.023481	0.01857785	0.02466988	0.02719398
ASV_1411	0.023796	0.02234154	0.02447266	0.02457353
ASV_1487	0.02369	0.005511468	0.010761664	0.054797446
ASV_1526	0.024678	0.004226814	0.046846627	0.022961473
ASV_576	0.022816	0.050558648	0.009266034	0.008622436
ASV_628	0.023356	0.02866233	0.01853967	0.02286660
ASV_678	0.024316	0.008239146	0.041557745	0.023150034
ASV_696	0.023881	0.01647632	0.02777704	0.02738925
ASV_716	0.024024	0.01262140	0.02631426	0.03313625
ASV_730	0.024035	0.03584577	0.02320681	0.01305305
ASV_763	0.023787	0.03334177	0.02642928	0.01159036
ASV_859	0.023246	0.02238850	0.02028118	0.02706902
ASV_971	0.024046	0.00653317	0.04144368	0.02415986
ASV_992	0.024239	0.02306660	0.02947402	0.02017543
ASV_1021	0.024657	0.000000000	0.072579251	0.001392602
ASV_1049	0.023249	0.02052033	0.02652605	0.02269957
ASV_1091	0.023167	0.03657034	0.02126716	0.01166304
ASV_1258	0.023001	0.02616499	0.02282237	0.02001673
ASV_1322	0.023859	0.01371479	0.04337061	0.01449288
ASV_582	0.023691	0.01265192	0.03237409	0.02604755
ASV_589	0.023592	0.02271336	0.02501749	0.02304390
ASV_619	0.023396	0.02647204	0.02486568	0.01885034
ASV_666	0.023551	0.02721870	0.02755396	0.01588031
ASV_890	0.023526	0.01844561	0.03191435	0.02021849
ASV_904	0.023281	0.01738895	0.03387329	0.01858084
ASV_1083	0.023126	0.01107183	0.02946254	0.02884234
ASV_1134	0.021983	0.02809886	0.02184938	0.01600220
ASV_1191	0.023187	0.01254319	0.03687231	0.02014607
ASV_1286	0.022787	0.02496998	0.02330191	0.02009042
ASV_654	0.022746	0.01897729	0.02620644	0.02305501
ASV_658	0.022785	0.02917872	0.02630862	0.01286775
ASV_734	0.02092	0.04922062	0.00923362	0.00430571
ASV_768	0.023047	0.02360937	0.03252457	0.01300683
ASV_821	0.022846	0.02566855	0.01693507	0.02593541
ASV_840	0.021768	0.03413883	0.01537852	0.01578603
ASV_1019	0.022946	0.005696472	0.038810818	0.024329943
ASV_1142	0.022296	0.02083080	0.02296267	0.02309398
ASV_1315	0.022213	0.01790252	0.02157725	0.02715781
ASV_1403	0.022342	0.02169456	0.03239471	0.01293691
ASV_512	0.022798	0.01000278	0.03059718	0.02779525
ASV_533	0.022461	0.01491991	0.03100215	0.02146197
ASV_565	0.022174	0.01465961	0.02316426	0.02869877
ASV_616	0.021805	0.050722973	0.004636092	0.010054672
ASV_622	0.022834	0.004291009	0.032466585	0.031745292
ASV_623	0.022905	0.01011725	0.03395758	0.02463967
ASV_635	0.022339	0.02669225	0.02460681	0.01571804
ASV_636	0.022335	0.01471173	0.03361029	0.01868405
ASV_644	0.022404	0.01935526	0.02180628	0.02605160
ASV_687	0.022694	0.01454878	0.02349711	0.03003697
ASV_710	0.022526	0.01268295	0.02464539	0.03025003
ASV_905	0.022717	0.01287156	0.03543193	0.01984725
ASV_929	0.022866	0.01098839	0.03109518	0.02651297
ASV_991	0.022331	0.02047505	0.02796366	0.01855389
ASV_1078	0.022248	0.01367989	0.03997457	0.01309101
ASV_1245	0.022043	0.01237244	0.02786260	0.02589503
ASV_1495	0.021901	0.02028151	0.03239614	0.01302571
ASV_1516	0.02184	0.01499522	0.02769501	0.02282888
ASV_593	0.022481	0.01189088	0.02821027	0.02734135
ASV_602	0.021455	0.03366104	0.01085882	0.01984379
ASV_645	0.022034	0.01122978	0.03197168	0.02290017
ASV_660	0.021173	0.02985487	0.01225281	0.02141020
ASV_661	0.022567	0.02423747	0.02771927	0.01574498
ASV_688	0.022209	0.02437294	0.02939026	0.01286449
ASV_713	0.021629	0.02152220	0.02913952	0.01422563
ASV_769	0.021516	0.02617540	0.01840477	0.01996795
ASV_794	0.021554	0.02508737	0.01974711	0.01982751
ASV_899	0.022087	0.009592258	0.030695171	0.025974638
ASV_1249	0.022027	0.005734988	0.037184578	0.023160691
ASV_1467	0.021457	0.02135451	0.02291177	0.02010517
ASV_1470	0.021309	0.006955448	0.024368834	0.032603914
ASV_606	0.022115	0.006775602	0.035998939	0.023569574
ASV_647	0.021497	0.009612396	0.021845972	0.033032860
ASV_656	0.020819	0.01646285	0.02440983	0.02158331
ASV_693	0.021386	0.01205213	0.02612139	0.02598479
ASV_694	0.02192	0.01615739	0.03239359	0.01720866
ASV_695	0.019036	0.055521124	0.001586395	0.000000000
ASV_745	0.021349	0.02198711	0.01731943	0.02474032
ASV_753	0.021677	0.005261546	0.033809759	0.025959283
ASV_791	0.021376	0.02076007	0.02763214	0.01573590
ASV_801	0.020828	0.02984994	0.01684958	0.01578344
ASV_830	0.021422	0.019069040	0.007853628	0.037343522
ASV_864	0.021188	0.02184569	0.02158283	0.02013506
ASV_873	0.021615	0.01883714	0.02156844	0.02444060
ASV_895	0.021496	0.02093489	0.03071162	0.01284215
ASV_958	0.02163	0.009407486	0.035709227	0.019773215
ASV_985	0.021868	0.008836052	0.030815227	0.025953105
ASV_1109	0.02097	0.02139019	0.02292629	0.01859300
ASV_1330	0.02128	0.009555782	0.032568400	0.021716558
ASV_1365	0.021239	0.02266389	0.02820266	0.01285024
ASV_665	0.021272	0.02023027	0.02923105	0.01435581
ASV_715	0.020667	0.01608668	0.03315634	0.01275836
ASV_741	0.020378	0.03160120	0.01249611	0.01703765
ASV_771	0.021135	0.01424974	0.02911051	0.02004403
ASV_772	0.020517	0.03314539	0.01252828	0.01587600
ASV_815	0.021292	0.002841721	0.028027918	0.033004880
ASV_835	0.020459	0.02689357	0.02016515	0.01431819
ASV_878	0.021165	0.01297692	0.01713890	0.03337859
ASV_906	0.022139	0.001550532	0.064865056	0.000000000
ASV_910	0.020992	0.01849635	0.02318792	0.02129236
ASV_949	0.02079	0.02076376	0.01843749	0.02317023
ASV_986	0.021067	0.01416114	0.02316755	0.02587181
ASV_1099	0.020686	0.01976774	0.02641109	0.01587873
ASV_1465	0.020809	0.02059370	0.02618733	0.01564469
ASV_648	0.020752	0.01145160	0.03069517	0.02010877
ASV_650	0.02021	0.02495817	0.02005380	0.01561775
ASV_672	0.021377	0.005913457	0.052429765	0.005786582
ASV_778	0.01994	0.03589217	0.01096213	0.01296562
ASV_856	0.019112	0.042378592	0.007673699	0.007284647
ASV_863	0.020509	0.01635095	0.02928285	0.01589180
ASV_945	0.020363	0.03019016	0.02509720	0.00580119
ASV_1073	0.021158	0.008653934	0.050604587	0.004216434
ASV_1205	0.020463	0.001397741	0.036897642	0.023094886
ASV_1353	0.019561	0.02193475	0.01248378	0.02426547
ASV_1358	0.020157	0.01275486	0.02761020	0.02010546
ASV_1389	0.01997	0.01517380	0.02463328	0.02010328
ASV_1406	0.019977	0.01979995	0.02013672	0.01999439
ASV_1441	0.020115	0.01519587	0.03068748	0.01446110
ASV_1528	0.020298	0.01596225	0.02769501	0.01723627
ASV_657	0.0198	0.01329020	0.02894328	0.01716520
ASV_758	0.017686	0.04565088	0.00310196	0.00430571
ASV_767	0.019605	0.01874917	0.02282261	0.01724456
ASV_770	0.020241	0.01892848	0.02047049	0.02132399
ASV_825	0.019868	0.02667645	0.01862996	0.01429814
ASV_911	0.020026	0.01257274	0.02599342	0.02151238
ASV_1024	0.0195	0.004184456	0.018352054	0.035964895
ASV_1056	0.020167	0.006999504	0.042113527	0.011386875
ASV_1076	0.019738	0.005590965	0.026231335	0.027392400
ASV_1104	0.019631	0.01735042	0.01844319	0.02309955
ASV_1280	0.01985	0.002884079	0.027913371	0.028751080
ASV_1355	0.01985	0.01839183	0.02958396	0.01157560
ASV_1419	0.019501	0.01093169	0.02465170	0.02291883
ASV_1423	0.01999	0.00728552	0.03085029	0.02183414
ASV_609	0.019075	0.02052190	0.01538034	0.02132401
ASV_682	0.019471	0.01368546	0.02025349	0.02447465
ASV_685	0.019626	0.01812756	0.02491021	0.01583957
ASV_697	0.018209	0.05462576	0.00000000	0.00000000
ASV_707	0.019685	0.01512940	0.03092073	0.01300583
ASV_727	0.020549	0.004651595	0.056994967	0.000000000
ASV_729	0.019641	0.01275686	0.01095574	0.03521038
ASV_838	0.019927	0.005896546	0.036624249	0.017260764
ASV_839	0.019738	0.01549511	0.02641208	0.01730538
ASV_901	0.019452	0.007071189	0.018401613	0.032883071
ASV_916	0.019448	0.01142332	0.01394739	0.03297470
ASV_1145	0.019704	0.008417384	0.040363282	0.010332099
ASV_1213	0.01928	0.006098229	0.023059217	0.028681812
ASV_1224	0.01913	0.01599542	0.02004808	0.02134767
ASV_1271	0.019424	0.01292272	0.02663773	0.01871132
ASV_614	0.018666	0.02188052	0.01686318	0.01725540
ASV_627	0.01925	0.007276331	0.024516128	0.025958043
ASV_651	0.019207	0.01816443	0.02933412	0.01012345
ASV_764	0.018256	0.032339180	0.012554610	0.009872881
ASV_785	0.019304	0.02155373	0.03635791	0.00000000
ASV_792	0.019282	0.01410613	0.02937110	0.01436907
ASV_793	0.018785	0.01815471	0.01679266	0.02140675
ASV_819	0.01934	0.02234120	0.02384584	0.01183184
ASV_833	0.019188	0.01265457	0.02762942	0.01727892
ASV_889	0.018649	0.02610253	0.01384514	0.01599847
ASV_902	0.018796	0.02638121	0.01390815	0.01609993
ASV_915	0.018629	0.02324897	0.01840898	0.01422804
ASV_932	0.018583	0.02603503	0.01823109	0.01148374
ASV_1015	0.019094	0.010977925	0.042023611	0.004281521
ASV_1096	0.018591	0.01486257	0.02782845	0.01308325
ASV_1135	0.018322	0.02530370	0.01528808	0.01437281
ASV_1194	0.018539	0.01961760	0.02031628	0.01568231
ASV_1240	0.019243	0.001446634	0.041925261	0.014356734
ASV_1251	0.018511	0.01501347	0.02314402	0.01737579
ASV_1326	0.018503	0.01055953	0.02485780	0.02009143
ASV_1340	0.018524	0.009617705	0.023135137	0.022819969
ASV_1348	0.018653	0.01702726	0.02174869	0.01718206
ASV_653	0.018876	0.01287037	0.02639763	0.01735960
ASV_655	0.018049	0.009617705	0.007538736	0.036990211
ASV_703	0.018159	0.01627722	0.01231573	0.02588282
ASV_709	0.01845	0.009627125	0.018399355	0.027324055
ASV_721	0.018136	0.02064911	0.01672876	0.01703046
ASV_722	0.018404	0.01712021	0.01519957	0.02289313
ASV_751	0.018371	0.02232121	0.01542302	0.01736994
ASV_806	0.01855	0.02616510	0.01673485	0.01274978
ASV_1038	0.018316	0.02323470	0.02012943	0.01158387
ASV_1050	0.01805	0.01436936	0.01709303	0.02268840
ASV_1137	0.017538	0.02143752	0.01238686	0.01878999
ASV_1168	0.018098	0.01114544	0.02606478	0.01708351
ASV_631	0.018134	0.008217309	0.024716202	0.021467189
ASV_663	0.018282	0.01434752	0.02494605	0.01555182
ASV_669	0.01796	0.02065394	0.01877673	0.01444908
ASV_699	0.018196	0.01729967	0.01980463	0.01748293
ASV_724	0.017854	0.01959604	0.01245018	0.02151696
ASV_726	0.018268	0.01022115	0.02004130	0.02454022
ASV_739	0.017826	0.02950569	0.01084573	0.01312516
ASV_756	0.017821	0.02187152	0.02142769	0.01016430
ASV_796	0.018264	0.01139925	0.02033552	0.02305854
ASV_861	0.018004	0.01503792	0.02467209	0.01430089
ASV_907	0.018546	0.005550216	0.035684857	0.014401853
ASV_922	0.018682	0.015089726	0.035133123	0.005822648
ASV_1064	0.01705	0.025635585	0.018392374	0.007122692
ASV_1285	0.017353	0.01834455	0.01236687	0.02134784
ASV_1360	0.017069	0.02893004	0.01224490	0.01003063
ASV_1432	0.017816	0.01750013	0.01872395	0.01722428
ASV_1482	0.017162	0.031862815	0.016760783	0.002862459
ASV_728	0.017733	0.02150327	0.02019544	0.01149950
ASV_735	0.017372	0.000000000	0.003185269	0.048931503
ASV_740	0.017423	0.01507136	0.01995101	0.01724746
ASV_748	0.017303	0.026536805	0.016761086	0.008610269
ASV_779	0.017551	0.01528808	0.02002822	0.01733558
ASV_799	0.018416	0.004651595	0.050597880	0.000000000
ASV_807	0.017757	0.01250927	0.02794643	0.01281569
ASV_808	0.017043	0.02303525	0.01221957	0.01587430
ASV_817	0.017253	0.02182721	0.01726717	0.01266391
ASV_912	0.017745	0.01253892	0.02352094	0.01717521
ASV_938	0.017212	0.02324121	0.01551333	0.01288235
ASV_957	0.017355	0.02100946	0.01543169	0.01562359
ASV_981	0.018152	0.001550532	0.035598403	0.017307632
ASV_1065	0.017131	0.01098058	0.02325366	0.01715770
ASV_1161	0.01735	0.01144676	0.02320703	0.01739483
ASV_1235	0.017087	0.01374739	0.02176229	0.01575083
ASV_1369	0.016811	0.01088667	0.01514167	0.02440605
ASV_1408	0.017032	0.009355708	0.024568305	0.017173457
ASV_755	0.017174	0.007026177	0.019823200	0.024673588
ASV_760	0.017466	0.00000000	0.03073471	0.02166399
ASV_774	0.017002	0.01252788	0.01990673	0.01857106
ASV_789	0.017213	0.005743756	0.024260648	0.021633296
ASV_803	0.017009	0.01540159	0.01837823	0.01724815
ASV_816	0.016965	0.020517410	0.023212968	0.007164432
ASV_874	0.016957	0.01813515	0.01843530	0.01429915
ASV_898	0.017275	0.006999504	0.024876430	0.019949923
ASV_1058	0.016472	0.01364767	0.01861544	0.01715287
ASV_1253	0.016103	0.01457125	0.01230858	0.02142837
ASV_1380	0.016463	0.01519071	0.01565048	0.01854788
ASV_1397	0.017187	0.004288354	0.031343588	0.015929951
ASV_1402	0.016947	0.006841405	0.032661788	0.011336395
ASV_1473	0.01671	0.01544887	0.02020574	0.01447453
ASV_818	0.016897	0.019018298	0.023075450	0.008598247
ASV_824	0.016472	0.01225475	0.01858378	0.01857777
ASV_828	0.016273	0.01225186	0.01382063	0.02274628
ASV_923	0.016239	0.01911990	0.01544378	0.01415405
ASV_948	0.016534	0.01427679	0.01253498	0.02279095
ASV_1013	0.015827	0.01735338	0.01856515	0.01156217
ASV_1014	0.016236	0.005683442	0.024413036	0.018610197
ASV_1103	0.016316	0.01453518	0.02013672	0.01427527
ASV_1110	0.016173	0.009740786	0.021532078	0.017245903
ASV_1113	0.016172	0.01096778	0.02174199	0.01580648
ASV_1116	0.016513	0.009941664	0.026565983	0.013031023
ASV_1174	0.016061	0.01642648	0.02595590	0.00580119
ASV_1184	0.016171	0.01414584	0.01849153	0.01587516
ASV_1209	0.016307	0.01280576	0.02462576	0.01148975
ASV_1289	0.01599	0.01093457	0.01672770	0.02030645
ASV_1347	0.016428	0.01467878	0.02166501	0.01293885
ASV_1352	0.016173	0.01138522	0.02147228	0.01566186
ASV_1451	0.016093	0.01408818	0.01558355	0.01860763
ASV_1527	0.017088	0.004394907	0.045424538	0.001443251
ASV_719	0.01485	0.030959207	0.009324836	0.004266914
ASV_747	0.015943	0.01621014	0.01848199	0.01313807
ASV_841	0.016079	0.01541807	0.01695867	0.01585906
ASV_872	0.016334	0.01555011	0.02323942	0.01021394
ASV_896	0.015476	0.02006588	0.01088454	0.01547902
ASV_926	0.015975	0.01099000	0.01238686	0.02454781
ASV_960	0.016213	0.009572119	0.027607124	0.011459027
ASV_1026	0.016212	0.01085372	0.01902657	0.01875517
ASV_1028	0.014717	0.028015937	0.006145266	0.009990850
ASV_1043	0.015679	0.01224632	0.02327095	0.01151926
ASV_1059	0.015913	0.00692612	0.02921111	0.01160137
ASV_1063	0.015999	0.004184456	0.026553807	0.017258304
ASV_1180	0.01569	0.005520889	0.019990557	0.021559623
ASV_1217	0.0154	0.01769776	0.01548791	0.01301526
ASV_1226	0.015663	0.02180501	0.01392045	0.01126446
ASV_1302	0.015544	0.01244540	0.01848695	0.01569952
ASV_1438	0.015611	0.01850223	0.01689423	0.01143635
ASV_1479	0.015402	0.02393324	0.01223385	0.01003791
ASV_1489	0.016535	0.005841540	0.039472309	0.004289951
ASV_1515	0.015418	0.009180356	0.007801365	0.029271718
ASV_788	0.015365	0.012978971	0.030279855	0.002835854
ASV_802	0.01513	0.02128653	0.01979779	0.00430571
ASV_822	0.015513	0.01657969	0.01990040	0.01005884
ASV_852	0.015904	0.008628255	0.023284408	0.015799368
ASV_853	0.015615	0.009753816	0.021485756	0.015605895
ASV_869	0.015404	0.02085957	0.01532650	0.01002622
ASV_927	0.015849	0.01135301	0.02178102	0.01441387
ASV_947	0.01602	0.007382883	0.029224500	0.011452276
ASV_1008	0.015252	0.01461605	0.01682867	0.01431200
ASV_1009	0.014806	0.023487367	0.015277460	0.005652835
ASV_1030	0.01502	0.009121701	0.021499276	0.014438209
ASV_1034	0.015082	0.02282683	0.01089738	0.01152237
ASV_1057	0.014952	0.01414261	0.01078303	0.01992947
ASV_1069	0.014795	0.016239470	0.009311599	0.018833836
ASV_1084	0.015487	0.002582378	0.026632830	0.017247119
ASV_1263	0.015122	0.008158041	0.024280128	0.012927832
ASV_1298	0.015537	0.008619067	0.029396282	0.008595661
ASV_1325	0.014923	0.01259265	0.01075490	0.02142220
ASV_1337	0.014977	0.005471996	0.012008598	0.027450912
ASV_1359	0.015254	0.01606903	0.01536010	0.01433246
ASV_1407	0.01527	0.016699933	0.023334714	0.005774415
ASV_1437	0.014822	0.023701912	0.012214002	0.008548605
ASV_1471	0.014965	0.01225774	0.01693328	0.01570360
ASV_1517	0.014941	0.007022528	0.007718055	0.030082606
ASV_759	0.01465	0.021867214	0.009246857	0.012837316
ASV_775	0.015118	0.01118226	0.01841079	0.01575992
ASV_777	0.015206	0.01290089	0.01552048	0.01719566
ASV_787	0.014999	0.006524363	0.016927705	0.021545833
ASV_809	0.015047	0.01110574	0.02146086	0.01257464
ASV_827	0.015326	0.017487331	0.018543790	0.009946209
ASV_831	0.013583	0.039150455	0.001598874	0.000000000
ASV_844	0.015322	0.01574261	0.01860898	0.01161581
ASV_857	0.014828	0.019089998	0.016766416	0.008627438
ASV_887	0.015039	0.012999948	0.007539494	0.024578891
ASV_939	0.015352	0.007077302	0.024647127	0.014330085
ASV_946	0.015231	0.009481443	0.021652899	0.014557970
ASV_954	0.015036	0.01116558	0.01688814	0.01705415
ASV_1087	0.014828	0.004259027	0.015772514	0.024452529
ASV_1094	0.013985	0.025912795	0.004674897	0.011368002
ASV_1105	0.015002	0.014622396	0.024599807	0.005783851
ASV_1131	0.014739	0.005207113	0.024478532	0.014531026
ASV_1144	0.01485	0.002731288	0.022936062	0.018883120
ASV_1158	0.014709	0.005637203	0.017030105	0.021458306
ASV_1190	0.014858	0.008397245	0.023386495	0.012791499
ASV_1207	0.014802	0.006899065	0.026135368	0.011371600
ASV_1374	0.015036	0.008619067	0.023462139	0.013027286
ASV_1502	0.014719	0.004184456	0.021453342	0.018518185
ASV_820	0.014665	0.01852061	0.01237272	0.01310212
ASV_834	0.014412	0.01378283	0.01661197	0.01284229
ASV_876	0.014714	0.01399370	0.01562951	0.01452018
ASV_881	0.013937	0.030273103	0.003076023	0.008461745
ASV_886	0.014295	0.01927995	0.01225266	0.01135356
ASV_931	0.014696	0.009753585	0.017094545	0.017240607
ASV_959	0.014809	0.01135954	0.02295537	0.01011142
ASV_975	0.014775	0.008457087	0.021523784	0.014342774
ASV_984	0.014974	0.007034945	0.029288484	0.008598417
ASV_1085	0.014028	0.000000000	0.004610007	0.037473886
ASV_1108	0.014408	0.014501588	0.018762734	0.009960962
ASV_1177	0.014076	0.01255091	0.01387619	0.01580231
ASV_1232	0.013793	0.021875065	0.013780852	0.005722187
ASV_1233	0.014117	0.01354765	0.01878921	0.01001455
ASV_1299	0.014134	0.012716114	0.009375732	0.020310354
ASV_1305	0.014519	0.002844375	0.025017635	0.015694692
ASV_1357	0.014117	0.013721518	0.021471890	0.007158588
ASV_1363	0.014322	0.01037739	0.01970748	0.01288250
ASV_1435	0.014022	0.01390302	0.01540266	0.01276096
ASV_1494	0.014152	0.01258251	0.01690732	0.01296737
ASV_689	0.013737	0.018799055	0.013862584	0.008548605
ASV_780	0.014114	0.006813033	0.018506414	0.017021196
ASV_813	0.015032	0.007247004	0.037850002	0.000000000
ASV_823	0.01423	0.01290112	0.01682440	0.01296462
ASV_832	0.013926	0.008333050	0.009252945	0.024191453
ASV_883	0.014185	0.004217625	0.013984679	0.024354076
ASV_900	0.014428	0.005734988	0.021627331	0.015922049
ASV_933	0.014408	0.008402082	0.021653498	0.013167784
ASV_942	0.014431	0.00000000	0.00000000	0.04329392
ASV_973	0.013575	0.009089488	0.007627745	0.024008919
ASV_1012	0.013376	0.01598204	0.01702941	0.00711752
ASV_1039	0.013266	0.032034175	0.007763318	0.000000000
ASV_1040	0.013426	0.01644508	0.01236738	0.01146641
ASV_1070	0.013362	0.01322047	0.01245882	0.01440629
ASV_1079	0.013938	0.008893712	0.020033418	0.012885613
ASV_1097	0.013413	0.022540428	0.006139178	0.011558267
ASV_1111	0.013626	0.018051617	0.018546734	0.004278936
ASV_1152	0.013717	0.00865128	0.01686815	0.01563267
ASV_1157	0.013482	0.01073354	0.01528988	0.01442247
ASV_1182	0.013417	0.022116109	0.012450997	0.005682554
ASV_1188	0.01354	0.01372725	0.01374813	0.01314492
ASV_1223	0.013468	0.01372782	0.01080732	0.01586915
ASV_1252	0.013374	0.007901583	0.009312357	0.022906804
ASV_1269	0.013795	0.006098229	0.013960171	0.021325786
ASV_1297	0.013732	0.005592574	0.013837385	0.021764621
ASV_1306	0.013549	0.01213394	0.01258018	0.01593390
ASV_1310	0.013826	0.007103402	0.023040040	0.011333979
ASV_1345	0.014195	0.001550532	0.023598679	0.017435873
ASV_1418	0.013394	0.01064917	0.01240010	0.01713416
ASV_1434	0.013653	0.01548326	0.01835981	0.00711462
ASV_1444	0.013411	0.009546251	0.007994372	0.022691808
ASV_773	0.013652	0.01253499	0.01386332	0.01455881
ASV_811	0.013687	0.006958102	0.018352811	0.015750657
ASV_935	0.013502	0.01218705	0.01388295	0.01443565
ASV_1023	0.013411	0.00000000	0.02010438	0.02012821
ASV_1035	0.012978	0.01208239	0.01401182	0.01283856
ASV_1045	0.012725	0.021572932	0.010878817	0.005722187
ASV_1072	0.013431	0.005334187	0.023245382	0.011713686
ASV_1092	0.013065	0.01142108	0.01359462	0.01417809
ASV_1183	0.013229	0.01280964	0.01562379	0.01125380
ASV_1198	0.012921	0.01362184	0.01069868	0.01444374
ASV_1313	0.012665	0.021826504	0.006139566	0.010028067
ASV_1356	0.013205	0.011006296	0.018614923	0.009993266
ASV_1412	0.01325	0.005348533	0.018836427	0.015566445
ASV_1503	0.013297	0.007175087	0.018306878	0.014407867
ASV_1509	0.013175	0.007921148	0.021390639	0.010213942
ASV_812	0.012223	0.019555835	0.003076023	0.014038352
ASV_879	0.013003	0.018073183	0.015263571	0.005671538
ASV_951	0.012481	0.024260294	0.006067676	0.007114620
ASV_976	0.012695	0.029095788	0.004623244	0.004367375
ASV_980	0.013614	0.008414729	0.025267929	0.007158733
ASV_990	0.013209	0.009815125	0.012463025	0.017347434
ASV_1001	0.013	0.01029145	0.01559131	0.01311673
ASV_1003	0.012538	0.012185736	0.007782945	0.017646465
ASV_1029	0.013147	0.004498805	0.027646011	0.007296669
ASV_1048	0.012491	0.013461562	0.015443039	0.008569056
ASV_1052	0.011901	0.026689539	0.006138809	0.002874481
ASV_1060	0.012078	0.028973199	0.002992713	0.004266914
ASV_1074	0.012476	0.006367962	0.018211477	0.012849886
ASV_1098	0.01274	0.008725619	0.010884905	0.018608851
ASV_1100	0.012499	0.008281504	0.013755135	0.015460799
ASV_1132	0.012663	0.008343044	0.013836499	0.015810214
ASV_1179	0.01264	0.010906240	0.017131532	0.009881122
ASV_1195	0.012252	0.015981404	0.012264836	0.008509808
ASV_1196	0.012379	0.01221046	0.01065950	0.01426737
ASV_1219	0.012686	0.008910623	0.006248056	0.022898802
ASV_1228	0.012797	0.013080822	0.015332953	0.009977418
ASV_1236	0.012469	0.014509706	0.017195516	0.005700898
ASV_1279	0.012876	0.008540847	0.018607379	0.011479264
ASV_1383	0.012481	0.02169951	0.00000000	0.01574352
ASV_1394	0.012732	0.005365444	0.021590343	0.011241295
ASV_1416	0.012788	0.008403358	0.015495282	0.014466776
ASV_1448	0.012671	0.015267977	0.016998146	0.005747955
ASV_1453	0.0119	0.026969252	0.003037218	0.005694048
ASV_1455	0.012524	0.009809243	0.007718813	0.020043797
ASV_1510	0.012639	0.011342864	0.007853018	0.018721334
ASV_866	0.012985	0.005543681	0.024741401	0.008669178
ASV_885	0.012543	0.01265685	0.01059619	0.01437539
ASV_934	0.012599	0.006338635	0.018539217	0.012919975
ASV_977	0.012674	0.003814912	0.018662069	0.015546168
ASV_982	0.012604	0.021653651	0.001598874	0.014558976
ASV_994	0.013015	0.01027615	0.01862816	0.01014078
ASV_998	0.012231	0.019266666	0.004694443	0.012731244
ASV_1006	0.011969	0.009342677	0.010659264	0.015905504
ASV_1010	0.011883	0.01336189	0.01373566	0.00855119
ASV_1080	0.012492	0.001550532	0.021633030	0.014293829
ASV_1114	0.012108	0.011852989	0.015842059	0.008628614
ASV_1238	0.012333	0.009947777	0.015603856	0.011448370
ASV_1292	0.012261	0.008402082	0.014011614	0.014370077
ASV_1300	0.012268	0.013845363	0.017169339	0.005789168
ASV_1324	0.011903	0.011893074	0.016677407	0.007138664
ASV_1367	0.012454	0.022213498	0.010819103	0.004328748
ASV_1391	0.011996	0.01232847	0.01215559	0.01150503
ASV_1477	0.012179	0.009721603	0.016786351	0.010029477
ASV_1484	0.012042	0.012369553	0.009421603	0.014335187
ASV_850	0.012094	0.01396202	0.01367297	0.00864789
ASV_865	0.012176	0.005207113	0.021294826	0.010025212
ASV_870	0.011972	0.022257308	0.010831582	0.002826418
ASV_891	0.0121	0.013984510	0.015270312	0.007045438
ASV_914	0.012534	0.005994331	0.020111377	0.011495910
ASV_964	0.012258	0.007028831	0.015558897	0.014185511
ASV_967	0.011688	0.016243080	0.007424159	0.011397721
ASV_983	0.012238	0.011084477	0.018526800	0.007101931
ASV_993	0.012289	0.01115521	0.01559655	0.01011634
ASV_1000	0.011545	0.009666215	0.012168438	0.012800243
ASV_1031	0.012003	0.002997166	0.021580122	0.011430987
ASV_1033	0.011577	0.013442037	0.015437017	0.005850832
ASV_1047	0.011843	0.00443461	0.01234054	0.01875448
ASV_1071	0.011538	0.016436941	0.012413559	0.005762393
ASV_1077	0.011897	0.002795483	0.018235570	0.014659268
ASV_1082	0.011999	0.001261861	0.024568927	0.010167558
ASV_1088	0.011881	0.012955892	0.013927757	0.008760203
ASV_1122	0.011817	0.00568875	0.01688695	0.01287635
ASV_1123	0.012031	0.002737823	0.024836646	0.008519414
ASV_1130	0.011589	0.008072009	0.015360856	0.011333810
ASV_1140	0.011045	0.01856900	0.00447595	0.01008872
ASV_1143	0.011871	0.005913457	0.013850776	0.015848363
ASV_1159	0.011893	0.002997166	0.016926865	0.015754419
ASV_1167	0.012147	0.004651595	0.024586784	0.007202222
ASV_1169	0.011584	0.013780556	0.011007241	0.009964912
ASV_1175	0.011677	0.015372831	0.011019111	0.008639629
ASV_1201	0.01033	0.03098853	0.00000000	0.00000000
ASV_1220	0.011726	0.015650131	0.013742570	0.005786582
ASV_1283	0.011602	0.007889167	0.015284547	0.011633677
ASV_1308	0.011686	0.01238163	0.01702943	0.00564718
ASV_1343	0.011848	0.003999684	0.021536652	0.010009025
ASV_1398	0.011823	0.006575527	0.020387325	0.008507223
ASV_1462	0.011782	0.012244712	0.018685661	0.004417017
ASV_1468	0.011621	0.006922279	0.010800469	0.017139164
ASV_894	0.011328	0.01320937	0.01081965	0.00995596
ASV_903	0.011608	0.009398065	0.015429802	0.009997172
ASV_924	0.011654	0.009830427	0.010974606	0.014157811
ASV_961	0.011608	0.00959814	0.01087882	0.01434637
ASV_995	0.011898	0.005985142	0.016845374	0.012864324
ASV_1022	0.011862	0.00000000	0.03558609	0.00000000
ASV_1054	0.011301	0.00833305	0.01555980	0.01001077
ASV_1055	0.010833	0.014554015	0.009233251	0.008710560
ASV_1119	0.011246	0.009706301	0.016952581	0.007078893
ASV_1170	0.011304	0.011310651	0.015405360	0.007197384
ASV_1172	0.011132	0.008304297	0.010698678	0.014393762
ASV_1178	0.011228	0.009679245	0.014057327	0.009946040
ASV_1181	0.011537	0.01064593	0.01083964	0.01312499
ASV_1216	0.011214	0.008204279	0.010866035	0.014571880
ASV_1225	0.011247	0.008653934	0.013652218	0.011433931
ASV_1227	0.011287	0.01146610	0.01227732	0.01011892
ASV_1248	0.011112	0.015095583	0.012328451	0.005912497
ASV_1312	0.01125	0.015534811	0.013894609	0.004319311
ASV_1335	0.011147	0.010531859	0.018630044	0.004278936
ASV_1405	0.011015	0.002737823	0.004693317	0.025612692
ASV_1413	0.011535	0.005656768	0.018755974	0.010191432
ASV_1433	0.010866	0.012170373	0.006190462	0.014236160
ASV_849	0.010604	0.021569052	0.003101960	0.007140558
ASV_909	0.010829	0.017739159	0.006214970	0.008533828
ASV_970	0.011372	0.002624736	0.018474020	0.013017322
ASV_1007	0.010678	0.008114367	0.012451304	0.011469614
ASV_1037	0.010591	0.004259027	0.003063544	0.024451144
ASV_1041	0.01084	0.010019693	0.013902127	0.008599398
ASV_1095	0.011054	0.015401420	0.009312357	0.008447476
ASV_1102	0.010581	0.010181441	0.006196402	0.015366037
ASV_1106	0.010716	0.008508634	0.007860167	0.015778269
ASV_1120	0.010553	0.012255510	0.010730094	0.008674664
ASV_1136	0.010798	0.004029012	0.012386562	0.015977177
ASV_1139	0.010246	0.018669654	0.006345580	0.005723766
ASV_1156	0.010892	0.002841721	0.017004168	0.012829120
ASV_1164	0.010526	0.017898826	0.009350015	0.004328748
ASV_1189	0.010759	0.002997166	0.009162790	0.020118371
ASV_1206	0.010874	0.002997166	0.016786720	0.012838386
ASV_1222	0.011091	0.005942784	0.020265451	0.007064141
ASV_1255	0.010635	0.007837389	0.015537471	0.008530260
ASV_1257	0.010104	0.014599960	0.001547221	0.014164008
ASV_1261	0.010812	0.002731288	0.012349186	0.017355027
ASV_1272	0.010758	0.012602071	0.013927695	0.005745055
ASV_1290	0.010736	0.004434610	0.007782188	0.019990652
ASV_1333	0.010468	0.006987661	0.006188885	0.018228496
ASV_1414	0.010614	0.005303903	0.012322732	0.014216236
ASV_1472	0.010677	0.006844059	0.010825494	0.014360955
ASV_1518	0.010809	0.002795483	0.015429868	0.014201270
ASV_1521	0.011014	0.005573009	0.021646139	0.005821642
ASV_1032	0.01037	0.007016988	0.013941603	0.010150220
ASV_1042	0.010336	0.013305529	0.006119329	0.011583507
ASV_1051	0.010159	0.009498122	0.012399713	0.008577795
ASV_1090	0.010222	0.011450794	0.010525361	0.008689102
ASV_1107	0.01007	0.008061865	0.009209113	0.012938678
ASV_1138	0.010485	0.004217625	0.021486428	0.005751547
ASV_1173	0.010365	0.005607876	0.015423411	0.010063963
ASV_1197	0.010014	0.006503842	0.007712725	0.015826401
ASV_1202	0.010454	0.001291189	0.003197749	0.026872089
ASV_1212	0.010503	0.003101064	0.015513240	0.012895672
ASV_1221	0.009703	0.021177709	0.007930239	0.000000000
ASV_1288	0.010354	0.011699992	0.010761362	0.008600663
ASV_1304	0.010278	0.007190389	0.010737094	0.012906374
ASV_1338	0.010216	0.008215701	0.012419278	0.010011780
ASV_1364	0.010155	0.006947957	0.009202721	0.014313898
ASV_1379	0.010252	0.012401766	0.012623556	0.005730089
ASV_1386	0.009769	0.017565526	0.004662418	0.007078579
ASV_1011	0.00954	0.007853686	0.007853018	0.012913563
ASV_1061	0.009183	0.012933727	0.004636092	0.009978344
ASV_1112	0.009809	0.009043848	0.003063544	0.017320426
ASV_1121	0.009684	0.008679802	0.001598874	0.018773114
ASV_1141	0.009724	0.008242756	0.007865497	0.013062491
ASV_1166	0.009946	0.008836052	0.013888521	0.007113953
ASV_1171	0.009357	0.013526370	0.003037218	0.011507214
ASV_1176	0.009838	0.007034945	0.010993025	0.011484580
ASV_1192	0.00972	0.009756891	0.009311599	0.010090304
ASV_1208	0.009811	0.008653934	0.009381820	0.011397721
ASV_1247	0.010092	0.001446634	0.021624600	0.007205814
ASV_1250	0.009587	0.009685780	0.007698576	0.011377438
ASV_1260	0.00948	0.006575527	0.007610238	0.014255347
ASV_1296	0.009796	0.011236312	0.015225524	0.002926709
ASV_1320	0.009637	0.008135248	0.009323321	0.011452276
ASV_1334	0.009539	0.005177786	0.007616715	0.015821274
ASV_1382	0.009674	0.008291649	0.012142655	0.008587232
ASV_1415	0.009501	0.007922104	0.007641894	0.012938678
ASV_1454	0.009283	0.012032221	0.001547221	0.014270792
ASV_1461	0.009945	0.00707142	0.01699063	0.00577183
ASV_1485	0.009446	0.007843923	0.009079326	0.011416065
ASV_1496	0.009398	0.011977789	0.007756103	0.008459329
ASV_950	0.009815	0.008674072	0.007833841	0.012938489
ASV_1075	0.009641	0.002948273	0.020163567	0.005810626
ASV_1146	0.009461	0.001333547	0.017068828	0.009980004
ASV_1230	0.009223	0.005439783	0.012419647	0.009810549
ASV_1239	0.009447	0.005737642	0.012547461	0.010056082
ASV_1268	0.009418	0.00000000	0.01533956	0.01291377
ASV_1317	0.009573	0.005518003	0.017427088	0.005774415
ASV_1319	0.009011	0.011192728	0.004501518	0.011339126
ASV_1331	0.009085	0.009481825	0.010658203	0.007114620
ASV_1339	0.009297	0.005455085	0.015347619	0.007087009
ASV_1362	0.009318	0.009199293	0.003146096	0.015608311
ASV_1420	0.009575	0.000000000	0.025739078	0.002985788
ASV_1513	0.009198	0.004155129	0.009316930	0.014121600
ASV_989	0.008981	0.007918494	0.008984228	0.010040089
ASV_996	0.009217	0.005683442	0.007698576	0.014269616
ASV_1133	0.008251	0.015925695	0.004597676	0.004230873
ASV_1148	0.009001	0.002812393	0.014002729	0.010189016
ASV_1193	0.008938	0.002844375	0.013978590	0.009990850
ASV_1204	0.008804	0.001397741	0.010800469	0.014212644
ASV_1243	0.008547	0.012136844	0.006260535	0.007243435
ASV_1256	0.008465	0.009333871	0.006023171	0.010037906
ASV_1277	0.008807	0.015729627	0.007705207	0.002985788
ASV_1293	0.008693	0.009832992	0.004623244	0.011623838
ASV_1344	0.00905	0.000000000	0.021453711	0.005695413
ASV_1378	0.009036	0.004330712	0.014075137	0.008701124
ASV_1381	0.008656	0.005705661	0.003101960	0.017161774
ASV_1392	0.008636	0.009348217	0.012131081	0.004429039
ASV_1393	0.008507	0.014807565	0.007835208	0.002877066
ASV_1442	0.008809	0.005841540	0.012059191	0.008527146
ASV_1469	0.008752	0.012515809	0.012335728	0.001404455
ASV_1475	0.00893	0.005686096	0.013896796	0.007208230
ASV_1529	0.009043	0.001333547	0.025796259	0.000000000
ASV_1044	0.008165	0.006757645	0.010531838	0.007204808
ASV_1124	0.008339	0.007019642	0.012284833	0.005712751
ASV_1215	0.008291	0.005656768	0.007731292	0.011483743
ASV_1229	0.00845	0.005624555	0.016887322	0.002838270
ASV_1270	0.008163	0.000000000	0.004469862	0.020019653
ASV_1291	0.008797	0.007544863	0.017411172	0.001433815
ASV_1295	0.008418	0.011930581	0.004700834	0.008622436
ASV_1316	0.008158	0.008453628	0.003094442	0.012926591
ASV_1327	0.007781	0.016090521	0.001515565	0.005736940
ASV_1377	0.008161	0.006701645	0.009132280	0.008650475
ASV_1388	0.00831	0.005303903	0.009445804	0.010180586
ASV_1401	0.008228	0.005177786	0.013704997	0.005801190
ASV_1430	0.008354	0.005945439	0.004623244	0.014494557
ASV_1445	0.008414	0.005777346	0.007788276	0.011675059
ASV_1460	0.00851	0.004042042	0.015674380	0.005812205
ASV_1483	0.00802	0.006760299	0.004591588	0.012707540
ASV_1492	0.008315	0.00532020	0.01247130	0.00715241
ASV_1498	0.008068	0.009442695	0.004700834	0.010061781
ASV_1507	0.008086	0.008122179	0.003068874	0.013066083
ASV_1511	0.008383	0.001261861	0.016671405	0.007216257
ASV_1154	0.007882	0.002997166	0.007802794	0.012846627
ASV_1165	0.007862	0.011699992	0.006222487	0.005662102
ASV_1187	0.007955	0.004113727	0.013947691	0.005803775
ASV_1237	0.008034	0.002844375	0.016956878	0.004301445
ASV_1282	0.007689	0.011194910	0.004578351	0.007294084
ASV_1287	0.007395	0.014598302	0.004720011	0.002867630
ASV_1318	0.007838	0.005664259	0.010753844	0.007095917
ASV_1332	0.007637	0.005526770	0.004508278	0.012874767
ASV_1342	0.007978	0.00000000	0.01526394	0.00866882
ASV_1373	0.00803	0.005679561	0.014044459	0.004367375
ASV_1390	0.007841	0.002737823	0.012194677	0.008591755
ASV_1395	0.007735	0.006583018	0.003185269	0.013436044
ASV_1400	0.007746	0.004022477	0.007647983	0.011566338
ASV_1417	0.007752	0.011192728	0.009189873	0.002874481
ASV_1427	0.007901	0.008527816	0.009381672	0.005794339
ASV_1480	0.007931	0.008628255	0.009316561	0.005848247
ASV_1488	0.007859	0.00278018	0.01076775	0.01002965
ASV_1203	0.007152	0.008322253	0.003062786	0.010070859
ASV_1210	0.007315	0.008278850	0.007813844	0.005853418
ASV_1278	0.007417	0.007340526	0.009176784	0.005733203
ASV_1307	0.007641	0.001446634	0.015732121	0.005744697
ASV_1314	0.007115	0.005838886	0.000000000	0.015505139
ASV_1368	0.007256	0.005543681	0.006209639	0.010014724
ASV_1370	0.007399	0.005896546	0.009174967	0.007125805
ASV_1404	0.007187	0.005207113	0.010749185	0.005605967
ASV_1424	0.007372	0.001550532	0.009105566	0.011460875
ASV_1439	0.007364	0.007181622	0.007756860	0.007152410
ASV_1443	0.007234	0.004330712	0.003063544	0.014308412
ASV_1447	0.00735	0.002884079	0.006165504	0.013001832
ASV_1463	0.007413	0.005560361	0.012349575	0.004328578
ASV_1466	0.00736	0.004106236	0.010903325	0.007069143
ASV_1490	0.00686	0.011866400	0.001598874	0.007114959
ASV_1497	0.007111	0.007980759	0.006188885	0.007164432
ASV_1266	0.006883	0.000000000	0.012257750	0.008391172
ASV_1267	0.006828	0.000000000	0.006132418	0.014351543
ASV_1274	0.006827	0.005520889	0.009112043	0.005848247
ASV_1321	0.006758	0.003886597	0.007666033	0.008722727
ASV_1336	0.006835	0.001261861	0.010646415	0.008595492
ASV_1346	0.007014	0.002841721	0.013889795	0.004310882
ASV_1366	0.007093	0.010645927	0.007769340	0.002865045
ASV_1421	0.007108	0.000000000	0.015500484	0.005824058
ASV_1422	0.006957	0.00000000	0.01219401	0.00867725
ASV_1440	0.006801	0.004498805	0.006017083	0.009887973
ASV_1508	0.00677	0.002731288	0.009029122	0.008548605
ASV_1512	0.006711	0.003814912	0.007590389	0.008727899
ASV_1523	0.006867	0.000000000	0.009214832	0.011387020
ASV_1525	0.006893	0.001333547	0.010775659	0.008569056
ASV_1262	0.006141	0.002731288	0.002954297	0.012738265
ASV_1349	0.006375	0.002948273	0.009099563	0.007078579
ASV_1354	0.006404	0.005792648	0.007647614	0.005770993
ASV_1399	0.006106	0.003844239	0.004540692	0.009934187
ASV_1449	0.006455	0.005838886	0.007736623	0.005789168
ASV_1474	0.006457	0.002844375	0.010877997	0.005647664
ASV_1522	0.006574	0.001446634	0.014004306	0.004272085
ASV_1436	0.00556	0.009449843	0.001586395	0.005644594
ASV_1486	0.005908	0.001446634	0.006176923	0.010101753
ASV_1499	0.005944	0.001291189	0.009407757	0.007134544
ASV_1501	0.005638	0.007795031	0.007684970	0.001433815
ASV_1504	0.005595	0.003886597	0.004431446	0.008468426
ASV_1519	0.005856	0.001397741	0.003197749	0.012971799
ASV_1426	0.005446	0.004281820	0.009182115	0.002874481
ASV_1478	0.005264	0.004113727	0.004590527	0.007087846
ASV_1505	0.005298	0.004064835	0.006165504	0.005662271
ASV_1431	0.004721	0.008261939	0.001521653	0.004379397
ASV_1481	0.004843	0.005439783	0.006241664	0.002847706
