richness	E1	E2	E3	E4	E5	E6	E7	N1	N2	O1	O2	S1
1	0.0	0.0	0.0	1.000	0.0	0.0	0.0	0.0	0.0	0.0	0.0	0.0
2	0.0	0.0	0.0	1.000	0.0	0.0	0.0	0.0	0.0	0.0	0.0	0.0
3	0.0	0.0	1.000	1.000	0.0	0.0	0.0	0.0	0.0	0.0	0.0	0.0
4	0.0	0.0	0.0	1.000	0.0	1.000	0.0	0.0	0.0	0.0	1.000	0.0
5	0.0	1.000	2.00	1.000	0.0	1.000	0.0	1.000	0.0	0.0	1.000	0.0
6	0.0	0.0	2.00	1.000	1.000	2.00	0.0	2.00	0.0	0.0	1.000	0.0
7	0.0	2.00	3.00	1.000	2.00	2.00	0.0	2.00	0.0	0.0	1.000	0.0
8	0.0	0.0	2.00	1.000	1.000	1.000	0.0	2.00	0.0	0.0	1.000	0.0
9	0.0	1.000	3.00	1.000	2.00	2.00	0.0	3.00	0.0	0.0	1.000	0.0
10	0.0	1.000	3.00	1.000	2.00	2.00	0.0	2.00	0.0	0.0	1.000	0.0
11	1.000	1.000	3.00	1.000	2.00	2.00	0.0	3.00	1.000	0.0	1.000	0.0
12	1.000	2.00	4.00	2.00	2.00	3.00	0.0	3.00	1.000	0.0	1.000	0.0
13	1.000	2.00	3.00	2.00	3.00	2.00	0.0	2.00	0.0	0.0	1.000	1.000
14	1.000	2.00	4.00	2.00	2.00	2.00	0.0	3.00	0.0	1.000	1.000	1.000
15	2.00	2.00	4.00	2.00	3.00	3.00	0.0	5.00	1.000	1.000	1.000	0.0
16	2.00	1.000	5.00	2.00	3.00	3.00	0.0	5.00	2.00	1.000	1.000	1.000
17	3.00	2.00	3.00	2.00	3.00	4.00	0.0	3.00	2.00	2.00	1.000	1.000
18	1.000	2.00	5.00	2.00	3.00	4.00	0.0	5.00	1.000	1.000	2.00	1.000
19	3.00	3.00	5.00	2.00	4.00	5.00	0.0	4.00	3.00	1.000	1.000	1.000
20	2.00	3.00	5.00	2.00	4.00	3.00	0.0	3.00	2.00	1.000	1.000	2.00
21	5.00	2.00	5.00	3.00	4.00	4.00	3.00	4.00	3.00	1.000	1.000	2.00
22	3.00	5.00	5.00	2.00	6.00	3.00	1.000	6.00	3.00	1.000	2.00	1.000
23	7.00	3.00	5.00	4.00	5.00	4.00	1.000	7.00	2.00	2.00	1.000	2.00
24	7.00	4.00	5.00	4.00	5.00	4.00	1.000	9.00	2.00	1.000	4.00	3.00
25	5.00	6.00	7.00	3.00	5.00	4.00	4.00	8.00	2.00	3.00	2.00	4.00
26	6.00	5.00	9.00	3.00	5.00	5.00	1.000	10.00	5.00	1.000	4.00	4.00
27	7.00	6.00	8.00	3.00	5.00	5.00	4.00	9.00	4.00	2.00	4.00	7.00
28	8.00	8.00	10.00	5.00	6.00	7.00	3.00	8.00	3.00	3.00	5.00	5.00
29	10.00	4.00	12.0	3.00	8.00	5.00	7.00	13.0	3.00	6.00	5.00	7.00
30	11.0	8.00	11.0	4.00	7.00	5.00	9.00	12.0	5.00	5.00	9.00	11.0
31	11.0	9.00	13.0	4.00	6.00	12.0	11.0	11.0	8.00	3.00	9.00	13.0
32	14.0	10.00	9.00	6.00	9.00	8.00	12.0	17.0	10.00	12.0	15.0	10.00
33	21.0	14.0	12.0	6.00	11.0	14.0	7.00	16.0	10.00	13.0	12.0	19.0
34	17.0	18.0	15.0	5.00	16.0	15.0	13.0	18.0	12.0	18.0	14.0	14.0
35	23.0	16.0	13.0	10.00	15.0	18.0	18.0	22.0	13.0	13.0	17.0	15.0
36	20.0	21.0	15.0	8.00	21.0	22.0	17.0	19.0	19.0	14.0	16.0	26.0
37	28.0	22.0	21.0	10.00	19.0	21.0	17.0	22.0	17.0	20.0	17.0	26.0
38	28.0	21.0	22.0	13.0	20.0	26.0	20.0	30.0	24.0	27.0	21.0	26.0
39	35.0	34.0	21.0	14.0	22.0	28.0	27.0	30.0	25.0	27.0	28.0	30.0
40	38.0	26.0	27.0	11.0	29.0	28.0	40.0	30.0	33.0	34.0	29.0	32.0
41	39.0	39.0	32.0	16.0	35.0	37.0	39.0	34.0	36.0	32.0	38.0	32.0
42	38.0	34.0	32.0	19.0	36.0	38.0	40.0	43.0	35.0	39.0	30.0	36.0
43	53.0	39.0	36.0	19.0	38.0	44.0	42.0	39.0	41.0	45.0	32.0	42.0
44	46.0	43.0	40.0	27.0	38.0	39.0	50.0	40.0	43.0	50.0	49.0	49.0
45	53.0	50.0	36.0	20.0	43.0	54.0	52.0	53.0	56.0	51.0	48.0	53.0
46	57.0	57.0	35.0	25.0	54.0	61.0	54.0	53.0	53.0	54.0	56.0	59.0
47	63.0	53.0	49.0	24.0	51.0	53.0	58.0	55.0	52.0	57.0	56.0	58.0
48	63.0	63.0	50.0	26.0	52.0	61.0	65.0	61.0	68.0	63.0	61.0	63.0
49	61.0	66.0	57.0	28.0	63.0	63.0	65.0	64.0	66.0	71.0	63.0	70.0
50	75.0	69.0	63.0	30.0	65.0	69.0	77.0	63.0	71.0	72.0	66.0	68.0
51	77.0	80.0	58.0	35.0	68.0	74.0	76.0	71.0	80.0	76.0	73.0	80.0
52	75.0	77.0	63.0	36.0	73.0	72.0	85.0	75.0	79.0	86.0	76.0	83.0
53	87.0	84.0	68.0	38.0	74.0	85.0	94.0	77.0	91.0	81.0	77.0	83.0
54	85.0	89.0	74.0	36.0	80.0	85.0	87.0	82.0	88.0	93.0	84.0	85.0
55	82.0	89.0	65.0	32.0	83.0	82.0	88.0	75.0	93.0	91.0	85.0	93.0
56	92.0	95.0	70.0	37.0	84.0	85.0	98.0	77.0	92.0	93.0	92.0	94.0
57	93.0	91.0	71.0	38.0	88.0	87.0	107.0	84.0	96.0	98.0	90.0	92.0
58	91.0	96.0	75.0	41.0	97.0	90.0	108.0	87.0	104.0	99.0	89.0	100.0
59	92.0	103.0	80.0	43.0	91.0	95.0	107.0	89.0	99.0	100.0	101.0	106.0
60	98.0	101.0	86.0	44.0	94.0	99.0	111.0	97.0	101.0	110.0	96.0	104.0
61	102.0	104.0	83.0	49.0	99.0	106.0	109.0	95.0	109.0	119.0	93.0	112.0
62	108.0	107.0	82.0	50.0	94.0	105.0	114.0	99.0	114.0	112.0	106.0	112.0
63	110.0	106.0	87.0	49.0	100.0	113.0	118.0	100.0	117.0	119.0	109.0	114.0
64	115.0	106.0	87.0	51.0	105.0	107.0	115.0	98.0	118.0	124.0	104.0	119.0
65	109.0	112.0	91.0	49.0	104.0	103.0	120.0	100.0	116.0	117.0	108.0	116.0
66	111.0	113.0	86.0	44.0	105.0	116.0	118.0	103.0	117.0	118.0	109.0	125.0
67	113.0	111.0	91.0	51.0	110.0	107.0	123.0	103.0	123.0	129.0	112.0	121.0
68	115.0	115.0	94.0	52.0	107.0	116.0	127.0	107.0	123.0	124.0	112.0	124.0
69	120.0	119.0	94.0	51.0	111.0	116.0	127.0	105.0	121.0	126.0	111.0	124.0
70	117.0	119.0	97.0	54.0	112.0	118.0	128.0	107.0	122.0	128.0	118.0	125.0
71	122.0	120.0	96.0	52.0	110.0	117.0	130.0	103.0	127.0	126.0	112.0	127.0
72	120.0	118.0	97.0	54.0	108.0	119.0	131.0	108.0	126.0	129.0	116.0	127.0
73	120.0	119.0	94.0	51.0	109.0	118.0	129.0	109.0	123.0	127.0	118.0	131.0
74	124.0	123.0	94.0	55.0	110.0	119.0	134.0	111.0	129.0	131.0	116.0	129.0
75	122.0	117.0	98.0	55.0	114.0	120.0	131.0	106.0	127.0	131.0	118.0	128.0
76	123.0	124.0	98.0	55.0	115.0	121.0	133.0	110.0	131.0	135.0	120.0	130.0
77	123.0	124.0	100.0	55.0	117.0	120.0	134.0	112.0	128.0	130.0	116.0	129.0
78	124.0	126.0	99.0	53.0	116.0	121.0	132.0	112.0	128.0	132.0	121.0	132.0
79	118.0	126.0	97.0	56.0	117.0	120.0	136.0	112.0	131.0	132.0	120.0	127.0
80	122.0	124.0	99.0	55.0	115.0	120.0	135.0	113.0	133.0	130.0	120.0	131.0
81	125.0	124.0	98.0	54.0	117.0	123.0	136.0	112.0	133.0	134.0	122.0	131.0
82	124.0	124.0	100.0	56.0	117.0	121.0	134.0	112.0	132.0	131.0	121.0	129.0
83	123.0	127.0	98.0	56.0	117.0	123.0	135.0	113.0	132.0	134.0	120.0	131.0
84	123.0	126.0	100.0	55.0	117.0	122.0	136.0	111.0	132.0	135.0	121.0	133.0
85	125.0	127.0	101.0	56.0	116.0	121.0	136.0	113.0	132.0	134.0	122.0	133.0
86	124.0	126.0	98.0	55.0	118.0	121.0	137.0	111.0	130.0	134.0	122.0	133.0
87	124.0	127.0	101.0	56.0	118.0	123.0	136.0	112.0	133.0	135.0	122.0	133.0
88	124.0	126.0	101.0	56.0	116.0	123.0	136.0	113.0	132.0	134.0	122.0	131.0
89	125.0	127.0	101.0	56.0	116.0	122.0	136.0	113.0	133.0	134.0	122.0	133.0
90	125.0	126.0	101.0	56.0	118.0	122.0	136.0	113.0	132.0	134.0	121.0	132.0
91	123.0	126.0	99.0	56.0	117.0	123.0	137.0	113.0	133.0	134.0	122.0	133.0
92	125.0	127.0	101.0	56.0	117.0	123.0	137.0	113.0	132.0	135.0	121.0	133.0
93	125.0	127.0	101.0	56.0	117.0	122.0	137.0	113.0	133.0	135.0	122.0	133.0
94	125.0	127.0	101.0	56.0	118.0	122.0	137.0	113.0	133.0	135.0	122.0	132.0
95	125.0	127.0	101.0	56.0	118.0	123.0	137.0	113.0	133.0	135.0	122.0	133.0
96	125.0	127.0	101.0	56.0	118.0	123.0	137.0	112.0	133.0	134.0	122.0	133.0
97	125.0	127.0	101.0	56.0	118.0	123.0	137.0	113.0	133.0	135.0	121.0	133.0
98	125.0	126.0	101.0	56.0	118.0	123.0	137.0	113.0	132.0	135.0	122.0	133.0
99	125.0	127.0	101.0	56.0	118.0	123.0	137.0	113.0	133.0	135.0	122.0	133.0
100	125.0	127.0	101.0	56.0	118.0	123.0	137.0	113.0	133.0	135.0	122.0	133.0
