	SRS024568.571681	SRS013177.574389	SRS020413.572892	SRS017935.572108	SRS013490.574260	SRS017641.576524	SRS013638.573699	SRS024625.570280	SRS023176.573947	SRS020290.575215	SRS017764.574643	SRS018076.571839	SRS049911.575200	SRS021484.575748	SRS017997.575028	SRS018313.575129	SRS024151.575546	SRS017307.573991	SRS016916.571068	SRS020869.573690	SRS023914.571128	SRS017641.575969	SRS020527.573698	SRS020233.575311	SRS013687.574921	SRS018102.573993	SRS017420.570810	SRS020895.570284	SRS013516.575410	SRS016364.575956	SRS016942.575808	SRS013474.572674	SRS024177.571285	SRS017029.575283	SRS058746.570279	SRS017230.573092	SRS017363.570258	SRS018339.573081	SRS017667.571840	SRS017847.570423	SRS023760.572972	SRS017667.576128	SRS013203.574575	SRS021510.573430	SRS018396.574712	SRS017420.571170	SRS016779.576334	SRS020316.575736	SRS017790.572183	SRS018216.570352	SRS016424.570841	SRS020437.572627	SRS024592.570730	SRS013472.575723	SRS020551.575598	SRS020257.573938	SRS018100.575514	SRS023995.573098	SRS013201.576199	SRS016777.576593	SRS017361.573508	SRS017665.574059	SRS023758.576043	SRS017088.576058	SRS020893.572891	SRS045289.571763	SRS023938.573037	SRS017227.576007	SRS017418.570288	SRS020314.575041	SRS024649.576282	SRS017304.575372	SRS018214.570641	SRS013662.573790	SRS055687.571803
963239	0	0	0	0	0	0	0	0	0	0	0	0	0	0	0	0	0	0	0	0	0	0	0	0	0	0	0.75	0	0	0	0	0.5	0	0	0	0.5	0	0	0	0	0	0	1.5	3	1	2.75	0	0	0	0	0	4	0.75	1	0	0	0	0	1	0	0	0	0	0	1.25	3	3	0	0.5	0	0	0	0	0.75	0
4431292	0	0	0	2	11.75	3	3	7	0	7.5	0	0	0	16.5	2	0.75	4	8.25	0	1.5	0	3.75	5.5	9	4	0	0	0	0	0	0	0	0	0	0	0	0	0	0	0	0	0	0	0	0	0	0	0	0	0	0	0	0	0	0	0	0	0	0	0	0	0	0	0	0	0	0	0	0	0	0	0	0	0	0
4480529	0	0	3	0	8	3	27	0	0	0	0	0	3	0	0	2	10	2	7	15	0	6	3	3	6	0	0	0	0	0	0	0	0	0	0	0	0	0	0	0	0	0	0	0	0	0	0	0	0	0	0	0	0	0	0	0	0	0	0	0	0	0	0	0	0	0	0	0	0	0	0	0	0	0	0
4345640	0	0	0	0	0	0	0	0	0	0	0	0	0	0	0	0	0	0	0	0	0	0	0	0	0	0	1.2	1	4	1	0	0	0	0.6	0	4	0	0	0	0	0	0	0.8	5.6	0.4	1.8	0	0	1	0	0	0	0	0	4.2	2	0	0.4	0.4	0	0	0	1	0	0	3.6	0	5.8	0	0	0	0	0	0.8	0.4
4372091	0	0	0	0	0	0	0	0	0	0	0	0	0	0	0	0	0	0	0	0	0	0	0	0	0	0	2.5	1	0	0	0.5	2.5	0	0	1.75	0.5	0	0	0	0.75	0	0	4.5	0.75	1.5	6.5	5.25	0	1.25	0.5	0	3.25	9	4	0	0	0.75	9	11	9.75	3.25	0.75	0	0	3.5	0.5	0	2.25	1.5	0	0	0	0	3.5	0
4472202	0	3	4	0	0	15	0	0	0	0	0	0	4	0	0	20	3	0	0	5	0	19	6	5	0	0	0	0	0	0	0	0	0	0	0	0	0	0	0	0	0	0	0	0	0	0	0	0	0	0	0	0	0	0	0	0	0	0	0	0	0	0	0	0	0	0	0	0	0	0	0	0	0	0	0
4450198	2.16666666666667	3.5	3	0	0	0	0.333333333333333	3	3.5	1.83333333333333	2.5	2.5	2	0.833333333333333	0.333333333333333	0	0.333333333333333	0.333333333333333	1.16666666666667	7.66666666666667	0	0	4.33333333333333	0	0	0	0	0	0	0	0	0	0	0	0	0	0	0	0	0	0	0	0	0	0	0	0	0	0	0	0	0	0	0	0	0	0	0	0	0	0	0	0	0	0	0	0	0	0	0	0	0	0	0	0
4483174	0	0	0	0	0	0	0	0	0	0	0	0	0	0	0	0	0	0	0	0	0	0	0	0	0	0	10.6	0.6	0.6	0.8	2.4	0	2.2	0	1.2	3.4	0.4	2.2	0.4	0	1	0.6	2.8	0	9	12.2	0	0	1.6	0	0	0	0.4	0	0	9.6	0	0.4	8	0	0	1.4	0	6.8	0	0	0	5.4	8.4	0	0.6	1.4	0	1.4	0
4392196	0	0	0	25	0	3	7	0	0	0	0	0	0	0	0	2	2	0	0	3	6	2	0	13	0	0	0	0	0	0	0	0	0	0	0	0	0	0	0	0	0	0	0	0	0	0	0	0	0	0	0	0	0	0	0	0	0	0	0	0	0	0	0	0	0	0	0	0	0	0	0	0	0	0	0
4427066	0	0	0	0	0	0	0	0	0	0	0	0	0	0	0	0	0	0	0	0	0	0	0	0	0	0	0	0	0	26.3333333333333	6.33333333333333	0	0	11	2.66666666666667	10.6666666666667	0	42	0	1.66666666666667	0	4	8	10.6666666666667	0	2.66666666666667	20.3333333333333	0	6.33333333333333	17.6666666666667	0	0	1.66666666666667	0	0	0	0	7.33333333333333	3.66666666666667	4.66666666666667	0	7.33333333333333	0	0	0	1.66666666666667	0	6.66666666666667	63.3333333333333	0	0	0	0	3.66666666666667	0
4467447	173.4	218.4	38.2	1.6	9.2	25.4	17	76.4	56.4	207.8	108.2	326.6	160	11	2	240.8	5.6	14.8	114.8	40.6	12.8	79.2	100.6	0	25	0	0	0	0	0	0	0	0	0	0	0	0	0	0	0	0	0	0	0	0	0	0	0	0	0	0	0	0	0	0	0	0	0	0	0	0	0	0	0	0	0	0	0	0	0	0	0	0	0	0
4449054	0	0.4	13	0.8	4.8	0	0	3.6	1.6	51.2	4.8	120.6	0	5.6	3.6	135	11.8	0.4	0.8	1	7.4	0	0	0.4	37	0	0	0	0	0	0	0	0	0	0	0	0	0	0	0	0	0	0	0	0	0	0	0	0	0	0	0	0	0	0	0	0	0	0	0	0	0	0	0	0	0	0	0	0	0	0	0	0	0	0
4374302	0	0	3	0	0	2	11	0	0	6	0	0	2	0	0	49	2	0	3	5	4	5	2	2	0	0	0	0	0	0	0	0	0	0	0	0	0	0	0	0	0	0	0	0	0	0	0	0	0	0	0	0	0	0	0	0	0	0	0	0	0	0	0	0	0	0	0	0	0	0	0	0	0	0	0
4469400	0	0	0	0	0	0	0	0	0	0	0	0	0	0	0	0	0	0	0	0	0	0	0	0	0	0	1	0.666666666666667	0	0	0.666666666666667	6	0	0	0.666666666666667	6.66666666666667	0	0	0	0.666666666666667	0	0	0	0	0	0.666666666666667	0.666666666666667	0	3.66666666666667	0	1	29.6666666666667	1.33333333333333	15	1	2	0	0	0.666666666666667	0	0	0	0.666666666666667	0	1	0	0	12.3333333333333	0	2	2	0	0	0	0
4417053	0	0	0	0	0	0	0	0	0	0	0	0	0	0	0	0	0	0	0	0	0	0	0	0	0	0.333333333333333	0.833333333333333	0	3.83333333333333	0.5	0.5	0	21.3333333333333	1.66666666666667	0	12.1666666666667	0	0.5	0	0.833333333333333	0	0	4.5	0	0	0.666666666666667	1.66666666666667	0	17.5	0	0	0	0	0	0	0	0	4.66666666666667	7.16666666666667	6	0	5.66666666666667	0	0	0	11	11.5	16	0	1	0	0	0	48.1666666666667	0
4480882	0	0	0	0	0	0	0	0	0	0	0	0	0	0	0	0	0	0	0	0	0	0	0	0	0	0	0	1	0	6.33333333333333	3	0	0	0	6	0.666666666666667	1.66666666666667	0	1	1.66666666666667	5	0	0	0.666666666666667	0	1.33333333333333	1	0	3	0	0	0	3.66666666666667	0	0	1.33333333333333	0	0	0	0	2	0	3	14.3333333333333	2.33333333333333	0	1	0	0.666666666666667	0.666666666666667	11.3333333333333	0	0.666666666666667	2.66666666666667	1.66666666666667
4439469	0	0	0	0.333333333333333	0.333333333333333	0	2.16666666666667	0	0	0.333333333333333	0.666666666666667	2.66666666666667	1.16666666666667	0	1.66666666666667	1	1.33333333333333	0	0.333333333333333	3.33333333333333	0	0.333333333333333	0.5	1	1.66666666666667	0	0	0	0	0	0	0	0	0	0	0	0	0	0	0	0	0	0	0	0	0	0	0	0	0	0	0	0	0	0	0	0	0	0	0	0	0	0	0	0	0	0	0	0	0	0	0	0	0	0
4479695	0	0	0	0	0	0	0	0	0	0	0	0	0	0	0	0	0	0	0	0	0	0	0	0	0	0	0	0	0.8	0.4	0.4	0	2.4	0.6	0.4	6.4	0	0	0	0	0	0	3.8	0	0	0.6	2.4	0	15.4	8.8	0	0	0	0	0	0	0	4	3.8	3.6	1	0.4	0	0	0	4.6	0	6.4	0	0	0	0	0.6	1.2	0
4454331	0	0	0	0	0	0	0	0	0	0	0	0	0	0	0	0	0	0	0	0	0	0	0	0	0	0.333333333333333	0	0	0	0	0	0	0.333333333333333	0	0	2.33333333333333	0	0	0	0	0	0	0.5	0	0	0	0.5	0	3	0	0	0	0	0	0	0.333333333333333	0	0.666666666666667	0.833333333333333	1	0	0	0	0	0	2	0	3	0	0	0	0	0	0	0
4400260	0	0	0	0	0	0	0	0	0	0	0	0	0	0	0	0	0	0	0	0	0	0	0	0	0	0.4	4.6	0	0	0	1	0	0	0	1.6	7.6	0	2.4	0	1.4	0	0.6	4	11.4	13.8	8.6	3	1	10	0.4	2.4	3.4	6.2	0	11.8	8.4	4.2	2.6	6.2	1.4	0	1.2	0	0.4	0	0.4	10.6	11.8	0	4	2.4	0	0.4	7.8	3.8
4437024	0	0	0	0	0	0	0	0	0	0	0	0	0	0	0	0	0	0	0	0	0	0	0	0	0	5.75	1	0	0	0	0	0	0	0	0	0	0	0	1.25	0	0	0	0	0	0	0	0	0	0	0	0	0	0	0.5	10.5	2.5	0	0	0	0	0.5	0	0	1	0.75	0	0	0	0	1.5	0.75	2	1.25	0.5	1
4312655	0	0	0	0	0	0	0	0	0	0	0	0	0	0	0	0	0	0	0	0	0	0	0	0	0	0	3.5	0	0	0.5	0	0	0.5	0	0	1.5	0	0	0	0	0	0	0.5	0	0	0.75	0	0	0	0	0	0	0.5	0	0	0	0	0	0.75	0	0	0	0	0	0	0	1.5	2	0	0	0.5	0.5	0	0	0
4449198	0	0	0	0	0	0	0	0	0	0	0	0	0	0	0	0	0	0	0	0	0	0	0	0	0	2.66666666666667	1.33333333333333	2.33333333333333	1.33333333333333	0.666666666666667	3.33333333333333	3	0	0	1.33333333333333	0	0	0	1.66666666666667	1	2.33333333333333	2.66666666666667	0.666666666666667	0	1.33333333333333	3	10	0	0	1	5.66666666666667	1.33333333333333	1	7.66666666666667	3.33333333333333	0	2	0	1.33333333333333	7.66666666666667	3	3.66666666666667	3.33333333333333	0	3.66666666666667	2.66666666666667	0	3.33333333333333	0	0	0	2.33333333333333	4.66666666666667	0	7.33333333333333
4480508	1.28571428571429	0	0	0	0	0	0	0	6.71428571428571	0	0	0	0	0	0	0	0	0	0	0	0	0	0.428571428571429	0	0	1.71428571428571	28.1428571428571	54.5714285714286	50.7142857142857	25.4285714285714	72.5714285714286	4.71428571428571	97.7142857142857	75	68.1428571428571	70	20.7142857142857	84.4285714285714	121.571428571429	80.7142857142857	3.57142857142857	149.857142857143	90.8571428571429	174	58.7142857142857	35.2857142857143	102.714285714286	18.1428571428571	116.142857142857	71.7142857142857	38.5714285714286	22.5714285714286	80.7142857142857	0.714285714285714	28.1428571428571	38.1428571428571	13.4285714285714	116.571428571429	82.2857142857143	72.1428571428571	11.5714285714286	123.428571428571	1.71428571428571	13.1428571428571	1.85714285714286	41.8571428571429	30.4285714285714	69	74.2857142857143	29.4285714285714	47.4285714285714	6.42857142857143	26.1428571428571	86.1428571428571	30
4442523	0	1.8	8.8	48.4	3	2.4	35.4	3.6	3	2.4	0	0	3.2	13.6	34.6	6	5.2	10	0.4	0	0	4.8	4.6	0	0	0	0	0	0	0	0	0	0	0	0	0	0	0	0	0	0	0	0	0	0	0	0	0	0	0	0	0	0	0	0	0	0	0	0	0	0	0	0	0	0	0	0	0	0	0	0	0	0	0	0
4475231	0	0	0	0	0	0	0	0	0	0	0	0	0	0	0	0	0	0	0	0	0	0	0	0	0	0	6	3.75	1.5	0	31	0	0.5	4.5	38.75	0.75	0	31	26.75	0.5	0	40.75	29.75	11.75	0	10.75	7.5	1	0	1.25	0	0	6.75	0	0.75	0.5	0	3.75	26.75	3.75	0	26.25	0	18.25	0	3.25	13.25	3.25	2.75	4.25	0.5	1	0	10.25	0
4464267	0	0	0	0	0	0	0	0	0	0	0	0	0	0	0	0	0	0	0	0	0	0	0	0	0	8	7.75	22.5	55.5	13.25	71.5	6.25	7.5	4.25	15.25	63.25	4.75	9.25	2.25	13.75	0	4.75	28.75	91.25	113	16.75	24	0	3.5	14.5	45.75	87.25	47.75	13	17.25	31.5	47.75	55	55.75	32	12.75	4.5	2.5	11.5	41.75	22.75	50	64.75	4.75	0	59.25	0	12.75	12.25	75
627071	0	0	0	0	0	0	0	0	0	0	0	0	0	0	0	0	0	0	0	0	0	0	0	0	0	0.6	0	0.6	0	0.6	0	0	0	0.4	0	0	0	0	0	0	0	0	0	0	0	0	0	0.8	0	0.6	0	0	0	0.4	0.6	0.6	0.6	0	0	0	3.6	0	0	1	0.8	1.2	0	0	0	3.6	0.6	0.8	1	0	2.4
567669	0	0	0	0	0	0	0	0	0	0	0	0	0	0	0	0	0	0	0	0	0	0	0	0	0	0	0	0	0	0	0	3.33333333333333	0	0	0	0	0	0	0	0	0	0.666666666666667	0	0	0.666666666666667	0	0	0	0	3.33333333333333	0.666666666666667	4.66666666666667	0.666666666666667	3.33333333333333	3.66666666666667	0	0	0	1.33333333333333	1.66666666666667	0.666666666666667	0	0.666666666666667	0	3.33333333333333	2.66666666666667	0	0	0	0	0	0.666666666666667	23.3333333333333	0	0
907684	0	0	0	0	0	0	0	0	0	0	0	0	0	0	0	0	0	0	0	0	0	0	0	0	0	0.5	1.75	0	0	0	0	0.5	0	0	0	0	0	0	0	0	0	0	0	2	0	1.5	0	0	0	0	0	2.75	0	0.75	1.25	1	0	0	0	0	0	0.75	0	0	0	1	1.75	0.5	0.5	0	0	0	0.5	0	0
4380039	0	0	0.75	2	6.5	4.25	1.25	2	0	0	0	1	0	0.5	0	0	6.25	5.5	3.75	2.5	3	4	0	4	4.75	0	0	0	0	0	0	0	0	0	0	0	0	0	0	0	0	0	0	0	0	0	0	0	0	0	0	0	0	0	0	0	0	0	0	0	0	0	0	0	0	0	0	0	0	0	0	0	0	0	0
4340162	0	0	0	0	0	0	0	0	0	0	0	0	0	0	0	0	0	0	0	0	0	0	0	0	0	0	0	3.6	0.6	0	0	0	1.2	0	2.4	0	0	0	0.4	0.6	0	0.4	0.8	0	2	0	5.2	0	2.6	1.4	0	0	0	0	0	0	0	1	1.6	1.2	0.6	1.6	0	0	0	0	0.4	0	0	0	0	0	0.6	0.6	0
956982	0	0	0	0	0	0	0	0	0	0	0	0	0	0	0	0	0	0	0	0	0	0	0	0	0	0	0	0.6	0	0	0	0	1.4	0	1.4	0.6	0	0	0	0	0	0.4	0.6	0.4	3.2	0	3.4	0	4.2	2.6	0	0	0	0	0	0	0	3.6	0.6	1.2	0	3.2	0.4	0	0	1.2	0	1.6	0	0	0	0	1.8	0.8	0
4483037	0	0	0	0.333333333333333	0	0.666666666666667	0.333333333333333	0	0.5	0.333333333333333	0	0	0	0.5	0	0.833333333333333	2.16666666666667	0	0	0	0	0.333333333333333	0.5	0	1.33333333333333	0	0	0	0	0	0	0	0	0	0	0	0	0	0	0	0	0	0	0	0	0	0	0	0	0	0	0	0	0	0	0	0	0	0	0	0	0	0	0	0	0	0	0	0	0	0	0	0	0	0
4423790	0	0	0	0	0	0	0	0	0	0	0	0	0	0	0	0	0	0	0	0	0	0	0	0	0	0	0	0	0	0	0	0	0	323.666666666667	0	34.6666666666667	0	0	19.6666666666667	59.6666666666667	0	27.3333333333333	31.6666666666667	0.666666666666667	0	0	13	212.666666666667	2.33333333333333	3.66666666666667	3	0	0	0	0	0	0	29.6666666666667	5	5.33333333333333	0	16.6666666666667	0	0	0	3.33333333333333	0	4.66666666666667	55.3333333333333	99.3333333333333	0	0	0.666666666666667	12.3333333333333	1
4355792	0	0	0	0	0	0	0	0	0	0	0	0	0	0	0	0	0	0	0	0	0	0	0	0	0	0	0	0.285714285714286	0.714285714285714	0	0.571428571428571	0.285714285714286	0.857142857142857	2.14285714285714	0	0.857142857142857	0	0	0	0	0	0.714285714285714	0	1.28571428571429	0	0	1.28571428571429	0	0	0	0	0	0	0	0	0	0	0	0	0	0	0	0	0	0	0	0	0.571428571428571	0	0	0	0	0	0.714285714285714	0
4366487	0	0	0	0	0	0	0	0	0	0	0	0	0	0	0	0	0	0	0	0	0	0	0	0	0	0	8.25	0.5	7.25	80.25	32.75	0	55	0	11.5	39.5	0	10.5	5.25	2.5	0.75	10.5	1	0	0	17.5	2.25	0.75	3	0	0	3.75	22	0	0	52.25	0	1.5	28.5	12.75	0	8.75	0.75	14.25	0	2.25	40.25	50.5	5.25	1.5	70.75	1.25	1	34	2.25
787663	0	0	0	0	0	0	0	0	0	0	0	0	0	0	0	0	0	0	0	0	0	0	0	0	0	0	0	0	0	0.25	0	0	0	0	0	0	1.625	0	0	0	0	0.375	0	0	0	0	0	0.5	0	0	0	0	0	0	0	0	0	0.25	0	0	0	0.5	0	0	0	0	0	0	0.375	0.5	0	0	0	0.375	0
921101	0	0	0	0	0	0	0	0	0	0	0	0	0	0	0	0	0	0	0	0	0	0	0	0	0	0.5	0	0	0	0	0	0	0	0	0	0	0	0	0	0	0	0	0	0	0	0	0	0	0	0	0	0	0	0	0	0	0	0	0	0	2	0	0.75	0	0	1.5	0	0	0	0	0	0	0	0	1
4483015	0	0	0	0	0	0	0	0	0	0	0	0	0	0	0	0	0	0	0	0	0	0	0	0	0	3.75	2.5	5.25	1	9.5	2.75	3.25	2.25	10	2.75	7.5	2.75	0	0.5	9.5	6.25	0.5	2	1.25	5.5	1.25	3.75	0	0.75	6.25	6.75	3.75	1.75	4.5	2.25	8	6	5	4.25	2.25	9.5	2.25	3.5	4.25	6.75	4.5	10.5	3.25	1.25	0	8.75	1	25.25	6.25	5.75
4470078	0	0	0	0	0	0	0	0	0	0	0	0	0	0	0	0	0	0	0	0	0	0	0	0	0	0	158.4	79.8	41	72.4	121.2	6.2	76.4	24.4	119.8	31.4	0	12.4	30.6	17	35.2	36.8	39.8	16.8	87.8	182.6	126.2	47.8	67.2	14.6	148.2	70.4	130.6	27.6	12.6	77.2	0	37.6	74.4	153.4	8.2	61.2	61.6	192.2	29.8	39.4	120.2	45.4	1.2	45	143.6	131.6	10.6	62.4	151.8
4297119	0	0	0	0	0	0	0	0	0	0	0	0	0	0	0	0	0	0	0	0	0	0	0	0	0	0	0	0	2.8	5.6	7	0	15.6	0	21.6	0.4	4.6	0.6	16	0	0	21.6	4.4	0	0.8	0	0	1.2	30.8	0	0	1.2	6.6	0	0	0.4	0	0	12.8	0	0	5.4	0	13.6	0	0	5.4	0.4	0	3.4	3.2	25.8	0	4.4	0
4465275	0	0	1.66666666666667	1	1.33333333333333	0	1.33333333333333	0	0	0.666666666666667	0	0	1	0	0	1	1.66666666666667	0	0.666666666666667	0	0.666666666666667	0	0	3.33333333333333	0	0	0	0	0	0	0	0	0	0	0	0	0	0	0	0	0	0	0	0	0	0	0	0	0	0	0	0	0	0	0	0	0	0	0	0	0	0	0	0	0	0	0	0	0	0	0	0	0	0	0
4447992	0	0	0	0	0	0	0	0	0	0	0	0	0	0	0	0	0	0	0	0	0	0	0	0	0	0	0	0.5	0	0	0	1.75	0.5	0	0	0	0	0	0	0.5	0.75	0	0	0	0	0	0.75	0	0	1.25	0	0	0	0	0.75	0	0	0.5	0	0	0	0	0	0	0	0	0	0	0	0	0	0	0	0	0
4447993	0	0	0	0	0	0	0	0	0	0	0	0	0	0	0	0	0	0	0	0	0	0	0	0	0	0	0	6	0	22.75	21.5	0	0	1	22.25	4.5	1.75	2.5	7.25	0	94	20.25	20.75	8.25	0.75	0	11	0	12	0	20	4.75	33	0	0	7	0	23.25	17.5	6.75	0.5	19.25	21	10.5	0	1.5	0	6.75	0	0	1.25	0	0	7	1
4435065	0	0	0	0	0	0	0	0	0	0	0	0	0	0	0	0	0	0	0	0	0	0	0	0	0	0	0	0.5	0	0	0	0	1	0	0.5	0.75	3.5	0.5	0.75	0	0	0	0	0	0	0	0	0	0	0	0	0	0	0	0	0	0	0	0	0	0	0	0	0	0	0	0	0	0	0	0	0	0	0	0
4459993	0	0	0	0	0	0	0	0	0	0	0	0	0	0	0	0	0	0	0	0	0	0	0	0	0	2.33333333333333	8.66666666666667	79.6666666666667	4	0	32.3333333333333	2	7.66666666666667	11.3333333333333	61.6666666666667	41	0.666666666666667	10.6666666666667	2	55	1.33333333333333	2	25.6666666666667	52.3333333333333	71.3333333333333	8.66666666666667	39	4.66666666666667	78.3333333333333	7.33333333333333	66.6666666666667	72	54.3333333333333	2.33333333333333	27.3333333333333	99	19.3333333333333	72	46.3333333333333	28.6666666666667	0	14.6666666666667	13.6666666666667	12.3333333333333	3	40.3333333333333	127.333333333333	32	4.66666666666667	29.6666666666667	49.3333333333333	0	5.33333333333333	89.6666666666667	18.6666666666667
4477897	0	0	0	0	0	0	0	0	0	0	0	0	0	0	0	0	0	0	0	0	0	0	0	0	0	0	0	0	0	2.33333333333333	1.33333333333333	0.666666666666667	0.666666666666667	0	0	1.66666666666667	0	0	1.33333333333333	0	1	0	0	0	1	0	1	0	1	0	1.33333333333333	0	4.66666666666667	0	0	0	0	0	0	0	0	0	0	0.666666666666667	0	0.666666666666667	0	1.33333333333333	0.666666666666667	0.666666666666667	1.66666666666667	1	0	0	0
4477547	0	0	0	0	0	0	0	0	0	0	0	0	0	0	0	0	0	0	0	0	0	0	0	0	0	0	3.2	0.8	2.2	11.8	4.4	0	4.2	0	6.4	3.6	2	2.2	1.8	0	0.8	2.6	0.8	2.6	0.8	1.6	1.6	2	5.6	0.4	0.4	0.6	6.8	0	0	4.6	0	0.4	3.2	2.2	0	6.2	1	8.8	0	0	4	2	9	2.8	4.8	1.2	0	9.8	0.6
4431355	0	0	0	0	0	0	0	0	0	0	0	0	0	0	0	0	0	0	0	0	0	0	0	0	0	10.3333333333333	74.6666666666667	1.33333333333333	4	0	27	6.66666666666667	8	9	14.3333333333333	34	0	5.66666666666667	0.666666666666667	1.33333333333333	0.666666666666667	1	5.66666666666667	41.6666666666667	18	76	9.66666666666667	5.66666666666667	8.33333333333333	17.6666666666667	0	132.666666666667	164.333333333333	9.33333333333333	1.33333333333333	13.6666666666667	22.3333333333333	15.6666666666667	23.6666666666667	28.6666666666667	0	11.3333333333333	1	6.66666666666667	1.66666666666667	37.3333333333333	78	65.3333333333333	2	16	48	1.66666666666667	95.6666666666667	20.3333333333333	2
4472721	1.25	0	13.5	3	9.75	23	2.5	4	0	69.75	7	0	0	21.5	1.75	0	18.75	1.25	0	0	0	38.25	10	2	0	0	0	0	0	0	0	0	0	0	0	0	0	0	0	0	0	0	0	0	0	0	0	0	0	0	0	0	0	0	0	0	0	0	0	0	0	0	0	0	0	0	0	0	0	0	0	0	0	0	0
4446120	3	0.5	1.25	3	0	1	0	1	0.5	0	13.5	0.75	4	2.25	1.75	2	0.75	0	1.75	1.5	0.75	0.75	1.75	4.75	5.5	0	0	0	0	0	0	0	0	0	0	0	0	0	0	0	0	0	0	0	0	0	0	0	0	0	0	0	0	0	0	0	0	0	0	0	0	0	0	0	0	0	0	0	0	0	0	0	0	0	0
851935	0	0	0	0	0	0	0	0	0	0	0	0	0	0	0	0	0	0	0	0	0	0	0	0	0	0	0.5	0	5.25	3.75	2.25	0	23.25	0	9.25	2.25	0	0	0	18.5	0	0	26	8.5	0	1.5	1.5	0	1.5	6	10.25	0	4.25	0	6.5	5.75	0.5	13.5	13.25	0	0	0	0	0	0	16.75	0	6.5	9	1	13.25	0	0	6.5	2.25
4437515	5	0	0	0	0	0	1.33333333333333	0	0	0	9.33333333333333	1.33333333333333	0	0	0	0	0	0	0	0	2	0	0	0	1.33333333333333	0	0	0	0.666666666666667	0	1.33333333333333	0	1.66666666666667	2	2	1.33333333333333	2.66666666666667	0	6.33333333333333	0	0	0.666666666666667	0	0	0	0	0	7.66666666666667	1	0	0	0	0	0	0	0	0	0	0	0	0	0	0	0	0	0	0	0	0.666666666666667	7.66666666666667	0	0	0	0	0
4474951	0	0	0	0	0	0	0	0	0	0	0	0	1.8	0	0	0	0	0	0	0	0	0	0	0	0	1.4	1.6	4.8	2.4	22.2	1.2	0	0.6	4.4	3.4	4.6	43.8	2.2	2.2	4.2	37.6	7.4	6	2.2	83.8	5.6	7.2	0.4	3.2	13.8	3.6	14	0	0	3.8	2.6	3.8	23.2	5.2	15.6	33.6	4.8	16.6	7.2	7.2	4.8	26.4	4	2	0	17.4	1.6	19.6	4.8	6.2
4470016	0	0	0	0	0	0	0	0	0	0	0	0	0	0	0	0	0	0	0	0	0	0	0	0	0	0	1.2	0	9.8	0	1.8	0	12.2	3.8	0	29.4	0	88.6	10.4	0	0	14.8	10.4	8.4	0	0.6	0	5.4	17.8	0.8	2.8	0	0	0	0	0	0	5	0.4	0.4	0	18.8	0	0	0	0	1.2	3	17.6	4.2	0	0	0	13.8	0.4
4440404	0	0	0	0	0	0	0	0	0	0	0	0	0	0	0	0	0	0	0	0	0	0	0	0	0	0	1.5	2.5	0	0	1.5	0.75	1.5	1	6	11.25	0	0	0	0.5	0	0	0	0	0.75	3.25	0	0	65.25	0	14.5	0	0.75	0	0	0	1.25	0	1.25	0.5	0	0	0	0	0	1.5	0.75	8	0.5	3.5	0	0	0	4	0.5
4457064	21.6666666666667	0	72.3333333333333	227.666666666667	46.3333333333333	203.333333333333	85.6666666666667	65.3333333333333	5.33333333333333	240.333333333333	43	162.666666666667	113.666666666667	106	460.333333333333	79	45	16.3333333333333	101.333333333333	139.333333333333	0	227.666666666667	71.3333333333333	103	0	0	0	0	0	0	0	0	0	0	0	0	0	0	0	0	0	0	0	0	0	0	0	0	0	0	0	0	0	0	0	0	0	0	0	0	0	0	0	0	0	0	0	0	0	0	0	0	0	0	0
955003	0	0	0	0	0	0	0	0	0	0	0	0	0	0	0	0	0	0	0	0	0	0	0	0	0	0	0	0	0	0	0	0	0	0	0	5	0	0	3	24.25	0	5	0	0	0	0	0	0	0	0.5	0	0	0	0	0	0	0	0	0.5	0	0.5	7.25	0	0	0.5	0	0	3.75	0	0	0	0	0.5	0	0
4451646	0	0	0	0	0	0	0	0	0	0	0	0	0	0	0	0	0	0	0	0	0	0	0	0	0	0	6.75	0	4.25	4.75	6	0	4.5	0.75	10.25	9	0.5	0	1.5	0	0	1.5	3.25	0.5	3.75	7.75	9.75	0	23	2	2	4.25	10.25	0	0	16.25	0	9.5	15.5	8.25	1.25	11.75	0	13.5	0	5.25	0	11.75	1.25	0	11.25	0	18.5	3.5	1
4451397	0	0	0	0	0	0	0	0	0	0	0	0	0	0	0	0	0	0	0	0	0	0	0	0	0	2	8	2.5	10	0	13.5	3.5	2.5	0	1.5	7	0	4.5	0	5.5	0	1.5	0	1.5	2.5	14	2	1	0	1	2	9.5	2	1	13	4.5	8.5	6.5	7.5	1	2	4	0	5	3.5	11	0	11	0	0	4	1	0	0	1.5
4437231	0	0	0	0	0	0	0	0	0	0	0	0	0	0	0	0	0	0	0	0	0	0	0	0	0	0	0	0	0	0	1	0	0	0	0	0.666666666666667	0	0	0	0	0	0.666666666666667	0	0	2	0	0.666666666666667	0	0.666666666666667	0.666666666666667	2.66666666666667	0.666666666666667	0	0.666666666666667	0	0	0	0	0	0.666666666666667	0	0	1.33333333333333	0	1	1	0	0	0	0	0	0	1.66666666666667	0	0
4473116	0	0	0.75	1.25	0.5	0	4.25	0	0	1.75	0	0	0	0	2.75	0.75	3	0	0	2	2.5	0	0	3.5	5	0	0	0	0	0	0	0	0	0	0	0	0	0	0	0	0	0	0	0	0	0	0	0	0	0	0	0	0	0	0	0	0	0	0	0	0	0	0	0	0	0	0	0	0	0	0	0	0	0	0
4477910	0	0	0	0	0	0	0	0	0	0	0	0	0	0	0	0	0	0	0	0	0	0	0	0	0	39.3333333333333	92.6666666666667	0	59	24	1.33333333333333	3.33333333333333	7.33333333333333	43.6666666666667	11.6666666666667	47.3333333333333	0	2.66666666666667	2	37.6666666666667	0	2.33333333333333	3.33333333333333	4.66666666666667	7.66666666666667	116	27.6666666666667	0	5	33.6666666666667	21	120	51.6666666666667	34.6666666666667	13	63.6666666666667	20	9	12.6666666666667	56.3333333333333	4	7.33333333333333	0	0	0	92.6666666666667	47.3333333333333	21.3333333333333	12	2	8.33333333333333	101.333333333333	252.333333333333	54.3333333333333	7.33333333333333
4472294	0	0	0	0	0	0	0	0	0	0	0	0	0	0	0	0	0	0	0	0	0	0	0	0	0	29.25	49.25	2.25	34.75	40.25	0.75	5.75	2.25	13.25	1.75	56.25	0	1	2.25	23.25	20.75	2.5	6	116.5	20	45.25	1.25	0.75	3.25	1.75	18	44.25	35	43	10	41.5	48.25	11.25	10.75	2.75	2.25	4.25	39.5	7.5	7.5	31.25	203.5	81	11.25	1	1.25	61.5	6	6.25	83.5
4393181	0	0	0	0	0	0	0	0	0	0	0	0	0	0	0	0	0	0	0	0	0	0	0	0	0	0	0	0	6.5	0	0	0	4.5	2.5	0	0	0	1	1.5	0	0	0	1.5	0	0	0	6	0	0	0	2	0	0	0	0	0	0	0	0	0	0	1	0	0	0	0	0	0	4.5	0	0	0	0	0	1.5
4319972	0	0	0	0	0	0	0	0	0	0	0	0	0	0	0	0	0	0	0	0	0	0	0	0	0	0	0	0	0	0	0	0	0	0	0	0.5	0	0.75	0	0	0	0.5	0.75	0	0	0	0	0	0	0	0	0	0	0	0.5	0	0	0	0.5	0	0	2	0	0	0	0	0	0	1.25	0	0	0	0	0	0
4459669	0	0	0	0	0	0	0	0	0	0	0	0	0	0	0	0	0	0	0	0	0	0	0	0	0	0	0	2	0	4	2.6	0.4	0.4	0	2.4	4.2	1.6	1.6	5.8	0	40	10.6	1	5.4	3.8	0	0	0.4	10.2	0.6	3	0	4.4	0	1.8	6.2	0	4.4	1.2	1.2	0.8	19.8	5.8	3	0	0	1	4.8	1.2	0	2.6	0	0	3	1
4308098	0	0	0	0	0	0	0	0	0	0	0	0	0	0	0	0	0	0	0	0	0	0	0	0	0	0	0	0	0	0	0	0	0	0	0.4	2	0.6	0.4	1	0	0.8	0.6	0.6	0	0	0	0	0	0	0	0	0	0.6	0	0	0	0	0	1.4	0	0	0.8	0	0.4	0	0	0	1.8	0	0	0	0	0	0.6	0
4350387	0	0	0	0	0	0	0	0	0	0	0	0	0	0	0	0	0	0	0	0	0	0	0	0	0	0	0	0	21.6666666666667	0	2	0	2.66666666666667	0	4	0	0	0	0	0	0.666666666666667	1.33333333333333	0	0	3	0	0	0	0	0	1.66666666666667	0	0	0	0	0	0	0	0	0	0	1.66666666666667	2.33333333333333	0	0	0	0	5.33333333333333	2.33333333333333	0	0	0	0	0	0
1080820	0	0	0	0	0	0	0	0	0	0	0	0	0	0	0	0	0	0	0	0	0	0	0	0	0	0	1	0	0	0	0	0	0	0	0	0.6	0	0	0	0	0	0	0	0	0	0	0	0	10.6	1.8	0.4	0	0	0	0	0	0	0	1.6	0.4	0	0	0	0	0	1.2	0	0.8	0	0	0	0	0	0	0
4459414	0	0	0	0	0	0	0	0	0	0	0	0	0	0	0	0	0	0	0	0	0	0	0	0	0	0	3.2	2.8	13.4	42.4	26.2	0	15	0.4	36.4	9.2	17.6	10.6	5.2	1.6	1.8	14.6	7.6	6.6	3.6	7.6	6	1.4	13.2	1.4	2.8	2	19.8	0	0	6.8	0	4.6	13.8	10	0.4	28.8	4.6	38	0	0	14.6	12.4	32.4	2.4	23.6	6.2	0.6	47.2	1.6
4342860	0	0	0	0	0	0	0	0	0	0	0	0	0	0	0	0	0	0	0	0	0	0	0	0	0	0	0.75	0	0	0	0	0	0	0	0	0.5	0	0	0.5	0	0	0	0	0	0	0	0.5	0	0	0	0.5	0	0	0	1.25	0	0	0	0.5	0	0	0	0	0	0.5	0	0	0	0	0	0	0	0	0	0
4431828	0	0	0	0	0	0	0	0	0	0	0	0	0	0	0	0	0	0	0	0	0	0	0	0	0	0	0	10.25	1.25	1.5	0	26.5	1.75	1.25	2.5	0	5	1	1.75	6.25	10.75	3.25	3	5.25	1.5	0.5	4	1.25	0	4.25	1	0	0.75	3	0	1.25	0.5	3.25	0.5	4	0	0.75	3.5	0	0.75	4.5	0	0.75	0	0.5	3.5	0	0	3.5	0.75
176108	0.666666666666667	0	1.66666666666667	0	0	1.33333333333333	0	1.66666666666667	0	1.33333333333333	0	2	0	0	0.666666666666667	1.66666666666667	0	0	1	2.33333333333333	0	1.66666666666667	1.33333333333333	0	0	0	0	0	0	0	0	0	0	0	0	0	0	0	0	0	0	0	0	0	0	0	0	0	0	0	0	0	0	0	0	0	0	0	0	0	0	0	0	0	0	0	0	0	0	0	0	0	0	0	0
4476578	1.16666666666667	0.666666666666667	9.33333333333333	0	0	0	1.5	14	5	0.333333333333333	0	0.5	0.5	0	0	0	0	0	0.5	1	0	0	0.333333333333333	0	0	0	0	0	0	0	0	0	0	0	0	0	0	0	0	0	0	0	0	0	0	0	0	0	0	0	0	0	0	0	0	0	0	0	0	0	0	0	0	0	0	0	0	0	0	0	0	0	0	0	0
122517	0	0	0	0	0	0	0	0	0	0	0	0	0	0	0	0	0	0	0	0	0	0	0	0	0	0	0.75	0.5	0	0	1.25	0	0	4.5	2.25	4.25	0	1.25	1.25	1.25	0	0	0	1.5	0.5	1	1	0	1	3.5	0.5	0	1.5	0	0.5	0.5	0	0.5	0	0	0	0.75	0	0	0	0.75	0	1.25	4	0.75	0	0	0.5	0.75	0
4419634	0	0	0	0	0	0	0	0	0	0	0	0	0	0	0	0	0	0	0	0	0	0	0	0	0	0	2	1.2	0	1.8	12.6	0	0	0.6	4.2	5.8	0	2.2	0	0	0	0.8	6.6	9	0	3.8	3.4	0.6	4.2	1.2	3	0.6	5	0	1	2.6	0.8	6.6	14.6	3.4	0	7.8	0	2	0	1.4	0	8	3	1.4	8.4	0	1.6	3.6	0
4321547	0	0	0	0	0	0	0	0	0	0	0	0	0	0	0	0	0	0	0	0	0	0	0	0	0	0	0	0	0	0	0	0	0	0.428571428571429	0	0	0	0.285714285714286	0.428571428571429	0	0	0	0	0	0	0	0.285714285714286	0	0	0	0	0	0	0	0	0	0	0.285714285714286	0	0	0	0	0	0	0	0	0	0	0	0	0	0.285714285714286	0	0	0
4470582	2.75	18.25	41.75	5.5	83	3.75	35	126.5	0	32	12.25	5.5	13	42.75	4	34.5	82	69.25	31.25	49	34.25	22.75	14	17.25	66.75	0	0	0	0	0	0	1.25	0	0	0	0	0	0	0	0	0	0	0	0	0	0	0	0	0	0	0	0	0	0	0	0	0	0	0	0	0	0	0	0	0	0	0	0	0	0	0	0	0	0	0
4382476	0	0	0	0	0	0	0	0	0	0	0	0	0	0	0	0	0	0	0	0	0	0	0	0	0	0	0	3.75	0	11	0	0	0.75	0	1	1	13.5	2.75	11.5	0	0	20.25	3.75	2	46	0	0	0	16	0	0.75	0	2.5	0	0	0	0	2.75	3	0	0	3.5	0	36	0	0	0.75	1.5	0	0	3.5	0	0	10.5	0.5
4471189	0	0	0	0	0	0	0	0	0	0	0	0	0	0	0	0	0	0	0	0	0	0	0	0	0	0	0	8.66666666666667	0	0	0	0	0	0	0	1.66666666666667	0	0	0	0	0	0	4.66666666666667	1	1.66666666666667	1	0	0	0	0	0.666666666666667	5	0	1	0	0	0	2	5.33333333333333	0	0	0	1	0	0	0	0.666666666666667	3.66666666666667	0	0	0.666666666666667	0	0	0	2
4359214	6	0	2	0	15.6666666666667	1	1.33333333333333	0	0	0	0	0	0	5.66666666666667	0.666666666666667	0	11	0.666666666666667	0	0	10.3333333333333	0.666666666666667	0	0	2.66666666666667	0	0	0	0	0	0	0	0	0	0	0	0	0	0	0	0	0	0	0	0	0	0	0	0	0	0	0	0	0	0	0	0	0	0	0	0	0	0	0	0	0	0	0	0	0	0	0	0	0	0
4438090	0	0	0.5	0.333333333333333	1.33333333333333	0.333333333333333	0	0	0	0	0	0	2	0	0	0	3	1.33333333333333	4.16666666666667	1.16666666666667	0	1.5	0	1.33333333333333	0	0	0	0	0	0	0	0	0	0	0	0	0	0	0	0	0	0	0	0	0	0	0	0	0	0	0	0	0	0	0	0	0	0	0	0	0	0	0	0	0	0	0	0	0	0	0	0	0	0	0
4469052	4	20	169	0	20	240	14	2	0	19	16	0	21	23	3	44	21	10	84	14	0	312	25	4	8	0	0	0	0	0	0	0	0	0	0	0	0	0	0	0	0	0	0	0	0	0	0	0	0	0	0	0	0	0	0	0	0	0	0	0	0	0	0	0	0	0	0	0	0	0	0	0	0	0	0
4468897	0	0	0	0	0	0	0	0	0	0	0	0	0	0	0	0	0	0	0	0	0	0	0	0	0	0.5	0.5	0	0	0.333333333333333	0	0	0	0	0	0	0	0	0	0	0.333333333333333	0	0	0	0	0	0	0	0	0	0.666666666666667	0	0	0.333333333333333	1.5	0	0.5	0	0.333333333333333	0	0.333333333333333	0	0.5	0.833333333333333	0	0	0	0	0	0.333333333333333	0	0.666666666666667	0.5	0	1.16666666666667
4468234	42.6	60.2	4	1.4	25.2	0	7.6	0	20	5.4	0	50	8.6	24.8	0	0	20.8	0	13.4	18.8	0.6	0	0	0.8	0.4	0	0	0	0	0	0	0	0	0	0	0	0	0	0	0	0	0	0	0	0	0	0	0	0	0	0	0	0	0	0	0	0	0	0	0	0	0	0	0	0	0	0	0	0	0	0	0	0	0	0
4417335	23.4	2.4	1.2	0	0	0	0	0	2.2	0.4	0	4.8	0	0	0	0	0.6	0	1	1.4	0	0	0	1.8	0	0	0	0	0	0	0	0	0	0	0	0	0	0	0	0	0	0	0	0	0	0	0	0	0	0	0	0	0	0	0	0	0	0	0	0	0	0	0	0	0	0	0	0	0	0	0	0	0	0	0
4402960	0	43.8	86.4	0	0	0	81.6	99.8	361.4	6.8	63.4	0	104.2	52.8	5.4	0	0	0	84.8	29.8	8	0	122	2.6	4.4	0	0	0	0	0	0	0	0	0	0	0	0	0	0	0	0	0	0	0	0	0	0	0	0	0	0	0	0	0	0	0	0	0	0	0	0	0	0	0	0	0	0	0	0	0	0	0	0	0	0
4347860	0	0	0	0	0	0	0	0	0	0	0	0	0	0	0	0	0	0	0	0	0	0	0	0	0	0	0	0	0	0.666666666666667	0	0	0	0	0	0	0	0	0	0	0	0	0	0	0	0	1	0	0	0	0.666666666666667	0	0	2	0	0	0	1	0	0	2	0	0	0.666666666666667	1	1	0	0	0	0	0	0	0	0	1.66666666666667
4465803	0	0	0	0	0	0	0	0	0	0	0	0	0	0	0	0	0	0	0	0	0	0	0	0	0	0	0	0	0	0	0	0	1.66666666666667	0	0.666666666666667	1	0	0	0	1	0	0	0	0	2.66666666666667	0	3.66666666666667	0	2.66666666666667	5.66666666666667	0	0	1.33333333333333	0	0	0.666666666666667	0	6	0	1.33333333333333	0	0	0	0	0	0.666666666666667	1.33333333333333	0	0	0	0	0	0.666666666666667	0	0
4472685	0	0	0	0	0	0.5	0	0	0	0	0	0	0	0	0	0	0.75	0	0	0.75	0	0.5	0	0	0	0.5	1	3.25	1.75	0	0	0	0	0	0	0	4.5	0	1.25	0	1.25	2	0	0	1.5	1.25	0	0	0.5	0	1.75	0	0	1	0	0	0	0	0	0.75	1.75	0	0.5	1.5	6	0	0	0	2.25	0	2.75	1.25	0	0	0
4469811	0	0	0	0	0	0	0	0	0	0	0	0	0	0	0	0	0	0	0	0	0	0	0	0	0	0	3.75	0	2	4.5	9.5	0	6.75	7	1.75	1	0	4.5	0	0.75	26	0	5.25	0	0	6.25	1.25	0.5	7.75	0	0	1.5	6.75	0	0	2.75	2.75	12.5	2	2.5	0	0	15.5	13.25	0	0.75	16.25	2.5	5	3.25	3.75	1.25	0.75	1.5	0
1057995	0	0	0	0	0	0	0	0	0	0	0	0	0	0	0	0	0	0	0	0	0	0	0	0	0	0	5.5	18	0	0	1	0	0	0	0	1.5	0	1.5	0	0	0	0	1.5	12.5	2.5	4.5	0	0	2.5	0	0	0	5.5	0	0	0	0	2	8.5	0	0	1	2.5	0	0	3	0	7	4	3	0	0	0	0	0
866280	0	0	0	0	0	0	0	0	0	0	0	0	0	0	0	0	0	0	0	0	0	0	0	0	0	0	0	0	0	0	0	0	0	0	0	0	0	0	0.666666666666667	0	0	0	0	0	0	0	0	0	0	0	0	1.33333333333333	0	1	0.666666666666667	0	0	0	0	0	2.33333333333333	0.666666666666667	0	0.666666666666667	0.666666666666667	0.666666666666667	0	0	0	0	0	0	0	0	1.33333333333333
4464348	0	0	0	0	0	0	0	0	0	0	0	0	0	0	0	0	0	0	0	0	0	0	0	0	0	78.75	39.5	80.25	45.25	43.5	15.75	58	9.25	18.25	12	7	20.75	10.25	11	48.5	63.5	9.5	30.5	10.25	10.75	43	34	2.25	12.5	90.75	60.75	32	16	52	45.5	33.5	44	25.75	34	27	113.25	14.25	60.5	46.25	143	26	2.25	11.75	11.75	6	34	59.75	110	10.5	43.25
4307228	0	0	0	0	0	0	0	0	0	0	0	0	0	0	0	0	0	0	0	0	0	0	0	0	0	0	0	0	0	0	0	0	0	0.666666666666667	0	0	0	18.6666666666667	0	0	0	3	3	0.666666666666667	0	0	11	0	0	0	0	0	0	0	0	0	0	2	0.666666666666667	0	0	5.66666666666667	0	0	0	0	0	0	29	0	0	0	0	0	0
4447444	0	0	0	0	0	0	0	0	0	0	0	0	0	0	0	0	0	0	0	0	0	0	0	0	0	0	2	0	1.5	0	8.5	2	0	0	1.5	2	0	2	1	2	0	0	0	0	0	5.5	0	1.5	1	0	0	1.5	2.5	0	8.5	0	1.5	1	4.5	1.5	0	1.5	0	2	0	4	0	5	1	1	2	3	0	1	2
4330572	0	0	0	0	0	0	0	0	0	0	0	0	0	0	0	0	0	0	0	0	0	0	0	0	0	1	1.25	0.75	2	0	5.25	4.25	0.5	1	1	0.5	1.75	0	0.75	0.5	2.25	0	0	11.75	2.25	2	0.75	0.5	3.25	0.75	4.25	2.5	18.25	2	1	1	1.75	3.25	1.5	3.5	5	1	0.5	0.75	0.75	1.25	1.75	1.25	0	0	6	0	0.5	2	4.25
176660	0	0.8	0.6	0	0.6	0	0.4	1.6	0.4	5.4	5.2	0	0	0.4	0	0	0	0	0	5.8	0	0	0	0	0	0	0	0	0	0	0	0	0	0	0	0	0	0	0	0	0	0	0	0	0	0	0	0	0	0	0	0	0	0	0	0	0	0	0	0	0	0	0	0	0	0	0	0	0	0	0	0	0	0	0
898309	0	0	0	0	0	0	0	0	0	0	0	0	0	0	0	0	0	0	0	0	0	0	0	0	0	0	0	0.5	0	0	0	0	0	0	0	1.75	0	0	0	0.5	0	0	0	0	3.75	1	1.5	0	0	1.25	0	0	0	0	0	0	0	0.75	1	0.75	0	0	0	0	0.5	0.75	3.5	0	0	0	0	0	2	0	0
4299026	0	0	0	0	0	0	0	0	0	0	0	0	0	0	0	0	0	0	0	0	0	0	0	0	0	0	0	0	0	0	0	1.33333333333333	0	0	0	0	0	0	0	0	0.666666666666667	0	0	0	0	0.666666666666667	0.666666666666667	0	0	0	0	0	0	0.666666666666667	0	0	0	0.666666666666667	0	0.666666666666667	0	0	1.33333333333333	0	0	0	0	0	0	0	0	0	1.66666666666667	0	0
4479443	73	0	3	2	5	0	0	0	2	0	4	0	0	0	6	8	6	0	0	0	6	2	0	0	0	0	0	0	0	0	0	0	0	0	0	0	0	0	0	0	0	0	0	0	0	0	0	0	0	0	0	0	0	0	0	0	0	0	0	0	0	0	0	0	0	0	0	0	0	0	0	0	0	0	0
1088118	0	0	0	0	0	0	0	0	0	0	0	0	0	0	0	0	0	0	0	0	0	0	0	0	0	0	0	9.25	0	0	0	2.5	0	0	0	0	1.75	0	0	0	0	0	0	0	0	0	0	0	16.75	0	0	0	0	0	0	0	0	0.75	1.25	0	0	0	0	0	0	0	3.25	0	0	0	4	0	0	0	0
4368827	0	0	0	0	0	0	0	0	0	0	0	0	0	0	0	0	0	0	0	0	0	0	0	0	0	76.5	20.75	0	6.75	0	1	0	7	0	0	16	0	0	0	0	0	0	0	1.75	0	23.75	0	0	0	9.25	0	0	0	0	0	0	33	0	0	0	0	0	0	0.5	0	0	0	30.75	0	0	1	31.75	0.75	0	0
41911	0	0	0	0	0	0	0	0	0	0	0	0	0	0	0	0	0	0	0	0	0	0	0	0	0	0	0	1.25	1.5	1.25	0	0	1.75	0	0.75	1.5	9	2.5	2	0	0	12.25	0	0	0	0	0	0	3.75	0	0	0	6.25	0	0	0	0	0	0	0	0	6.25	0	0	0	0	0	0.75	4.5	0	0.5	0	0	2.75	0
4408085	0	0	0	0	0	0	0	0	0	0	0	0	0	0	0	0	0	0	0	0	0	0	0	0	0	1.5	0	0	1.66666666666667	0.666666666666667	0	0	0	0	0	0.666666666666667	1.33333333333333	0	0	0	0	0.833333333333333	0.5	0	0	0	0	0	0.666666666666667	0.5	0	0	0.5	0	0	0	0.666666666666667	0.333333333333333	0.333333333333333	0	3.33333333333333	0	0	0	0	0.333333333333333	0	0	0	0	0	0	0	0	0
4425512	0	0	0	0	0	0	0	0	0	0	0	0	0	0	0	0	0	0	0	0	0	0	0	0	0	0	0	0	0	0.666666666666667	0.666666666666667	0	0	0	0	0	0	0	0	0	0	0	0	0	0	0	0	0	0.666666666666667	0	0	0	0	0	0.666666666666667	0	0	0	0	0	0	0	0	0	0	0	0.666666666666667	0	0	0	0	0	0	0	0
3374533	0	0	0.75	8.5	5.25	0	10	1	0	1.25	0	0	0	0	0	28.25	11.75	0.5	0	3.75	0	0	0	5.5	0	0	0	0	0	0	0	0	0	0	0	0	0	0	0	0	0	0	0	0	0	0	0	0	0	0	0	0	0	0	0	0	0	0	0	0	0	0	0	0	0	0	0	0	0	0	0	0	0	0	0
4480244	26.6666666666667	3	0	0	10.3333333333333	0	65.6666666666667	0	0	3	33.6666666666667	34	0	0	0	0	14.6666666666667	0	0	0	65	0	0	0	106.333333333333	0	0	12.6666666666667	7.33333333333333	4	15.3333333333333	0	30.3333333333333	35.6666666666667	19.6666666666667	21	64	13.6666666666667	34.3333333333333	0.666666666666667	0	56	2	0	0	0.666666666666667	1.66666666666667	10.6666666666667	6	0	4	1.66666666666667	1	0	1.33333333333333	0	0	1.33333333333333	1	0	0	22.6666666666667	0	0	0	1.66666666666667	0	2.66666666666667	21.3333333333333	8.66666666666667	15.6666666666667	1.33333333333333	0	17	1.66666666666667
4480246	0	0	0	0	0	0	0	0	0	0	0	0	0	0	0	0	0	0	0	0	0	0	0	0	0	0	0.5	0	2.625	2.125	5.25	0	1	1	4.25	2.375	0	1.875	2.125	0	0	2.875	4.25	5.875	0	0.75	2.5	0.5	0	0	0	0	6.75	0	0	1.625	0.875	6.75	3.25	1.875	0	3.125	0	0	0	11	0	2.5	4.875	0.625	0	0	0	3.625	0
4472949	0	0	0	0	0	0	0	0	0	0	0	0	0	0	0	0	0	0	0	0	0	0	0	0	0	0	1.57142857142857	17.2857142857143	29.8571428571429	32.8571428571429	40.2857142857143	59.8571428571429	29.1428571428571	85.5714285714286	15.4285714285714	63.5714285714286	37.5714285714286	28.4285714285714	23.8571428571429	12.8571428571429	5.57142857142857	34.2857142857143	28.1428571428571	35.1428571428571	0	2.42857142857143	18.2857142857143	50.2857142857143	16.4285714285714	2.57142857142857	4.71428571428571	1	13.5714285714286	2.14285714285714	20.1428571428571	0	1	19.7142857142857	13.4285714285714	3.57142857142857	2.71428571428571	23.4285714285714	0.285714285714286	2.71428571428571	0	2.28571428571429	1.28571428571429	17.4285714285714	38.5714285714286	51.1428571428571	35.1428571428571	2.28571428571429	1.28571428571429	32.8571428571429	1
4472130	0	0	0	0	0	0.666666666666667	0	0	0	0	0	0	0	0.666666666666667	0	0.666666666666667	1.66666666666667	0	0	0	0.666666666666667	0	0	0	2	0	0	0	0	0	0	0	0	0	0	0	0	0	0	0	0	0	0	0	0	0	0	0	0	0	0	0	0	0	0	0	0	0	0	0	0	0	0	0	0	0	0	0	0	0	0	0	0	0	0
1096842	0	0	0	0	0	0	0	0	0	0	0	0	0	0	0	0	0	0	0	0	0	0	0	0	0	0	0.4	1.8	4	0	0	0	2	2.2	0	22.8	0	0	0	13.8	0	0.4	1.4	0	13	4	14.8	0	2	10.4	0	0.4	0	0	0.4	0	2.8	0.4	0	12.4	0	10.2	0	0	2.2	5	3	22.2	27.4	0	0	0	11.2	11.2	0
4369272	0	0	0	8	12.6	18	0	0	0	83	27	44.6	0	0	11.2	0	13.8	1.4	0	9.4	43.4	13	22.6	10.6	34.6	0	0	0	0	0	0	0	0	0	0	0	0	0	0	0	0	0	0	0	0	0	0	0	0	0	0	0	0	0	0	0	0	0	0	0	0	0	0	0	0	0	0	0	0	0	0	0	0	0	0
4334479	0	0	0	0	0	0	0	0	0	0	0	0	0	0	0	0	0	0	0	0	0	0	0	0	0	0	0	0	1	0	0	0	0	0	0	0	0	0	0	0	0	1.66666666666667	0	0.666666666666667	0	0	0.666666666666667	0	0	0	0.666666666666667	0	0	0	0	0	0	0	0	0	0	1	0	0	0	0	0	0	0	0	0	0	0	0	0.666666666666667
4387963	0	0	0	0	0	0	0	0	0	0	0	0	0	0	0	0	0	0	0	0	0	0	0	0	0	0	0	1.8	2.8	22.8	10.4	0	5.4	2.2	23	8	24	7.8	7	0	3	15.6	7.2	0	0	1.2	0.8	0	16	0	0.6	0.6	5.2	0	0	0.4	0	4	5.2	1.6	1	8.2	0	35	0	0	1.2	5.6	33.6	0.4	20	0	0	20.2	0
4428568	0	0	0	0	0	0	0	0	0	0	0	0	0	0	0	0	0	0	0	0	0	0	0	0	0	0	0	0	0	0	0	1.33333333333333	0	0	0	0	0	0	0	0.666666666666667	0	0	0	0	0	0.666666666666667	0	0	0	0	0.666666666666667	1	0	1	0	0	0	0	0	0	0	0	0	0	0	0	0	0	0	0	0	1	0	0	0
4473972	1.6	0.6	0.6	0	0	0.4	0	0	1.4	1	1.8	2.2	1.4	0	0	1.8	0	0	0.4	0	0	0.4	2.2	0	0	0	0	0	0	0	0	0	0	0	0	0	0	0	0	0	0	0	0	0	0	0	0	0	0	0	0	0	0	0	0	0	0	0	0	0	0	0	0	0	0	0	0	0	0	0	0	0	0	0	0
92629	0	0	0	0	0	0	0	0	0	0	0	0	0	0	0	0	0	0	0	0	0	0	0	0	0	0	0	0	0	0	0	0	1	0	0	1.25	0	0.75	2	0	0	3.5	0	0.5	0	0	0.5	1.5	1.75	0	0	0	0	0	0	0	0	0	0	0	0	0.5	0	0	0	0	0	0	0	0	0	0	0	1.75	0
16649	0	0	12	0	7.5	5.5	90.5	5	0	1.5	0	0	1.5	0	0	0	2.5	0	1.5	36	19	4.5	0	0	4	0	0	0	0	0	0	0	0	0	0	0	0	0	0	0	0	0	0	0	0	0	0	0	0	0	0	0	0	0	0	0	0	0	0	0	0	0	0	0	0	0	0	0	0	0	0	0	0	0	0
3272632	0.4	4.6	1.2	0	0.4	0	0	1.2	1.6	0.4	0.6	1.8	3.6	0.4	0	0	0.4	0	3.8	0	0	0	1.4	0	0	0	0	0	0	0	0	0	0	0	0	0	0	0	0	0	0	0	0	0	0	0	0	0	0	0	0	0	0	0	0	0	0	0	0	0	0	0	0	0	0	0	0	0	0	0	0	0	0	0	0
4323508	0	0	0	0	0	0	0	0	0	0	0	0	0	0	0	0	0	0	0	0	0	0	0	0	0	4	0.5	0	0	0	12.25	0	0	0	9.5	6	0	0	0	0	0	0	0	0	0	1.5	5.25	0	1	0.5	0	0	0.5	0	0	3.5	9	0	0	14.75	0	0	0	0	0	0.5	0	9.5	6.25	0	0	0	0	0	0
4436334	0	0	0	0	0	0	0	0	0	0	0	0	0	0	0	0	0	0	0	0	0	0	0	0	0	0	0	1.33333333333333	0	0	0	0	0	0	0	0	0	0	2.33333333333333	0	0.666666666666667	0	0	0	0	0	4	0	0	0.666666666666667	1	0	1	0.666666666666667	0	0	0	0	0	1.33333333333333	0	0	0	0	0	0	0	0	0	0	0	0	0.666666666666667	0	0.666666666666667
4474756	0	0	0	0	0	0	0	0	0	0	0	0	0	0	0	0	0	0	0	0	0	0	0	0	0	0	0	3.5	1.75	2	0	18	2.25	1	0.75	0.5	6.25	0	3	5	7	5.5	3	6	2.5	0	2.25	0	0	2.75	2	0.5	1	1.5	0.75	0	0	2	0.5	2.5	0.5	1.25	2	0	0	2.25	0	1	0	1	1	0.75	0	2.5	1
4470612	0	0	0	0	0	0	0	0	0	0	0	0	0	0	0	0	0	0	0	0	0	0	0	0	0	17.8333333333333	3.16666666666667	9.16666666666667	2.5	0.666666666666667	0	0.666666666666667	2.16666666666667	1	0	0.833333333333333	8.83333333333333	0	0	1.16666666666667	0	0	0	0	0	1.33333333333333	0	0	0.833333333333333	2.16666666666667	0	0.5	0	0.5	0	8.16666666666667	1.66666666666667	0.333333333333333	0	0.5	11.6666666666667	0	0	0	14.3333333333333	2.66666666666667	0	0.5	0.666666666666667	0	0	9.5	0	1	0.5
4433676	0	0	0	0	0	0	0	0	0	0	0	0	0	0	0	0	0	0	0	0	0	0	0	0	0	0	0	0	1.25	0.5	2.75	0.75	0	1.25	2.5	0.5	0	0.5	0	3	0	0	0.5	2.5	2.25	3.5	1.5	0	1	1.25	5.5	0	0.75	1	0	0	3.5	1.25	1	1.5	0.5	0	1	0	0	1.25	2.25	1.25	0.5	0	0	0	4.5	0	0
4351304	0	0	0	0	0	0	0	0	0	0	0	0	0	0	0	0	0	0	0	0	0	0	0	0	0	0	0	0	0	0	0.666666666666667	0	0	0	1	2.33333333333333	0	0	0	0	0	2	0	0	0	0	0	0	0	0	0	0	0	0	0	0	0	0	0	0	0	1	0	0	0	0	0	1.33333333333333	0	0.666666666666667	0	0	0	1.33333333333333	0
4473227	0	0	0	0	0	0	0	0	0	0	0	0	0	0	0	0	0	0	0	0	0	0	0	0	0	0	3.66666666666667	0	2.66666666666667	5.33333333333333	11	27.3333333333333	1	1.66666666666667	5.66666666666667	3.33333333333333	3.66666666666667	0	2.33333333333333	3.66666666666667	12.6666666666667	4.33333333333333	10.6666666666667	10.3333333333333	9.66666666666667	9	8	0	0.666666666666667	12	16.6666666666667	10.3333333333333	6	30	5.33333333333333	0	3.33333333333333	20	8.33333333333333	10.6666666666667	6	7.33333333333333	14.6666666666667	1	9	9.66666666666667	0	2.66666666666667	0	0	1.33333333333333	3.33333333333333	17.3333333333333	0	4.33333333333333
4412485	0	0	0	0	0	0	0	0	0	0	0	0	0	0	0	0	0	0	0	0	0	0	0	0	0	0	2	0.4	0	1.8	1.8	0	0	0.6	1.2	0	0	0.4	0	0	0	0	0.6	5.2	0	3.8	1	0.4	0.8	0	0	0.6	0.6	0	0.4	2.8	1.4	1.8	3.8	0.4	0	5.2	0	1	0.4	1.2	0	1	1	1.2	1.8	0	0	0.6	0.4
4447219	0	0	0	0	0	0	0	0	0	0	0	0	0	0	0	0	0	0	0	0	0	0	0	0	0	0	0	0	0	0	16.6666666666667	30.3333333333333	0	0	5.33333333333333	0	1	0	0	0	0	0	0	0	0	0	0	0	0	0	2	0	0	9.66666666666667	1	0.666666666666667	0	0	0	0	1	0.666666666666667	0	12.3333333333333	0	0	0	0	0	0	22.6666666666667	0	0	0	0
4469359	0	0	0	0	0	0	0	0	0	0	0	0	0	0	0	0	0	0	0	0	0	0	0	0	0	0.333333333333333	0	1.16666666666667	1.16666666666667	1.33333333333333	0	0.5	1.5	0.833333333333333	0.666666666666667	0.833333333333333	0	0.5	0	2.33333333333333	1.83333333333333	0	1	0	0.5	0.833333333333333	0.333333333333333	0	0.333333333333333	3.66666666666667	0.5	0.5	0	0.5	0.666666666666667	0.666666666666667	2.66666666666667	0	0.833333333333333	0.5	1.5	0	3	0.333333333333333	1.16666666666667	1.83333333333333	2	1.83333333333333	0	0	0	0	1.83333333333333	0	0
87506	0	0	0	0	0	0	0	0	0	0	0	0	0	0	0	0	0	0	0	0	0	0	0	0	0	0.666666666666667	9	3	3.66666666666667	5	1.66666666666667	2.66666666666667	0	1	1.66666666666667	4	0	4.33333333333333	3	3.33333333333333	0	1.33333333333333	1.66666666666667	13	2.33333333333333	14.3333333333333	2.66666666666667	2	0	0	0.666666666666667	3	2.33333333333333	1.66666666666667	3.33333333333333	6	4	3.33333333333333	1.33333333333333	5	3	2.66666666666667	0	0	3.66666666666667	5.66666666666667	8.33333333333333	2	8.66666666666667	1	0	0	0	2.66666666666667	1.33333333333333
4299087	0	0	0	0	0	0	0	0	0	0	0	0	0	0	0	0	0	0	0	0	0	0	0	0	0	0	2.5	0	0.5	1	6.5	0	1	1.25	2	0	0	0	0	0	7.5	0	0	0	0	1.5	0.75	0.5	1.5	0	0	0	0.5	0	0	3.25	0	3	0	0	0	0	3.75	3.25	0	0.75	2	0	0	0	0	0	0	1.5	0
2291414	0	0	0	0	0	0	0	0	0	0	0	0	0	0	0	0	0	0	0	0	0	0	0	0	0	0	0	0	0	0	0	0	0	0.833333333333333	0	0	0	0	0	0	0	0	0	0	0	0	0	0	0.333333333333333	0	0	0.333333333333333	0	0	0	0	0.666666666666667	0	0	0	0	0	0	0	0	3.33333333333333	0	0	0	0	0	0	0	0.333333333333333	0
4383049	0	0	0	0	0	0	0	0	0	0	0	0	0	0	0	0	0	0	0	0	0	0	0	0	0	0.5	0	0.75	0	0	0	0.5	0	0	0	0	0	0	0	0	0	0	0	0	0	0	0	0	0	0	0.5	0	0	0.5	0	0	0	0	0	0	0	0	0	0.5	1.5	0	0	0	0	0	0	0	1	0	0
4441038	0	0	0	0	0	0	0	0	0	0	0	0	0	0	0	0	0	0	0	0	0	0	0	0	0	0	2.4	0	0	19.2	0.8	0	0.4	0	0.8	2	0	0.8	1.2	0	0.4	0	1.8	0	0	4	0	0	0.6	0	0	0	1	0	0	3.4	0	0	2.2	0	0	0	0	17.2	0	0	0	3.2	0	0	0	0.6	0	1.8	0
4446902	0	0	0	0	0	0	0	0	0	0	0	0	0	0	0	0	0	0	0	0	0	0	0	0	0	3.75	4.75	10.25	2.5	2	2	5.5	0.75	12	4	5.25	1.5	3.25	2.25	7.75	0.5	2	1.75	2.75	3.75	7.5	10	0.5	1.25	10.75	14.25	5.5	3.75	5.75	3.25	2.75	3.75	6	5.25	5.5	6.25	4.75	1	0.5	8	10.25	0.5	2	11.5	2.25	2.25	0	3.75	6.25	2.5
4422580	1.8	3.2	3.4	0	0	0	0	5	3.2	2	2.8	2.8	3.6	0.6	4.4	0	0	0.6	5.2	0.8	0	0	8.4	0	0.4	0	0	0	0	0	0	0	0	0	0	0	0	0	0	0	0	0	0	0	0	0	0	0	0	0	0	0	0	0	0	0	0	0	0	0	0	0	0	0	0	0	0	0	0	0	0	0	0	0	0
4480775	0	0	0	0	0	0	0	0	0	0	0	0	0	0	0	0	0	0	0	0	0	0	0	0	0	0	0	0	7.66666666666667	18.6666666666667	1.33333333333333	4	1.33333333333333	0	0	1.33333333333333	2	0	3	2.33333333333333	0	5.66666666666667	0	0	14.6666666666667	0	0	0	0	70.3333333333333	5.66666666666667	19.6666666666667	0	24	3.66666666666667	2	0	0	0	6.66666666666667	57.6666666666667	7	0	17.3333333333333	0	0	1.66666666666667	1	0	0	9	3.33333333333333	43.3333333333333	0.666666666666667	1.66666666666667
4480777	0	0	0	0	0	0	0	0	0	0	0	0	0	0	0	0	0	0	0	0	0	0	0	0	0	0	0	0	6	1.5	2.25	0	12.5	0	1.5	3.75	8.75	6.75	0	2.75	0	2	3	1.25	0	0	0.5	0	0	0	1	0	0.5	0	0	0	0	0.5	0.75	0	0	0	0	19	0	0	0	3.5	5	0	5.5	0	0	3.25	0
4410988	0	0	0	0	0	0	0	0	0.5	0	2.5	0.5	1.25	0.5	1.25	0	0.5	0.5	0	2	0.5	0.5	0.75	1.5	0	0	0	0	0	0	0	0	0	0	0	0	0	0	0	0	0	0	0	0	0	0	0	0	0	0	0	0	0	0	0	0	0	0	0	0	0	0	0	0	0	0	0	0	0	0	0	0	0	0	0
938043	0	0	0	0	0	0	0	0	0	0	0	0	0	0	0	0	0	0	0	0	0	0	0	0	0	0	68	0	0	0	1	3.66666666666667	2.33333333333333	0	13.3333333333333	0	0	0	0	1.66666666666667	0	0	2	0	8.66666666666667	77.6666666666667	6.66666666666667	0	1.33333333333333	0	3.66666666666667	0	2.33333333333333	32.3333333333333	0	0	0	0	3.66666666666667	5.33333333333333	0	0	0	1	0	7.33333333333333	0	0.666666666666667	0	0	3	0	0.666666666666667	0	8.33333333333333
4450260	0	0	0	0	0	0	0	0	0	0	0	0	0	0	0	0	0	0	0	0	0	0	0	0	0	17.6666666666667	13.3333333333333	13.3333333333333	7	0	1	4.33333333333333	3.33333333333333	1.66666666666667	0	2.33333333333333	0	0	1.33333333333333	11	0.666666666666667	1.33333333333333	4	10.3333333333333	0	11.6666666666667	6	0	0	0	0.666666666666667	2.66666666666667	4	14.6666666666667	56.3333333333333	2.66666666666667	13	1.66666666666667	3	3	0	0	0	0	2.66666666666667	4	1.66666666666667	1.66666666666667	3.33333333333333	2	1.33333333333333	37.6666666666667	0	0	3
4394667	0	0	0	0	0	0	0	0	0	0	0	0	0	0	0	0	0	0	0	0	0	0	0	0	0	1	0.75	0.5	0.75	0	1.75	1.75	0	0.5	1	1.25	0	0	0	0.75	0	0	8	2.5	1.25	8	4	0	0.5	0.75	5.5	2.5	5	7.5	0	0	4.5	8.25	9.75	8.75	8.25	1	0.75	0	3.75	1.25	0	1.75	2	0	0.75	0	0.75	1.5	1.75
4454385	0	0	0	0	0	0	0	0	0	0	0	0	0	0	0	0	0	0	0	0	0	0	0	0	0	0	0	0	2.75	1.75	1.75	0	3.75	1.25	4.5	1	30.5	3.75	2.5	0	0	23	0.5	0	0	0	0	0	7.25	0	0	2	9.25	0	0	0	0	0	2	0	0	11.25	0	0	0	0	0	1.75	2	0	0.75	0	0	4	0
4401186	0	0	0	0	0	0	0	0	0	0	0	0	0	0	0	0	0	0	0	0	0	0	0	0	0	0	6.33333333333333	6.33333333333333	2.66666666666667	4.33333333333333	1.33333333333333	2.33333333333333	1.66666666666667	1.66666666666667	1	17	0	2.33333333333333	0	1.66666666666667	0.666666666666667	0	5	30.3333333333333	3.66666666666667	7.33333333333333	2.66666666666667	0	0.666666666666667	2.33333333333333	0	52.6666666666667	24	2	0	4	4.33333333333333	3.66666666666667	5	5.33333333333333	0	0.666666666666667	1	1.33333333333333	4.66666666666667	6	3	30.3333333333333	0.666666666666667	1.66666666666667	13.3333333333333	2.66666666666667	5	2.66666666666667	1
4478358	0	0	0	0	0	0	0	0	0	0	0	0	0	0	0	0	0	0	0	0	0	0	0	0	0	0	0.6	2.2	3.6	14	1.2	3.8	0.4	0	3.4	4.4	5.8	1.4	1.2	1.4	25.2	3	0.8	0	10.6	0	2.8	0	4.2	8	1.4	4.6	2	2.4	5.6	1.8	0	7.4	2.6	3.8	3.6	2	21.6	1.2	1.4	1.6	8.4	1.6	0.4	0.4	3.8	0	9.6	6	0.6
4455163	82	119.2	9	5.2	67	0	14.4	0.8	42.6	6	0	71	19.2	52.6	0	0	39.6	0	45	43	1.6	0	0	5.4	1.4	0	0	0	0	0	0	0	0	0	0	0	0	0	0	0	0	0	0	0	0	0	0	0	0	0	0	0	0	0	0	0	0	0	0	0	0	0	0	0	0	0	0	0	0	0	0	0	0	0	0
4395450	0	0	0	0	0	0	0	0	0	0	0	0	0	0	0	0	0	0	0	0	0	0	0	0	0	0	1	0	2.25	1.75	8.5	0	3.25	0	2.75	0	0	0	3.25	0.5	0	5	0	0	0	1	0	0	0.5	0	0	0	1.5	0	0	0	0	0	0	0	0	2.75	0.5	20	0	0	0.75	0	0	0.5	5	13	0	5	0
4466150	0	0	0	0	0	0	0	0	0	0	0	0	0	0	0	0	0	0	0	0	0	0	0	0	0	12	7	5.83333333333333	14.5	11.3333333333333	0	0.666666666666667	43	5.33333333333333	7.83333333333333	6.16666666666667	0	7.66666666666667	0	6.5	2.83333333333333	0.333333333333333	0	0.666666666666667	18	12	18.6666666666667	0	3	0	0.666666666666667	11.6666666666667	20	1.16666666666667	0	30.5	25.8333333333333	1	0	16	0	0.5	0.666666666666667	4	0.666666666666667	18.8333333333333	36.1666666666667	5	1.16666666666667	0	4.16666666666667	10.8333333333333	1.66666666666667	0.333333333333333	0
4432435	0	0	0	0	0	0	0	0	0	0	0	0	0	0	0	0	0	0	0	0	0	0	0	0	0	0	0	0	0	1.25	1	0	1.25	0	3.25	0.75	0	2	0	0	0	1.25	3.5	3.25	0	0	0	0	3.25	0	0	0	0	0	0	1.25	0	0	5.75	0	0	1.5	0	17.25	0	0	0	1.25	0	0	0.5	0	0	7	0
4417749	0	0	0	0	0	0	0	0	0	0	0	0	0	0	0	0	0	0	0	0	0	0	0	0	0	0	1	0	0	0.75	0.75	0	0	0	0.75	0	0	0	0	0	0	0	0	0	0	0	0	0	1	0	0	0	0	0	0	0.5	0	0	0.5	0.5	0	0	0	0	0	0	0	0.5	0	0	0	0	0	0	0
4433523	0	0	0	0	0	0	0	0	0	0	0	0	0	0	0	0	0	0	0	0	0	0	0	0	0	0	0.5	0	0	0	0	0	0	0	0	5.25	0	0	0	0	0	0	0	0	0	0.75	0.5	0	0	0.75	0	9	7.75	0	0	0	4.75	0.75	6	0.5	0	1.5	0	0	0	0	0	6.25	0.75	0	0.75	0	1.25	0	0
4477537	19	140.8	281.6	6.6	83	0	94.6	153.6	183.8	27.8	48	39.8	223.6	104.2	7.4	0	52.2	70.4	223.4	126.4	16.2	0	369.4	7	10.2	0	0	0	0	0	0	0	0	0	0	0	0	0	0	0.4	0	0	0	0	0	0	0	0	0	0	0	0	0	0	0	0	0	0	0	0	0	0	0	0	0	0	0	0	0	0	0	0	0	0	0
4427030	0	0	0	0	0	0	0	0	0	0	0	0	0	0	0	0	0	0	0	0	0	0	0	0	0	0.666666666666667	0	0	0	0	0	0	0	0	0	0	0	0	0	0.333333333333333	0.5	0	0	0	0	0	0	0	0	1.5	0	0	0	0	0	0	0.333333333333333	0	0	0	0	0	1.16666666666667	0	0	0	0	0	0	0	0	0	0.833333333333333	0	0
4294777	0	0	0	0	0	0	0	0	0	0	0	0	0	0	0	0	0	0	0	0	0	0	0	0	0	0	0	0	2.33333333333333	0	1.33333333333333	0	7.66666666666667	23.3333333333333	1.33333333333333	4	0	3	0	0	0	1.33333333333333	5	2.33333333333333	0	0	1	0	5.33333333333333	0	0	0	0	0	0	0	0	1.33333333333333	6.66666666666667	0	0	1.33333333333333	0	0	0	0	0	0.666666666666667	13.6666666666667	0	0	0	0	0	0
542124	0	0	0	0	0	0	0	0	0	0	0	0	0	0	0	0	0	0	0	0	0	0	0	0	0	0	8.66666666666667	0	0	0	12.6666666666667	0	0	0	15.6666666666667	0	0	0	0	0	0.666666666666667	0	1	0	17.3333333333333	27	28.6666666666667	0	0.666666666666667	0	0	0	48.3333333333333	0	0	0	0	0	3.66666666666667	25.6666666666667	0	0	1.33333333333333	0	0	1	0	0.666666666666667	0	0	0.666666666666667	0	0	0	0
4399781	0	0	0	0	0	0	0	0	0	0	0	0	0	0	0	0	0	0	0	0	0	0	0	0	0	0	0	0	0	0	0.5	0	1	0	1	1.75	0	0	0	0.5	0	1.5	0.75	0	0	1.25	0.5	0.75	0	0	0	0	0	0	0	0	0	0	0	0	0	2	0	0	0	0	0	2.5	3.25	0	0	0	0	1	0
756189	0	0	0	0	0	0	0	0	0	0	0	0	0	0	0	0	0	0	0	0	0	0	0	0	0	0	0	0	0	0	0	0	0	0	0	0	0	0	0	0	0	0	0	0	0	0	0	0	0	0	0	0	0.4	0.4	0	0	0	0	0	0	0.6	0	0.6	0.4	0	0.6	0	0	0	0	0	0	0	0	0
3138798	0	0.8	2.4	13.4	0	1	5.6	2	1.6	3	0	0	0.6	0.6	13.2	4.6	0.4	4.8	0	0	0	0.6	4.2	0.8	0	0	0	0	0	0	0	0	0	0	0	0	0	0	0	0	0	0	0	0	0	0	0	0	0	0	0	0	0	0	0	0	0	0	0	0	0	0	0	0	0	0	0	0	0	0	0	0	0	0	0
4341205	0	0	0	0	0	0	0	0	0	0	0	0	0	0	0	0	0	0	0	0	0	0	0	0	0	0	3.5	4.5	0.5	0.75	0	0	0.5	0.5	0.75	2.75	0	1.5	1	0	0	2.5	2.75	6.25	2	7.75	1.75	0	3	0.5	0	0	2	0	0	0.75	0	0.75	11.25	0.75	0	4.5	1	2.5	0	1.5	2.25	5.75	6.75	2.25	0	0	0.5	1	0
4467081	0	0	0	0	0	0	0	0	0	0	0	0	0	0	0	0	0	0	0	0	0	0	0	0	0	0	1.66666666666667	3.33333333333333	23	24.3333333333333	22	5	15.3333333333333	2.33333333333333	18.3333333333333	8.66666666666667	6.66666666666667	15	8	11.6666666666667	30.6666666666667	17.6666666666667	2.66666666666667	13.6666666666667	1.33333333333333	1.66666666666667	4	0	7.66666666666667	1.33333333333333	4.33333333333333	8	16	0	1.33333333333333	1	0	1	1.33333333333333	0.666666666666667	0	12	5	19.6666666666667	0	3.33333333333333	2	4.66666666666667	30.3333333333333	0.666666666666667	17.3333333333333	5	0	2.33333333333333	0.666666666666667
964220	0	0	0	0	0	0	0	0	0	0	0	0	0	0	0	0	0	0	0	0	0	0	0	0	0	10	34.6	21.6	1.4	1.8	43	42.4	0	14.8	10.4	6.6	0.8	0.6	3	10.2	19.2	3	26.4	5.8	23.6	40.8	50.2	1.6	1.8	2.4	109.6	36.8	12.4	117	0.8	0	29.2	21.6	35	30.2	58	10.4	56.2	4	124.6	16	0	9.4	3.2	0.8	29.6	5.6	17	2	50.4
887744	0	0	0	0	0	0	0	0	0	0	0	0	0	0	0	0	0	0	0	0	0	0	0	0	0	0	0	0	0	1	0	0	0	0	0	0	0	0	0	0	0	0	1.25	0.75	0	1	0	0	0.5	0	0	0	0.5	0	0	0.75	0	0	0.5	0	0	0	0	0.5	0.75	0	0	0	0	0	0	0	0	0	0
4376293	0	0	0	0	0	0	0	0	0	0	0	0	0	0	0	0	0	0	0	0	0	0	0	0	0	0	11.5	0	1.5	2	10.5	0	1.5	1	0	9.5	0	0	0	0	0	0	0	47.5	0	10	0	0	0	0	0	3.5	0	0	2.5	0	0	0	0	0	0	0	0	0	0	0	0	42.5	14	0	1.5	0	0	0	0
4418496	0	0	0	1.8	8.8	0	0	0	0	39.4	2	19.4	0	0	2.2	0	9.2	1	0	2.4	36.2	0	17.6	4	31.4	0	0	0	0	0	0	0	0	0	0	0	0	0	0	0	0	0	0	0	0	0	0	0	0	0	0	0	0	0	0	0	0	0	0	0	0	0	0	0	0	0	0	0	0	0	0	0	0	0	0
4385599	0	0	0	0	0	0	0	0	0	0	0	0	0	0	0	0	0	0	0	0	0	0	0	0	0	0	4	3.66666666666667	0	0	0	0	0	0	0	3	0	0	0	2.66666666666667	3	0	2	0	1.33333333333333	3.66666666666667	0	0	0	0	3	5.66666666666667	7.33333333333333	0	0	0	0	0	2	0	0	0	13	0	15.6666666666667	0	0	3	0	0	0	0	0	6.66666666666667	4
4465561	0	0	0	0	0	0	0	0	0	0	0	0	0	0	0	0	0	0	0	0	0	0	0	0	0	0	0.5	0	0	10.25	0	0	0.5	0	2.25	0	10.5	0	2.75	1.5	0.75	3.5	1.75	0	3.5	0	0.5	0	0.5	0	0	0	0	0	0	3.25	0	1.5	1.5	0	3.25	0.5	0	0	0	0	0	0	0.5	0	0	0	0.5	0	0
4444790	0	2.8	5.2	30.2	3	0.8	30	4.4	1.8	0.8	0	0	2	8.2	18.8	6.6	5	5.6	0	0	0	2.8	4	0.6	0	0	0	0	0	0	0	0	0	0	0	0	0	0	0	0	0	0	0	0	0	0	0	0	0	0	0	0	0	0	0	0	0	0	0	0	0	0	0	0	0	0	0	0	0	0	0	0	0	0	0
4356060	0	0	0.75	1.25	2.75	1	0.5	0.75	0	0	0	0.5	0	0	0	0	1.5	2.75	1.75	0.75	1.25	2.5	0	1	1.5	0	0	0	0	0	0	0	0	0	0	0	0	0	0	0	0	0	0	0	0	0	0	0	0	0	0	0	0	0	0	0	0	0	0	0	0	0	0	0	0	0	0	0	0	0	0	0	0	0	0
513807	0	0	0	0	0	0	0	0	0	0	0	0	0	0	0	0	0	0	0	0	0	0	0	0	0	0	0	0	0	0	0	0	0	0	0	0	0	0	0	0	0	0	0	0	0	0	0	0	0	13.3333333333333	0	0	0.333333333333333	0	0.333333333333333	0	0	0	0	0.333333333333333	0	0	0.5	0	0	0.333333333333333	0	0	0	0	0	0	10.6666666666667	0	0
4479043	0	0	0	0	0	0	0	0	0	0	0	0	0	0	0	0	0	0	0	0	0	0	0	0	0	0	5	0	18.75	7.5	38.25	0	33	0.5	58.75	17	0.75	1	0	0.75	0	2.25	13	0.75	1.75	19.5	15.5	0	4.25	0	0.5	0	4.5	0	1.5	3.25	0	14.75	25.25	26.5	1.25	14.5	0	31	0	4	5	19	3.25	0.5	8	3	0.5	7.5	0
199190	0	0	0	0	0	0	0	0	0	1.2	0	1.2	0	1	0	0.4	0	0	0.6	0.8	0	1.6	0.6	0	0	0	0	0	0	0	0	0	0	0	0	0	0	0	0	0	0	0	0	0	0	0	0	0	0	0	0	0	0	0	0	0	0	0	0	0	0	0	0	0	0	0	0	0	0	0	0	0	0	0	0
4414783	0	0	0	0	0	0	0	0	0	0	0	0	0.5	0	0	0	0	0	0.333333333333333	0	0	0	0	0	0	0	0.333333333333333	1.5	0	0	0	0.5	0	0	0	0.833333333333333	0.333333333333333	0.833333333333333	0	0.666666666666667	0	0	1	0	0	2.66666666666667	0	0	0	0.333333333333333	1	0.333333333333333	0.333333333333333	0.666666666666667	0	0	0.5	7.16666666666667	0	0.333333333333333	1.16666666666667	0	0	0.5	4	6.5	0	0.333333333333333	0.333333333333333	0	0	0	0	0	0
4305935	0	0	0	0	0	0	0	0	0	0	0	0	0	0	0	0	0	0	0	0	0	0	0	0	0	0	0	0	0	31.75	12.5	0	0	23.75	6	2.5	0	0.5	0	4.75	0.75	0.75	0	60.25	0	0	0	8.75	0	8.25	0	0	10.5	0	4	0.5	0	0	0	0	0	2.5	0	0	0	1	0	0.75	0	5	0	0	0	3.5	0
4447072	0	1	3.6	0.4	15	0	1	5.8	1	1.6	2.6	0.6	1.4	4.8	0	0	12.8	0.4	1	1.6	0.4	0	4	0	2.4	0	0	0	0	0	0	0	0	0	0	0	0	0	0	0	0	0	0	0	0	0	0	0	0	0	0	0	0	0	0	0	0	0	0	0	0	0	0	0	0	0	0	0	0	0	0	0	0	0	0
4448211	0	0	0	0	0	0	0	0	0	0	0	0	0	0	0	0	0	0	0	0	0	0	0	0	0	3.33333333333333	1.66666666666667	10	1.33333333333333	1	5	1	1.33333333333333	0.666666666666667	1.33333333333333	3.66666666666667	0.666666666666667	1	4	1.33333333333333	1.66666666666667	5.33333333333333	2.66666666666667	1.33333333333333	0	1.66666666666667	2.33333333333333	0	0	0	1.66666666666667	1.33333333333333	2.66666666666667	1	1.66666666666667	0	2.66666666666667	1.66666666666667	5.33333333333333	0.666666666666667	0	3	2	1	4.66666666666667	0	0	2.33333333333333	1	0	4	5.66666666666667	0	0	10.3333333333333
4324467	0	0	0	0	0	0	0	0	0	0	0	0	0	0	0	0	0	0	0	0	0	0	0	0	0	0	0	11	0	0	5.25	0	0	0	13.75	5.75	2	0	0.5	0	0	0.5	1.25	2	1	4	2.25	0	1.75	0	1.5	0	0	0	0	0	0	3.25	8.25	1.25	0	0.75	0	0	0	0	0	6	0	1.5	0	0	0	1.75	0
4477861	0	0	4	0.8	34	0	2.8	6	3.4	7.2	7.8	2.2	2.8	2.2	7	1.2	6.2	0	10	28	0	0	2.4	1.2	0	0	0	0	0	0	0	0	0	0	0	0	0	0	0	0	0	0	0	0	0	0	0	0	0	0	0	0	0	0	0	0	0	0	0	0	0	0	0	0	0	0	0	0	0	0	0	0	0	0	0
4436135	0	0	0	0	0	0	0	0	0	0	0	0	0	0	0	0	0	0	0	0	0	0	0	0	0	0	7	0	6.75	0.75	4	0	22.5	0	2.25	0.75	0	4	0	1.75	0.5	0	0	0	0	11.75	0	0.75	2.25	2.75	0.5	0	0	0	0	0.75	0	0	0	0	0	0	2	12.5	0	0	21.5	0	9.75	0.75	24.75	5	1.5	0.75	0
4375688	0	0	0	0	0	0	0	0	0	0	0	0	0	0	0	0	0	0	0	0	0	0	0	0	0	0	0	1	0	8.33333333333333	5.66666666666667	0	0	0	2	4	2	0	0	1	3	0	0.666666666666667	0	1.66666666666667	0	0	0	3.33333333333333	0	2	1	2.66666666666667	0	0	0.666666666666667	0	0	0	0.666666666666667	3.66666666666667	0	3.33333333333333	5.33333333333333	0.666666666666667	0	0	1.33333333333333	0	0	2.66666666666667	0	0	3.33333333333333	0
4368771	0	0	0	0	0	0	0	0	0	0	0	0	0	0	0	0	0	0	0	0	0	0	0	0	0	0	0	0	0	0	0	0	0	0	0	0	2	0	0	0	0.6	0	0	0	0	0	0	0	0.4	0	0.4	0	0.4	0	0	0	0	0	0	0	0	0	0	0	0	0	0	0	0	0	0	0	0	0	0
4374645	0	0	0	0	0	0	0	0	0	0	0	0	0	0	0	0	0	0	0	0	0	0	0	0	0	0.666666666666667	9	8	0	0	5	2.66666666666667	0.666666666666667	2.33333333333333	30.3333333333333	39.6666666666667	0	0	0	1.66666666666667	0.666666666666667	0	0	0.666666666666667	2.66666666666667	5.33333333333333	0	0.666666666666667	95	0	46.6666666666667	0	2.33333333333333	2.33333333333333	0	0	4.33333333333333	1.33333333333333	8	0.666666666666667	0	0	1	0	1	1.66666666666667	3.33333333333333	32.6666666666667	2	16.3333333333333	0	0	0	22.6666666666667	6.33333333333333
4458755	0	0	0	0	0	0	0	0	0	0	0	0	0	0	0	0	0	0	0	0	0	0	0	0	0	0	6.8	6	1.4	27.4	6.8	0	20	1.2	9	6.4	0	3.4	0	8.4	0	0	9.6	0	4.8	8.4	1.4	2	4.4	0	0.4	5.2	1	0	0	45.6	0	0.4	28.6	2.2	0	0.8	0.6	30	0	2	1.8	11.8	0.6	7.8	7	15.2	0	3.6	1.2
4446152	0	0	0	0	0	0	0	0	0	0	0	0	0	0	0	0	0	0	0	0	0	0	0	0	0	2.66666666666667	19.6666666666667	2.33333333333333	2.66666666666667	4	25.6666666666667	22	0.666666666666667	4.66666666666667	7.33333333333333	0	12.3333333333333	1.33333333333333	12.3333333333333	10.6666666666667	15	11.6666666666667	0.666666666666667	29.3333333333333	4.33333333333333	19	0	0	0.666666666666667	1.33333333333333	25	22.3333333333333	1	8	8.66666666666667	1	7.33333333333333	0	2	0.666666666666667	0.666666666666667	22.3333333333333	25	0	17.3333333333333	14.6666666666667	0	0.666666666666667	0	0	4	13	2	1	23.3333333333333
4338372	0	0	0	0	0	0	0	0	0	0	0	0	0	0	0	0	0	0	0	0	0	0	0	0	0	0	0	0	0	0	0	0	0.5	0	0.5	0.75	1.5	1.25	0.75	0	0	0	0	0	0	0	0	0	0	0	0	0	0	0	0	0	0	0	0	0	0	0	0	0	0	0	0	0	0.5	0	0	0	0	0	0
4346675	0	2.33333333333333	2.83333333333333	4	4.33333333333333	0	8	1.16666666666667	0	2.16666666666667	0	0	0	5	0	5.83333333333333	5.16666666666667	0	0.333333333333333	1.66666666666667	1	0	0	18.5	1	0	0	0	0	0	0	0	0	0	0	0	0	0	0	0	0	0	0	0	0	0	0	0	0	0	0	0	0	0	0	0	0	0	0	0	0	0	0	0	0	0	0	0	0	0	0	0	0	0	0
4481195	0	6	16	64	18	70	21	2	0	10	0	0	6	9	6	15	30	24	15	20	25	91	10	22	10	0	0	0	0	0	0	0	0	0	0	0	0	0	0	0	0	0	0	0	0	0	0	0	0	0	0	0	0	0	0	0	0	0	0	0	0	0	0	0	0	0	0	0	0	0	0	0	0	0	0
4351591	0	0	0	0	0	0	0	0	0	0	0	0	0	0	0	0	0	0	0	0	0	0	0	0	0	0	0	3	0.4	0	0	0	0	0	3	1.2	0.4	1	0.8	0	0	2	0	7.8	1.4	0	0	0	0	0	2.2	0	0.6	0	0.4	0	0	0	0	0	0	0	0	0	0	0.4	0	0.6	0.8	0	0	0	0	1.2	0
2836861	0	0	0	0	0	0	0	0	0	0	0	0	0	0	0	0	0	0	0	0	0	0	0	0	0	0	0	0	7.66666666666667	12.3333333333333	8.66666666666667	0	12.6666666666667	7.33333333333333	7	4.33333333333333	0	14.6666666666667	14	0	0	17.6666666666667	2.33333333333333	4.33333333333333	0	1	3.33333333333333	11.6666666666667	5	0	0	0	4.33333333333333	0	0	0	0	0.666666666666667	2.33333333333333	0	0.666666666666667	7.33333333333333	0	1.66666666666667	0	0	0	0	8	17.3333333333333	4	0	0	15.3333333333333	0
4373156	0	6	0	90	4	0	19	0	0	0	0	0	0	0	23	13	4	0	2	4	8	3	0	11	5	0	0	0	0	0	0	0	0	0	0	0	0	0	0	0	0	0	0	0	0	0	0	0	0	0	0	0	0	0	0	0	0	0	0	0	0	0	0	0	0	0	0	0	0	0	0	0	0	0	0
4295662	0	0	0	0	0	0	0	0	0	0	0	0	0	0	0	0	0	0	0	0	0	0	0	0	0	0	0	0	0	0	2	0	0	0	0	0	0	0	0	0	0	0	0	0	0.666666666666667	0.666666666666667	1	0	0	1	0	1.33333333333333	3.33333333333333	0	0	0	0	0.666666666666667	0	0.666666666666667	0	0	0	0	0	0	0	0	0	0	0	0	2	0	0
4480094	0	0	0	0	0	0	0	0	0	0	0	0	0	0	0	0	0	0	0	0	0	0	0	0	0	0	0	2	0	1	0	0	0	0	0	0	198.25	0	0	0	0	1.75	0	0	0	0.75	0	0	8.5	0	0	0	4.5	0	0	0	0	0	0	0	3.75	1	0	0	0	0	0	0	15.75	0.75	1.25	0	0	7.75	0
257175	0	0	0	0	0	0	0	0	0	0	0	0	0	0	0	0	0	0	0	0	0	0	0	0	0	0	0	2.75	0	0.75	0	0	1	0	0	1.25	0	0	0	0	0	0	3.25	4.75	0	1.5	3	0	2.75	0	0	0	1.25	0	0	0	0	0.75	5	1.5	0	0	0	0.75	0	0	0	6.25	1.5	0	0	0	0	5.5	0
2407149	1.16666666666667	0	0.333333333333333	1.83333333333333	2.5	2	0	1	0	0	0.5	0	1.83333333333333	4.66666666666667	0	0	5.33333333333333	18.6666666666667	5.33333333333333	2.66666666666667	8	2.16666666666667	0	5.16666666666667	5.5	0	0	0	0	0	0	0	0	0	0	0	0	0	0	0	0	0	0	0	0	0	0	0	0	0	0	0	0	0	0	0	0	0	0	0	0	0	0	0	0	0	0	0	0	0	0	0	0	0	0
4377418	0	0	0	0	0	0	0	0	0	0	0	0	0	0	0	0	0	0	0	0.285714285714286	0	0	0	0	0	0	0	2.57142857142857	7.28571428571429	0	1.42857142857143	0	3.28571428571429	8.85714285714286	2.85714285714286	4.28571428571429	0.714285714285714	0	7.14285714285714	12.5714285714286	0	9.28571428571429	2.85714285714286	8.71428571428571	1.42857142857143	0.428571428571429	2.14285714285714	1.42857142857143	0	5	1.71428571428571	0.285714285714286	0.714285714285714	0	1.28571428571429	0.285714285714286	0.285714285714286	2.28571428571429	0	1.85714285714286	0.571428571428571	2	0	0	0	2.71428571428571	1	1.14285714285714	1.71428571428571	1.85714285714286	0	1	0	2.71428571428571	0.285714285714286
4475758	0	0	0	0	0	0	0	0	0	0.6	0	0	4.6	0	0	0	0.4	0	0	0	0	0	0	0	0	0	0	12.6	15.4	54.4	4.2	20.6	0.8	1.8	17.8	10.4	22.4	11	3	7	102.4	9	17.4	1.6	47.6	3.2	11	0	19.2	30.2	3.4	18.6	6	13.8	8	3.4	2.8	34.8	13.2	17	15	5.2	99.4	7.4	11.2	6	32.2	10.4	1.6	0.8	14	1.8	39.8	24.8	1.2
1106150	0	0	0	0	0	0	0	0	0	0	0	0	0	0	0	0	0	0	0	0	0	0	0	0	0	0	0	0	0	0	3.5	0	0	0.5	1.75	0	0	0	0	0	0	0	4.75	0	0	0	0.5	0.5	0	0	0	0	1.25	0	0	0.5	0	4.5	0.5	1.25	0	0	0	1.5	0	4.5	0	0	1.25	1	0.5	0	0	0	0
4404220	0	0	0	0	0	0	0	0	0	0	0	0	0	0	0	0	0	0	0	0	0	0	0	0	0	0	0.333333333333333	4.5	1.5	0.5	0	1.33333333333333	1	1.83333333333333	0	1.66666666666667	0.333333333333333	0	0	3.66666666666667	0.5	0	1.83333333333333	0	0	0	7.33333333333333	0	0	0	1.5	0	0.333333333333333	0.333333333333333	0	0	0.333333333333333	2.5	0.5	2.16666666666667	0.5	0	0	0	8.33333333333333	17.1666666666667	0	0	0	0	0	0.5	0	0	0
155329	0	0	0	0	0	0	0	0	0	0	0	0	0	0	0	0	0	0	0	0	0	0	0	0	0	0	0.5	0	0.75	0	0	0	0	0	1.5	1.25	0	2	0	0	0	0	8.25	10	0.5	0	8	0.5	0	0	0	0	0	0	1.5	2	0	1.5	10.5	1.25	0	0	0	0	0	3	0	2.75	0	0.75	0	0	0	0	0.5
4449061	0	0	0	0	0	0	0	0	0	0	0	0	0	0	0	0	0	0	0	0	0	0	0	0	0	1.6	1.2	0.4	15.6	0	0.4	0	25	3	0	11.4	0.6	2.6	0	5.4	4.4	0	4.2	2.2	7	4.4	0.4	0	0.8	0	0.4	2.6	0	0.8	0	0.4	22.2	9.6	6.2	0.4	1.6	0.4	1.2	0.6	0	17.4	0	9.2	1.2	0	0	2.6	0	0	0
4476050	0	0	0	0	0	0	0	0	0	0	0	0	0	0	0	0	0	0	0	0	0	0	0	0	0	0	2.33333333333333	0	0	0	0	0	0	0	0	4.33333333333333	0	0	0	0	0	0	0	0	0.666666666666667	1.66666666666667	0	0.666666666666667	0	0	0	1	2.33333333333333	0	1.66666666666667	1	0	0	0	1	0	0	0	0	0	0.666666666666667	0	13.6666666666667	0	0	1.33333333333333	0	0	0	0.666666666666667
4462867	10	7	3	176	2	6	23	0	0	5	0	0	3	0	12	9	3	0	3	18	13	7	0	48	7	0	0	0	0	0	0	0	0	0	0	0	0	0	0	0	0	0	0	0	0	0	0	0	0	0	0	0	0	0	0	0	0	0	0	0	0	0	0	0	0	0	0	0	0	0	0	0	0	0	0
4377624	0	0	0	0	0	0	0	0	0	0	0	0	0	0	0	0	0	0	0	0	0	0	0	0	0	0.6	0	1	1	0	0	0	0	2.2	0	0.4	0	0	0	1.8	0.4	0	0	0	0	0.4	1.2	0	0	0	0	0	0	0	0	0	1.6	0.4	0	0.4	1.4	0	0	0	4.6	8.4	0.4	0	0	0	0	0.6	0	0	0
763967	0	0	0	0	0	0	0	0	0	0	0	0	0	0	0	0	0	0	0	0	0	0	0	0	0	0	0	0	0	5	3.25	0	0	0	2.75	4.25	0	0	0	0	0	1	5.25	0	0	0.5	0	0	0	0	0	0	0	0	0	1.25	0	5.75	1.75	0	0	10.75	0	0	0	0.5	0	1.25	7	0	0	0	0	20.75	0
4455183	0	0	0	0	0	0	0	0	0	0	0	0	0	0	0	0	0	0	0	0	0	0	0	0	0	0	0	0	0	0.4	0.4	0	0	0	0	0	0	0	0	0	0	0	0	0	0	0	0	0	0.4	0	0	0	0	0	0	0.4	0	0	0	0	0	0	0	0.4	0	0	0	0	0	0.6	0	0	0	0	0
4338486	0	0	0	0	0	0	0	0	0	0	0	0	0	0	0	0	0	0	0	0	0	0	0	0	0	0	0	0.75	0	0	0	0	0	0	0	0	0	0	0	0	0.5	0	0	0	0	0	0	0	0	0	1.25	0	0	0	0.5	0	0.5	0	0	0	0	0	0.75	0	0	0	0	0	0	0.5	0	0	0.5	0	0.5
4422456	0	0	0	0	0	0	0	0	0	0	0	0	0.4	0	0	0	0	0	0	0.4	0	0	0	0	0	0.8	2	1.4	0	5.6	0.4	0	0	1.2	1.2	1	5.4	0.4	1.4	1.6	8.2	1	1.2	0.8	18.8	2	3.8	0	0	4.6	1	1.6	0	0	2	1.6	1.2	7	1.4	7.6	6.8	0.6	5.2	3.6	1.2	1	6.4	0	0.8	0	6.2	1.4	2.8	1.2	1.6
1076668	0	0	0	0	0	0	0	0	0	0	0	0	0	0	0	0	0	0	0	0	0	0	0	0	0	0.75	2.25	0.5	0	0	0	0.5	0	0.5	0	0.5	0	0	0	0	0	0	0.5	4.5	0	2.25	0	0	0	0.5	0	5.25	0	1.75	1.25	2.75	0.5	0	0	0	0	0.75	0	0	0.5	4.25	6	1	0.5	0	0	0	0.75	1.25	0
4416015	0	0	0	0	0	0	0	0	0	0	0	0	0	0	0	0	0	0	0	0	0	0	0	0	0	0	0	8.66666666666667	0	0	0.666666666666667	0	0.666666666666667	0	0	1.33333333333333	0	0.666666666666667	0	0	0	0	0	0	0	0	1.66666666666667	0	0	0	0	0	1.33333333333333	0	0	0	0	0	0	0	0	0	0	0	3	0	0	0	1	0.666666666666667	0	1.33333333333333	0	0	0
4332410	0	0	0	0	0	0	0	0	0	0	0	0	0	0	0	0	0	0	0	0	0	0	0	0	0	0	0	0	0.5	2.5	0	0	1.75	0	0	0.5	0.75	0	11.75	0	0	1.5	0	0.5	0	0	0	0.75	0	0	0	0	0.75	0	0	0	0	0	0	0	0	0.75	0	0	0	0	0	1.25	0	2	0	0	0	1	0
4477552	0	0	0	0	0	0	0	0	0	0	0	0	0	0	0	0	0	0	0	0	0	0	0	0	0	4.66666666666667	9	27.3333333333333	10	1.33333333333333	10.3333333333333	102	9.33333333333333	2	1.66666666666667	3.66666666666667	4	4.66666666666667	10	3	14.6666666666667	12.6666666666667	4.66666666666667	3	1	19.6666666666667	7.33333333333333	0	1	4	13.3333333333333	44.6666666666667	0.666666666666667	138	11.3333333333333	3	6	11.3333333333333	6.33333333333333	22.6666666666667	79.6666666666667	24.6666666666667	34.3333333333333	13.3333333333333	85	26.6666666666667	0	3	1.66666666666667	1.66666666666667	5.66666666666667	16.6666666666667	22	0	14
4376964	0	17.6	29.8	9.2	0	0	39.4	80.2	2.2	5.8	30.6	0	3.2	107.4	1.2	0	0	1.8	0.8	0	0	0	59.6	0.6	1	0	0	0	0	0	0	0	0	0	0	0	0	0	0	0	0	0	0	0	0	0	0	0	0	0	0	0	0	0	0	0	0	0	0	0	0	0	0	0	0	0	0	0	0	0	0	0	0	0	0
4471251	0	0	0	0	0	0	0	0	0	0	0	0	0	0	0	0	0	0	0	0	0	0	0	0	0	2.33333333333333	1.33333333333333	12.1666666666667	0.333333333333333	0	0	0.666666666666667	0.333333333333333	0.666666666666667	0	1.33333333333333	11.8333333333333	0	0.666666666666667	6.83333333333333	0	0	4.33333333333333	0	0.5	1.66666666666667	0	0	1	18.3333333333333	0.333333333333333	0.5	0	0	0	0	0	0.5	4.66666666666667	0	15.3333333333333	0	0	0.833333333333333	20.3333333333333	2.83333333333333	0	0.333333333333333	1.5	0	0.333333333333333	2.83333333333333	1.66666666666667	1	0.333333333333333
4447514	0	0	0	0	0	0	0	0	0	0	0	0	0	0	0	0	0	0	0	0	0	0	0	0	0	0	0	0	0	0	0	0	0	1	0	0	0	8.66666666666667	1.33333333333333	9	0	1.66666666666667	0	0	0	0.666666666666667	8	8	1.66666666666667	64.6666666666667	0	0	0	0	0	0	0	0	0	1	0	2.66666666666667	0	0	0	0.666666666666667	0	0	2	9	0	0	0	0	0
4462083	0	0	0	0	0	0	0	0	0	0	0	0	0	0	0	0	0	0	0	0	0	0	0	0	0	0.5	1	0.75	0	0	0.5	1.75	0	0.5	0.5	0	0	0	0	0	1.25	0	0.75	0	0.5	0.5	0.75	0	0	1.25	0	0.5	1.25	0.75	1.5	1.5	0.75	0	1	0	1.75	0	0.75	1.75	2	1.75	0	0	0.5	0.75	0	0	1.75	0	1
4478393	0	0	0	0	0	0	0	0	0	4	0	0	2	0	0	0	3	0	12	2	0	2	0	0	3	0	0	0	0	0	0	0	0	0	0	0	0	0	0	0	0	0	0	0	0	0	0	0	0	0	0	0	0	0	0	0	0	0	0	0	0	0	0	0	0	0	0	0	0	0	0	0	0	0	0
4473883	0	0	0	0	0	0	0	0	0	0	0	0	0	0	0	0	0	0	0	0	0	0	0	0	0	0	0	0	0	0	0	1	0	0	0	0	0	0	0	0	0	0	0	0.4	0	0	0	0	0	0	0	0	0	1.8	0.4	0	0	0	0	0	0	0	0.8	0	0	0	0	0	0	0	0.4	0	0.4	0	0.8
4447248	0	0	0	0	0	0	0	0	0	0	0	0	0	0	0	0	0	0	0	0	0	0	0	0	0	0	0	0.5	0	9.5	0	0	0	0	2.25	0	6	0	2.5	0	0	2.5	0.75	0	2	0	0.5	0	0	0.5	0	0	0	0	0	2.25	0	3	1.25	0.5	2	0.5	0	0	0	0	1.25	0	1	0	0	0	0	0.75	0
859700	0	0	0	0	0	0	0	0	0	0	0	0	0	0	0	0	0	0	0	0	0	0	0	0	0	0	0	0	0	0	0	0	0	0	0	0.4	0	0	0	0	0	0	0	0	0	0	0	0	0	0	0	0	0	0	0	0	0	0	0	0	0.4	0	0	0	0.4	0	0	0	0	0	0	0	0	0	0
4353660	0.75	0	0	0.5	0	0	6.75	0	0	0	1	0	0	0	0	1.75	1	0	2	0	1.5	0	0	0	0.5	0	0	0	0	0	0	0	0	0	0	0	0	0	0	0	0	0	0	0	0	0	0	0	0	0	0	0	0	0	0	0	0	0	0	0	0	0	0	0	0	0	0	0	0	0	0	0	0	0	0
4406302	0	0	0	0	0	0	0	0	0	0	0	0	0	0	0	0	0	0	0	0	0	0	0	0	0	0	0.75	0	5.25	6.75	3.25	0	0.75	10.5	4.25	3.5	0	8	7.25	0.5	0	12.75	2	3.75	3.75	0.75	6.5	3	2.25	3.5	0	0	3.5	0	0.75	2.25	0.75	3.75	1.75	4	0	8.75	0	0.5	0	4	0	2.25	10.5	2.5	1	0	1.75	4.75	0
2647328	0	0	0	0	0	0	0	0	0	0	0	0	0	0	0	0	0	0	0	0	0	0	0	0	0	0	0	0	0	0	0	0.8	0	0	0	0	0	0	0	0	0	0	0	0	0	0	0	0	0	0	0	0	0	0	0	0	0.4	0	0	0	0	0	0	0	0	0.4	0	0	0	0	0	0	0	0	0
4449244	0.714285714285714	0	0	0	0	0	0	0	3.85714285714286	0	0	0	0	0	0	0	0	0	0	0	0	0	0	0	0	0.285714285714286	0.428571428571429	0	0	0	0	0	0	0	0.285714285714286	5.28571428571429	0	0.857142857142857	0	0.571428571428571	0	0	0	0	0	1.14285714285714	3.71428571428571	0	0.428571428571429	0	0	0.428571428571429	1.85714285714286	0	0	0	0.285714285714286	0.428571428571429	0.714285714285714	4.42857142857143	0	1.28571428571429	0	0	0	0.428571428571429	0.571428571428571	6.42857142857143	0	0	0	0	0	0.714285714285714	0
4426165	0	0	0	0	0	0	0	0	0	0	0	0	0	0	0	0	0	0	0	0	0	0	0	0	0	0	0	9.25	0	0	6.25	0	0	56.5	7	25.5	1.75	0	2.25	3.25	0	12.75	0	0	0	0	2.75	0	0	28.5	0	0	0	0	0	0	0.5	0	0	3	0	0.75	0	0	0	3.75	0	4.75	12	0	0	0	0	3.5	0
499378	0	0	0	0	0	0	0	0	0	0	0	0	0	0	0	0	0	0	0	0	0	0	0	0	0	0	0	0	0	0.666666666666667	0.666666666666667	0	0	0	0	0	0	0	0	0	0	0	0	0	0.666666666666667	0	0	0	0	0	0.666666666666667	0.666666666666667	0	0	0	0	0	0	0	1	0.666666666666667	0	0	0	0.666666666666667	0	0	0	0	0	0	0	0	0	0.666666666666667
4447353	0	0	0	0	0	0	0	0	0	0	0	0	0	0	0	0	0	0	0	0	0	0	0	0	0	0	0	1.33333333333333	0.666666666666667	0	1	1	0	0	0	1	0	0	0	0	2	0.666666666666667	0	0	0	0	2.66666666666667	0	0	0	7	0.666666666666667	0	0	0	0	0	0.666666666666667	2.33333333333333	8	0	1.66666666666667	4.66666666666667	0	0	0	0	0	0	0	0	0	0	0	0
14157	0	0	0	0	0	0	0	0	0	0	0	0	0	0	0	0	0	0	0	0	0	0	0	0	0	0	0	1	1.875	0	0.75	0	1.625	7.75	0.875	1.375	0	0	5.375	2.125	0	5.5	1.375	1.75	0.25	0	3.875	8.125	0.25	0.375	0.875	0	0	0	0	0	0	0.75	0	0.25	0	0.875	0	0	0	0.25	0	0.625	2.75	6.5	0	0	0	2	0
4445466	0	0	0	0	0	0	0	0	0	0	0	0	0	0	0	0	0	0	0	0	0	0	0	0	0	0.5	0	0.5	0	0.5	0	0.5	0	0	0	0	0	0	0.5	0	0	0	0	0	0	0.5	0	0	0	0.75	0.75	0.75	0	0.5	1.5	0.5	0.5	0	0.5	0	0.5	0	0	0.75	0.75	0	0	0	0	0	0	0	0.75	0	0
867184	0	0	0	0	0	0	0	0	0	0	0	0	0	0	0	0	0	0	0	0	0	0	0	0	0	0	14.6666666666667	0	0	0.666666666666667	1	0	0	0.666666666666667	1	0	0	0	2.33333333333333	0	0	0	0	0	0.666666666666667	1	1	10	0	0	1	1.33333333333333	0.666666666666667	0	5.33333333333333	9	0	0	1.33333333333333	0	0.666666666666667	1	0.666666666666667	3	0.666666666666667	0.666666666666667	1	0.666666666666667	0	11.6666666666667	2	8.66666666666667	0	0	15.3333333333333
4479603	0	0	0	0	0	0	0	0	0	0	0	0	0	0	0	0	0	0	0	0	0	0	0	0	0	0	0	2.25	2	4	0	0	8	0	1	3.75	0.75	13.25	0.5	0	0	0.75	0	0	1	0	0	0	0.75	0	0	0	0	0	0	2.75	0	0.5	0.75	0.75	0	0	0	0	0	0	0	1.25	0	0	0	0	1	2	0
4479602	0	0	0	0	0	0	0	0	0	0	0	0	0	0	0	0	0	0	0	0	0	0	0	0	0	0	0.6	34.4	1	3	11	0	5	33	10.6	2.8	0.6	2.8	4.2	1	0	3.8	4.6	5.8	0.4	0	5.2	11.2	3.6	0.6	1.6	0	2.2	0	0.6	2.2	0	0	6.4	0.8	0.4	3	0	10	0	0.4	1.4	2.2	0	7.4	1.4	9.2	0	15.6	0
4388707	0	0	0	0	0	0	0	0	0	0	0	0	0	0	0	0	0	0	0	0	0	0	0	0	0	0	0	0	4.25	2.5	18.25	0	3.5	0	13.5	2.25	0	0	0	0	0	0	2.25	0	0.5	5.75	0	0	2	0	0	0	0	0	1.5	0	0	1.75	3.25	0	0	0	0	4.75	0	0	0	2.5	0.75	0	1.75	0	0	2	0
4455767	0	0	0	0	0	0	0	0	0	0	0	0	0	0	0	0	0	0	0	0	0	0	0	0	0	0.5	7.5	7.75	8	1	2.25	8.5	6.25	0.5	8.75	1.25	7	0.5	2.25	6	1.5	5	1	2.25	36.25	11.25	3	0	0	2.75	10	8	4.25	5	1.5	3	2.75	1.25	2.75	10	2.75	5.75	2.25	0.75	2.75	4.5	31	1.25	0.75	0	3.5	17.75	1.25	3	5.25
3530697	0	9	1.66666666666667	1.33333333333333	7	0	15.6666666666667	0	0	1	0	0	1	2.66666666666667	0	1	2.66666666666667	0	0	1.33333333333333	0	0	0	13.3333333333333	0	0	0	0	0	0	0	0	0	0	0	0	0	0	0	0	0	0	0	0	0	0	0	0	0	0	0	0	0	0	0	0	0	0	0	0	0	0	0	0	0	0	0	0	0	0	0	0	0	0	0
4399767	0	0	0	0	0	0	0	0	0	0	0	0	0	0	0	0	0	0	0	0	0	0	0	0	0	2.66666666666667	2.33333333333333	5	2	1.66666666666667	0.666666666666667	5.66666666666667	0	2.33333333333333	1.33333333333333	1.33333333333333	0	0.666666666666667	3	2.66666666666667	3	4.33333333333333	2	6.66666666666667	0.666666666666667	6.33333333333333	7.66666666666667	0	0	0	4.33333333333333	2.66666666666667	2	4.33333333333333	3.66666666666667	0	3.33333333333333	0	1.66666666666667	7	4.66666666666667	5.33333333333333	2	2	2.66666666666667	3.66666666666667	0	2.66666666666667	0	0.666666666666667	3	5.66666666666667	3.33333333333333	0	13
4442127	0	0	0	0	0	0	0	0	0	0	0	0	0	0	0	0	0	0	0	0	0	0	0	0	0	0	3.33333333333333	11	4	22	21.6666666666667	0	2.66666666666667	18.6666666666667	9	20	1	17.3333333333333	0.666666666666667	3.33333333333333	0	0	5	9.66666666666667	18	3.66666666666667	5	15.6666666666667	1.66666666666667	9.66666666666667	2	1.66666666666667	36	0	2.66666666666667	3.66666666666667	2	14.3333333333333	14	6.33333333333333	1	3.66666666666667	0.666666666666667	3.66666666666667	2	5.66666666666667	5	35	11.3333333333333	17.6666666666667	0.666666666666667	0	7	12.6666666666667	1.33333333333333
4397500	0	0	0	0	0	0	0	0	0	0	0	0	0	0	0	0	0	0	0	0	0	0	0	0	0	7	0.8	0	3.4	0	0	0	5.6	1.8	0	5.6	0	0	0	2.2	1.4	0	0	2.6	2.2	0.6	0	0	0	0	0	0.8	0.6	0	1.4	0	9	0.6	0	0	0	0	0	0	0	14.4	0	4.6	0	0	0	7.6	0	0	0
4470246	0	0	0	0	0	0	0	0	0	0	0	0	0	0	0	0	0	0	0	0	0	0	0	0	0	2	4	0	2.6	6.8	4.2	0	4.6	0.8	4.2	0	1.4	0	7	2.8	0.4	6.8	0	0	14	3.4	0	9	19.6	0.4	0	11.8	19.2	0.4	0	6.2	0.4	0	0.6	0	1.8	13	9.2	75.2	2.4	1.4	19.2	0.6	0	3.6	20.8	9.2	0.4	1	0
4479373	0	0	0	0	0	0	0	0	0	0	0	0	0	0	0.5	0	0	0	0	0	0	0	0	0	0	45.25	45.75	37.75	34.25	24.75	13	41	0.75	19	19.25	6	6	35.25	22.25	25.75	54	20.25	34	51.25	29.75	53.25	11.75	4	4	32	90.75	68.25	26.25	73.75	40.75	49.75	72.75	55	29	22	118.5	27.5	105.25	40.25	64.5	79	41.75	3.5	7	9	29	89.75	82.25	10.25	131
4450711	0	0.4	2.4	0.4	0	0	0	0	0.6	1.2	3.6	0	0	0	4	1.2	4.2	0	0.6	0	0	0	0	1.4	0	0	0	0	0	0	0	0	0	0	0	0	0	0	0	0	0	0	0	0	0	0	0	0	0	0	0	0	0	0	0	0	0	0	0	0	0	0	0	0	0	0	0	0	0	0	0	0	0	0	0
4459671	0	0	0	0	0	0	0	0	0	0	0	0	0	0	0	0	0	0	0	0	0	0	0	0	0	0	0	0	13	16.6666666666667	11.3333333333333	0	9	8.66666666666667	8.33333333333333	8	0	13.6666666666667	13	0	0	19.3333333333333	4.66666666666667	1.66666666666667	0	0.666666666666667	1	10	10.3333333333333	0	0	0	10.3333333333333	0	0	0.666666666666667	0	0	5.66666666666667	1	0	8.66666666666667	0	3.33333333333333	0	0	0	1.66666666666667	14.6666666666667	11	2	0	0	12.3333333333333	0
4460507	0	0	0	0	0	0	0	0	0	0	0	0	0	0	0	0	0	0	0	0	0	0	0	0	0	0	0	0	4	0	0	0	3.66666666666667	14.3333333333333	0	0	0	4.66666666666667	0	0	0	0	4.33333333333333	0	0	0	3.66666666666667	0.666666666666667	0	1	0	0	0	0	0	0	0	3	2.66666666666667	0.666666666666667	0	0	0	0	0	0	0	0	16	0.666666666666667	0	0	0	3	0
4460509	0	0	0	0	0	0	0	0	0	0	0	0	0	0	0	0	0	0	0	0	0	0	0	0	0	0	0	0	4	0	0	0	3.33333333333333	16	0	0	0	6.33333333333333	0	1	0	0	3.66666666666667	0	0	0	2.66666666666667	0	0	1.66666666666667	0	0	0	0	0	0	0	2	5.66666666666667	0	0	0	0	0	0	0	0	0	13.6666666666667	1.33333333333333	0	0	0	3.33333333333333	0
4459265	0	0	0	0	0	0	0	0	0	0	0	0	0	0	0	0	0	0	0	0	0	0	0	0	0	0	0	0	16.2	0	4	0	12.4	0.8	1.2	2	0	6.4	0	2.2	0	0	2.8	0	0	0	4	0	0	0	0	0	0	0	0	0	0.8	3.2	5.2	2.8	0	12.2	0	0	0	0.6	0	0.6	0	0	0	0	0	0	0
4438166	0	0	0	0	0	0	0	0	0	0	0	0	0	0	0	0	0	0	0	0	0	0	0	0	0	0	0	0	0	0	0	0	0	0	0	0	0	0	0.5	0	0	0	0	0	0	0	0	0	0	0	0	0	0	0	1.25	0.75	0	0	0	0	0	0	0.75	0	0	0	0	0	0	0	0	0	0.75	0	1.75
4439766	0	0	0	0	0	0	0	0	0	0	0	0	0	0	0	0	0	0	0	0	0	0	0	0	0	0	1.25	1	3.5	0	0	1.5	11.5	0	1	4	0	5	0	10.75	0	0	3.5	8	0	0	12.75	0	30.5	0	2.25	2.25	0	0	0.5	1.5	0	21	5	2.25	0	0	0	0	0	5.75	1.75	8	2	3.75	0	0	0	36.25	0.75
4473129	0	0	0	0	0.333333333333333	0	0	0	0	0.833333333333333	0	0	1	0	0	0	0	0	0	0	0	0.333333333333333	0	0	0	110.666666666667	11.5	14.1666666666667	32	10	0	6.16666666666667	2.66666666666667	52	43.8333333333333	12	3.66666666666667	36.5	3	62.6666666666667	116.833333333333	6.33333333333333	35.3333333333333	22.3333333333333	7	20.6666666666667	12.5	0	10.5	72.3333333333333	12.8333333333333	5	11	4.5	4.5	28.3333333333333	206.833333333333	19.5	27.3333333333333	43	20.8333333333333	4.83333333333333	191.333333333333	0	32.8333333333333	73.1666666666667	102.666666666667	8.5	9.5	0.5	0.833333333333333	17	58	28.6666666666667	0.666666666666667
4457085	0	0	0	0	0	0	0	0	0	0	0	0	0	0	0	0	0	0	0	0	0	0	0	0	0	0	0	0	1.5	0	0	0	0	0	0	0	0	0	0	0	0	0	2	16.5	0	4.5	0	0	1	0	0	2	14.5	0	0	0	2	1	13.5	0	0	0	0	4.5	0	19	0	0	0	0	9.5	0	0	0	0
1059655	0	0	0	0	0	0	0	0	0	0	0	0	0	0	0	0	0	0	0	0	0	0	0	0	0	19.2	10.8	29	10	12.8	12.4	26	4	11	8	3.6	6.8	2.6	2.6	30.2	13	3	10.6	2	2.4	14	13	0	2.8	25	20.2	8	1.8	15.2	10.8	5.8	10.6	17.2	24.6	7.8	46.6	3	22.6	13	47	12.2	0.8	0.6	4.8	1.4	12.2	12.8	18	4.8	11.2
4430826	0	0	0	0	0	0	0	0	0	0	0	0	0	0	0	0	0	0	0	0	0	0	0	0	0	0.6	7.8	0	0.4	1.4	3	0	0	1.4	3.6	6.8	0.4	5	0.4	0.8	0	1.8	5	12.4	14.6	13.4	4.6	0.4	10.8	1.4	6.4	5	10.8	0	3.6	12.6	6	15.8	17.8	2.6	0.6	6.8	0	1.2	0	2	14.2	14	3	1.8	9.2	0	1.2	10	6.2
4391205	0	0	0	0	0	0	0	0	0	0	0	0	0	0	0	0	0	0	0	0	0	0	0	0	0	4	2	0.75	7.25	2	12.75	8.5	1.5	5.25	7.25	5.25	0	0	0	4.75	1.75	0	3	3.25	7.25	8.5	5.25	0	3	6.5	9.25	2.5	3.25	9	1	1	24.75	3.5	6.25	9	3.75	2.25	7.5	0.75	0.75	17.25	4	5.75	2.5	0	3.25	0	13	0.5	2.5
4458476	0	0	0	0	0	0	0	0	0	0	0	0	0	0	0	0	0	0	0	0	0	0	0	0	0	0.75	0	0	0.75	0	0	0	0	0	0	0	0	0	0	0	0	0	0	0	0	0	0.5	0	0	0	0	0	0	0	2.25	0	0.5	0	0	0	0	0	0	1	0.75	0	0	0.5	0	0	0	0.5	0	0	0.75
4428949	49	69	4	4	5	10	17	2	0	24	3	0	0	11	0	0	14	0	17	53	3	12	0	15	0	0	0	0	0	0	0	0	0	0	0	0	0	0	0	0	0	0	0	0	0	0	0	0	0	0	0	0	0	0	0	0	0	0	0	0	0	0	0	0	0	0	0	0	0	0	0	0	0	0	0
1076413	0	0	0	0	0	0	0	0	0	0	0	0	0	0	0	0	0	0	0	0	0	0	0	0	0	0	0	0	0	0	0	0	0	0	0	0.6	0	0	0	0.4	0	0	0.6	0	3.6	0.4	0	0	0.6	6	0	0	0	0	0	0	0	0	0.4	0	0	0	0	0	0.4	0	0	0	0	0	0	0	1	1	0
4481455	0	0	0	0	0	0	0	0	0	0	0	0	0	0	0	0	0	0	0	0	0	0	0	0	0	0	0	0	0	9.25	0	0	0.75	0	0	5	0	0	0	0	0	0	0	1.75	2	0	0	0	0	0	0	2.25	7.75	1.25	0	0	0	0.5	4.5	0	0	0	0	1.75	0	0	8.5	9	0	0	9.25	0	0	1.5	0
4468384	0	0	4	3	5	0	15	0	0	0	0	0	0	2	0	3	5	0	0	36	0	3	0	8	0	0	0	0	0	0	0	0	0	0	0	0	0	0	0	0	0	0	0	0	0	0	0	0	0	0	0	0	0	0	0	0	0	0	0	0	0	0	0	0	0	0	0	0	0	0	0	0	0	0	0
4307230	0	0	0	0	0	0	0	0	0	0	0	0	0	0	0	0	0	0	0	0	0	0	0	0	0	0	0	0	0.666666666666667	0.666666666666667	0	0	1.66666666666667	2.66666666666667	0	0	0	5.66666666666667	1	0	0	1	6.66666666666667	0	0	0	1.33333333333333	3.66666666666667	1	0	0	0	0	0	0	0	0	0	0	0	0	0	0	0	0	0	0	0	0.666666666666667	2	0	0	0	0	0
4456252	0	0	0	0	0	0	0	0	0	0	0	0	0	0	0	0	0	0	0	0	0	0	0	0	0	0	0	0	0	0	1	0	0	0	2.8	0.6	0	0	8.8	0	0	8.2	0	1.2	0	0	0	0.8	0.4	0	0.4	0	0	0	0	0	0	0	0	0	0	8	0	0	0	0	0	0	0	0.4	0	0	0	2.8	0
4464533	0	3	0	0	0	4	59	0	0	4	0	0	4	0	0	17	4	0	0	22	0	5	4	3	0	0	0	0	0	0	0	0	0	0	0	0	0	0	0	0	0	0	0	0	0	0	0	0	0	0	0	0	0	0	0	0	0	0	0	0	0	0	0	0	0	0	0	0	0	0	0	0	0	0	0
4477062	0	0	0	5	1.5	1.25	0.75	0.5	0	0	0	0	0	0	0	0	1	0	0	1.5	0	0	0	0	1.25	0	0	0	0	0	0	0	0	0	0	0	0	0	0	0	0	0	0	0	0	0	0	0	0	0	0	0	0	0	0	0	0	0	0	0	0	0	0	0	0	0	0	0	0	0	0	0	0	0	0
4333154	0	0	0	0	0	0	0	0	0	0	0	0	0	0	0	0	0	0	0	0	0	0	0	0	0	0	0	0	0	0	0.285714285714286	0	0	0	0.285714285714286	0	0	0	0.571428571428571	0	0	0	0.428571428571429	0.714285714285714	0	0	0	0	0	0	0	0	0	0	0	0.428571428571429	0	0	0	0.428571428571429	0	0	0	0	0	0	0	0.285714285714286	0	0	0	0	0	0	0
4310024	0	0	0	0	0	0	0	0	0	0	0	0	0	0	0	0	0	0	0	0	0	0	0	0	0	0	0	0	0	0	1	0	0.5	3.66666666666667	0.5	0.333333333333333	0	0.666666666666667	1	0.833333333333333	0	1.83333333333333	2.33333333333333	0.666666666666667	0	0	0.666666666666667	0.833333333333333	0.333333333333333	0	0	0	0	0	0	0	0	1.16666666666667	0.666666666666667	0.333333333333333	0	0.5	0	0	0	0	0	0	5.33333333333333	1.16666666666667	0	0	0	0	0
923032	0	0	0	0	0	0	0	0	0	0	0	0	0	0	0	0	0	0	0	0	0	0	0	0	0	0	0	0	0	33	3.4	0	0	0	5.2	0.4	0	0	0.8	0	0	1.4	4	0	0	0.4	0	0	1.6	0	0	0	0.4	0	0	0	0	0	2.6	0	0	2.6	0	48.4	0	0	0	0.6	0.6	0.4	0	0	0	1.4	0
4447605	0	0	0	0	0	0	0	0	0	0	0	0	0	0	0	0	0	0	0	0	0	0	0	0	0	0	2	15.75	3.25	0.75	8.75	0	7.25	0	11.5	3.75	3.25	0.75	6	1	0	12	8	1.5	0.5	2	2.5	0	5.25	0	2.75	0.5	2.75	0	0	0	0	5.25	8	2.25	0	5.5	1	17	0	0	1.25	7.5	0	0.75	7.5	8.5	0	3	0
1023075	0	0	0	0	0	0	0	0	0	0	0	0	0	0	0	0	0	0	0	0	0	0	0	0	0	0	0	0.8	0	0	0	0	0	1	0	1.6	0	0	0	3.4	0	0	0	0	0.4	0	0	0	0	6.4	0	0	0	0	0	0	0	0	0	0	0	0	0	0	1.4	0	0	1.2	0	0	0	0	1.2	0	0
4311254	0	0	0	0	0	0	0	0	0	0	0	0	0	0	0	0	0	0	0	0	0	0	0	0	0	0	1	0	0	0	0	0	0	0	0	0	0	0	0	0	0	0	0	0	0	0	2	0	0	0	1.33333333333333	0	1	0	0	0	0	0	0	1.66666666666667	0	0	0	0	1.66666666666667	0	0	0	0	0	0	0	0	0	1.66666666666667
4469199	0	1.25	2.5	10	4.75	1.75	15.5	3.5	0	1.5	0	0	0	0.75	0	25	16.5	0	0	3	0	1.75	0	7.25	0	0	0	0	0	0	0	0	0	0	0	0	0	0	0	0	0	0	0	0	0	0	0	0	0	0	0	0	0	0	0	0	0	0	0	0	0	0	0	0	0	0	0	0	0	0	0	0	0	0	0
4460914	0	0	0	0	0	0	0	0	0	0	0	0	0	0	0	0	0	0	0	0	0	0	0	0	0	0	2.8	0	0	19.4	1.8	0	0.4	0.6	7.8	7.6	0	0	8.4	3	0.4	8.8	4.2	2.8	0	3.4	0.6	0	2.2	0.8	38.4	8.6	5.2	0	0	0.4	0	2.4	33	1.2	0	8.4	0.4	34.4	0	0	2	7	1.2	0	6.4	0	0	7	3.2
4472050	0	0	0	0	0	0	0	0	0	0	0	0	0	0	0	0	0	0	0	0	0	0	0	0	0	0	6	9	95.3333333333333	2.33333333333333	19	0.666666666666667	11	3.33333333333333	19	2.66666666666667	0.666666666666667	0	7	0	1.33333333333333	7	1.33333333333333	2	3.66666666666667	7	0	3	1	0	2.33333333333333	3	2.66666666666667	2.66666666666667	19	0	2	0	1	0	0	10	16	11.6666666666667	0	0	0	9.33333333333333	12.3333333333333	6.66666666666667	5.33333333333333	11	0	0.666666666666667	10.3333333333333
4446973	0	0	0	0	0	0	0	0	0	0	0	0	0	0	0	0	0	0	0	0	0	0	0	0	0	0	0.5	0	0	1	10.5	0	0	0.5	34.25	11.25	0	25	26	0	0	36.5	43.75	12.5	0	0	4.75	0.5	1.5	0	0	0	0	0	5	0.75	0	5.25	21.75	0.75	0	36.25	0	2.5	0	0	0	3.5	62.5	0	2.25	0	0	12.5	0
4321001	3.66666666666667	3	2.83333333333333	0	0	0	0	3	2.16666666666667	0.333333333333333	0.666666666666667	4.16666666666667	2	0.666666666666667	0	0	0	0	2	3.16666666666667	0	0	2.16666666666667	0	0	0	0	0	0	0	0	0	0	0	0	0	0	0	0	0	0	0	0	0	0	0	0	0	0	0	0	0	0	0	0	0	0	0	0	0	0	0	0	0	0	0	0	0	0	0	0	0	0	0	0
4374220	0	0	0	0	0	0	0	0	0	0	0	0	0	0	0	0	0	0	0	0	0	0	0	0	0	0	0	0	0	0	0.666666666666667	1.33333333333333	0	0	0	0	0	0	0	0	1.33333333333333	0	0	0	0	0.666666666666667	0	0	0	0	1.66666666666667	1.33333333333333	0	0	0.666666666666667	0	0	0	0	0	0	0	0.666666666666667	0	0.666666666666667	0.666666666666667	0	0	0	0	0	0	0.666666666666667	0	0.666666666666667
4466616	0	0	0	0	0	0	0	0	0	0	0	0	0.833333333333333	0	0	0	0	0	0.666666666666667	0	0	0	0	0	0	16.5	5.16666666666667	1.83333333333333	5.16666666666667	0.5	0.333333333333333	1.83333333333333	1	14.5	7	0.833333333333333	1.33333333333333	8.33333333333333	1.33333333333333	7.83333333333333	0	2.16666666666667	0	2.83333333333333	3.83333333333333	8.33333333333333	1.16666666666667	0	1.5	4	0	0.5	0.333333333333333	1.66666666666667	0	0	28.8333333333333	25.3333333333333	0	3.5	4	1.33333333333333	0.666666666666667	1	5.33333333333333	45.6666666666667	0.833333333333333	1.16666666666667	2	0	0.5	3.83333333333333	0	4.83333333333333	0
4476609	0	0	0	0	0	0	0	0	0	0	0	0	0	0	0	0	0	0	0	0	0	0	0	0	0	13	34.3333333333333	43	11.6666666666667	1.66666666666667	12.3333333333333	252.666666666667	11.6666666666667	3.33333333333333	3.66666666666667	10	10.6666666666667	12	28.3333333333333	8.66666666666667	15.3333333333333	21	8.33333333333333	21.6666666666667	2.33333333333333	32.3333333333333	6.33333333333333	3.33333333333333	2.33333333333333	6.66666666666667	21.6666666666667	50.3333333333333	2	408.666666666667	65	11	10.3333333333333	11	9.33333333333333	26.3333333333333	328.666666666667	33	41.6666666666667	46.6666666666667	141	29.3333333333333	0.666666666666667	7.66666666666667	2	9	15.3333333333333	53.6666666666667	65	3.33333333333333	41.6666666666667
4463237	0	0	0	0	0	0	0	0	0	0	0	0	0	0	0	0	0	0	0	0	0	0	0	0	0	18.3333333333333	38.3333333333333	8	10.6666666666667	20.3333333333333	46.3333333333333	204.333333333333	3.66666666666667	5.33333333333333	24	9.33333333333333	14.6666666666667	28.3333333333333	11.3333333333333	20.6666666666667	43.6666666666667	14	40.3333333333333	30.3333333333333	46.3333333333333	44	85	2.33333333333333	4.66666666666667	43.6666666666667	46.6666666666667	68	13.3333333333333	234.666666666667	15	12.3333333333333	24.6666666666667	113.666666666667	62.3333333333333	68	194	19	52.6666666666667	28.3333333333333	93	32.3333333333333	11.3333333333333	10.6666666666667	1.66666666666667	2	35.6666666666667	43.3333333333333	99	2.33333333333333	42.6666666666667
953463	0	0	0	0	0	0	0	0	0	0	0	0	0	0	0	0	0	0	0	0	0	0	0	0	0	0.5	0	0	1.83333333333333	0	0	0	4.33333333333333	0.666666666666667	0	7.83333333333333	0	0	0	0	3.5	0	0	0	2.66666666666667	0.5	0	0	0	0	0	0.833333333333333	0	0	0.5	0	6	1.33333333333333	0	0	0	0	0.333333333333333	0	0	10.8333333333333	0	6.33333333333333	0	0	0	1.33333333333333	0	0	0
4478815	0.833333333333333	0.5	0	0	0	4.16666666666667	2.16666666666667	0	0	0	0	0	1.33333333333333	0	0	1.33333333333333	0.833333333333333	0.5	0.833333333333333	2	0	6.33333333333333	0.5	2.33333333333333	1.5	0	0	0	0	0	0	0	0	0	0	0	0	0	0	0	0	0	0	0	0	0	0	0	0	0	0	0	0	0	0	0	0	0	0	0	0	0	0	0	0	0	0	0	0	0	0	0	0	0	0
4484034	255.8	57.2	17.6	15.6	11.4	25.8	30.4	33.6	75.6	98.2	59.6	77.2	66.2	42.2	31.8	108	24	11	72.8	16.4	7.4	288.2	94.6	2.8	14	0	0	0	0	0	0	0	0	0	0	0	0	0	0	0	0	0	0	0	0	0	0	0	0	0	0	0	0	0	0	0	0	0	0	0	0	0	0	0	0	0	0	0	0	0	0	0	0	0	0
4475824	0	0	0	0	0	0	0	0	0	0	0	0	0	0	0.5	0	0	0	0	0	0	0	0	0	0	55.5	25.5	69.25	39.5	25.25	8.25	37	7.25	17.5	9.75	6.25	15	8.5	5.5	28.5	43	6.25	13.75	6	7	29.5	19.75	1.5	11.25	74.25	53.5	32.25	12.5	38	34.5	22.75	38.75	15	28	17	72.75	9	47.75	34.25	108.25	19	1.25	8.25	5.75	3.25	16	39.5	77.25	7.75	29
1028549	0	0	0	0	0	0	0	0	0	0	0	0	0	0	0	0	0	0	0	0	0	0	0	0	0	0	0	24.75	23	89.25	18.5	2	41	6	29.25	51.75	25.25	0.75	68	0.75	0	114.25	2.5	18.5	0	0	0	5.5	34.25	0	2.25	0	2	0	1	0	0	12	2.75	1	3.25	22.75	0	0.5	0	2	4	49.25	1.75	8.5	0.5	0.5	0	44	3.5
4459560	0	0	0	0	0	0	0	0	0	0	0	0	0	0	0	0	0	0	0	0	0	0	0	0	0	1.66666666666667	4.66666666666667	4	2.33333333333333	2.33333333333333	4.66666666666667	16	1.33333333333333	4	2	1.33333333333333	9	0.666666666666667	3	3.66666666666667	4.33333333333333	7.66666666666667	1.66666666666667	9	6	9.66666666666667	2	1	0.666666666666667	0	6.33333333333333	10.6666666666667	1.66666666666667	12.3333333333333	8.66666666666667	0	3.33333333333333	1	1	2.33333333333333	2.66666666666667	9.33333333333333	5.33333333333333	2.33333333333333	9.66666666666667	7.66666666666667	0.666666666666667	0.666666666666667	1.33333333333333	1.33333333333333	5.66666666666667	3.66666666666667	0.666666666666667	0	8.66666666666667
4302288	0	0	0	0	0	0	0	0	0	0	0	0	0	0	0	0	0	0	0	0	0	0	0	0	0	8.5	7.25	3	8.5	3.75	10.5	3	1.5	0.5	3	4.75	1.25	1	2	2	3.75	1.5	0.5	9.75	5.75	5.5	1.25	0	4.25	0	15.5	10	18	6.75	4.5	1.75	7	7	1.25	6.25	7.25	7.75	1.25	1	2.75	10.5	2.25	5.25	0	0.5	6	0	0.5	1.5	24.75
4338263	0	0	0	0	0	0	0	0	0	0	0	0	0	0	0	0	0	0	0	0	0	0	0	0	0	0	0.4	0	0	0.4	0	0	0	0	0	0.6	0	0	0	0	0	0	3.8	0	0	0	0	0	0	0	0	0	0.8	0	0	0.8	0	0.4	4.2	0	0	0	0	0.6	0	0	0	0	0	0	0	0	0	2.4	0
4440187	0	0	0	0	0	0	0	0	0	0	0	0	0	0	0	0	0	0	0	0	0	0	0	0	0	0	0	0	0	5.5	0	0	0	0	0	17.25	0	1	0	0	0	0	8.25	0	0	1.75	6.25	0	0.5	0	0	0	10.25	0	0.5	1.25	0	22	18.75	8.5	0	0	0	0.5	0	0.5	2.75	21.5	1.5	0	1.5	0	0	7	0
4430639	0	0	0	0	0	0	0	0	0	0	0	0	0	0	0	0	0	0	0	0	0	0	0	0	0	2	0.666666666666667	0	0	0	0	0	0	0.5	0.5	0	0	0.5	0	0.5	0.833333333333333	0	1.16666666666667	0	0	0.333333333333333	0.833333333333333	0	0	3.16666666666667	0.333333333333333	0	0	0	1.66666666666667	3.16666666666667	1.5	0	0.5	0.333333333333333	0.333333333333333	0	1.33333333333333	0	0.5	1.66666666666667	1.83333333333333	0.5	0	0	0	1.16666666666667	3	0.333333333333333	0
2901970	0	0	0	0	0	0	0	0	0	0	0	0	0	0	0	0	0	0	0	0	0	0	0	0	0	0	0	0	10.75	0	0	0	0.5	0	0	0	0	1.25	0	0	0	0	4	5.5	0	0	2	0	0	0	0	0	7.5	0	0	0	0	0.75	11	0.75	0	6.25	0	2.5	0	0	0	0	0	0	2.5	0	0	0	0
4426163	0	0	0	0	0	0	0	0	0	0	0	0	0	0	0	0	0	0	0	0	0	0	0	0	0	0	0	29.5	26	5.25	2.25	1.5	116.75	7.25	1	28.25	322.25	77.25	3.5	8.75	0	41	17.25	2	0	0	0.75	0	52.75	4	3.25	1.5	4.75	0	0	0	0	19.25	14	6	3.75	25	0	0	0.75	1.25	2	9	12.75	0	24.75	0.75	1	21	0
4451251	0	0	0	0	0	0	0	0	0	0	0	0	0	0	0	0	0	0	0	0	0	0	0	0	0	0	0	4	5	3	0	0	10	2	0	0	82	0	5	0	0	5	0	0	0	0	0	3	5	0	3	2	0	0	0	0	0	2	3	0	3	4	0	3	0	0	0	2	0	0	8	0	0	5	0
4484075	0	0	8	47	13	0	138.333333333333	18.6666666666667	0	61.6666666666667	0	0	11	33	88.6666666666667	1.66666666666667	14.3333333333333	1.66666666666667	2.66666666666667	14.3333333333333	27.6666666666667	0	0	3.66666666666667	15.6666666666667	0	0	0	0	0	0	0	0	0	0	0	0	0	0	0	0	0	0	0	0	0	0	0	0	0	0	0	0	0	0	0	0	0	0	0	0	0	0	0	0	0	0	0	0	0	0	0	0	0	0
2627856	0	0	0	0	0	0	0	0	0	0	0	0	0	0	0	0	0	0	0	0	0	0	0	0	0	0	0.75	0	0	0.5	1	0	0	0	2.25	3.75	1.25	0	0	0.75	0	0	0	0	0.75	0.5	3	0	0.5	0.5	0	0	3	0	0	0	0	1.75	0.75	0.75	0	2.25	0	0	0	0	1	3.5	0	1.25	0	0	0	6	0
4458758	0	0	0	0	0	0	0	0	0	0	0	0	0	0	0	0	0	0	0	0	0	0	0	0	0	12.6666666666667	3.16666666666667	1.66666666666667	3	2.83333333333333	0	1.66666666666667	0	2.16666666666667	3.5	1.33333333333333	1	2.33333333333333	0	2.66666666666667	8.16666666666667	0	2.16666666666667	0.833333333333333	3.5	4.83333333333333	2.16666666666667	0	0.5	13	2.5	0.666666666666667	0.5	0.333333333333333	6.66666666666667	7.66666666666667	16.8333333333333	0.5	5.33333333333333	3.66666666666667	2.83333333333333	0	16.6666666666667	0	4.83333333333333	2.5	25	1.83333333333333	1.16666666666667	0.5	0	3.16666666666667	17.6666666666667	3	0
4480970	0	0.4	11.6	1	5.6	0	0.4	3.4	0	46.8	1.2	117.2	0.4	5.2	4	129.4	12.4	0.4	1	0	8	0.4	0	0	35	0	0	0	0	0	0	0	0	0	0	0	0	0	0	0	0	0	0	0	0	0	0	0	0	0	0	0	0	0	0	0	0	0	0	0	0	0	0	0	0	0	0	0	0	0	0	0	0	0	0
4376637	0	0	0	0	0	0	0	0	0	0	0	0	0	0	0	0	0	0	0	0	0	0	0	0	0	0	0	0	0	4	2.33333333333333	0	0	6.66666666666667	0.666666666666667	2	0	4	0	0	0	0	3.33333333333333	0.666666666666667	0	0	13	0	4.33333333333333	14	0	0	0.666666666666667	0	0	0	0	2	1.33333333333333	3	0	0	0	0	0	0	0	1	11	0	0	0	0	0	0
4464173	0	0	2	11.5	12.25	5	2.5	3.75	0	3	0	0	0.5	0.5	0	0	15.25	10	7.25	10.25	1.25	7	0	3.25	4.5	0	0	0	0	0	0	0	0	0	0	0	0	0	0	0	0	0	0	0	0	0	0	0	0	0	0	0	0	0	0	0	0	0	0	0	0.5	0	0	0	0	0	0	0	0	0	0	0	0	0	0
4341494	0	0	0	0	0	0	0	0	0	0	0	0	0	0	0	0	0	0	0	0	0	0	0	0	0	0	0	0	5	4.8	3	0	1.4	0	4.8	1.8	0	3	2.4	0	0	4	0	0	0	0	0	2.6	5.6	0	0	0.6	8.6	0	0	0.4	0	0	2	0	0	2.6	0	5.6	0	0	0	0.6	0.6	1.4	2	0	0	7.2	0.4
4313141	0	0	0	0	0	0	0	0	0	0	0	0	0	0	0	0	0	0	0	0	0	0	0	0	0	6	7.25	5.25	20.5	5.25	13.25	9.75	6	3.25	2.5	13.5	3	3	0.5	0.75	6	4.25	1.5	19.25	12.5	16	10	1	2.5	0.75	31.5	21.25	18.25	19.75	2.5	3.25	15.75	12.25	15.25	16.25	6.5	13	2.25	0.75	6.5	17.5	3	14.25	0.75	1	6.5	0.5	1	2.5	32.75
968675	0	0	0	0	0	0	0	0	0	0	0	0	1.66666666666667	0	0	0	0	0	0.666666666666667	0	0	0	0	0	0	0	0	0	0	0	0.333333333333333	0.833333333333333	0	7.33333333333333	2	1.5	2.33333333333333	0	0	0	0	0.333333333333333	0	0	0.333333333333333	0	7	0	0	16.6666666666667	0	0.333333333333333	0	1	0	0	0	0.666666666666667	0	2.66666666666667	6	0	0	0	0.5	1.16666666666667	0	0	0	0	0.333333333333333	0	1.66666666666667	1	0
4350499	0	0	0	0.666666666666667	0	0	0	0	0	0	0	0	0	0	0.666666666666667	0	0	0	0	0	0	0	0	0	0	0.666666666666667	0.666666666666667	0	0	1.66666666666667	1	0	0	1	1	0.666666666666667	0	0	3.33333333333333	1	0	1.66666666666667	0	10	6	1	0	0	0	2.33333333333333	0	0	2	0	1	0	0	0.666666666666667	0	1.66666666666667	0	0.666666666666667	0	2.33333333333333	1.33333333333333	2.33333333333333	2.66666666666667	0	0.666666666666667	0	2	0	1.33333333333333	0.666666666666667	2
4355718	0	0	0	0	0	0	0	0	0	0	0	0	0	0	0	0	0	0	0	0	0	0	0	0	0	0	0	0	0	0	0	0	0	0	0	0	0	0	0	0	0	0	0	2.33333333333333	0.666666666666667	0	0	0	0	0	0	0	0	0	0	0	0	0	0	0	0	0	0	0.666666666666667	0	0	0	0	0	0	0	0	0	0	0
4317477	0	0	0	0	0	0	0	0	0	0	0	0	0	0	0	0	0	0	0	0	0	0	0	0	0	0	0	0	0	0	0	0	0	0.666666666666667	0	1	0	2.33333333333333	2.33333333333333	0	0	2.33333333333333	0	1	0	0	1	0.666666666666667	0.666666666666667	0	0	0	0	0	0	1	0	0	0	1.66666666666667	0	0.666666666666667	0	0	0	0	0	0	2	1.33333333333333	0	0	0	0	0
4335578	0	0	0	0	0	0	0	0	0	0	0	0	0	0	0	0	0	0	0	0	0	0	0	0	0	0	0	0	0	0	0	0	0	0	0	0	0.875	0.25	1.25	0	0	0.25	0	0	0	0	0	1	0	0	0	0	0	0	0	0	0	0.25	0	0	0	0	0	0	0	0	0	0	0.25	0.75	0	0	0	0	0
4458736	0	0	0	0	0	0	0	0	0	0	0	0	0	0	0	0	0	0	0	0	0	0	0	0	0	0	0	0	0	1	0	3	0	0	0	2	0	2	0	0	0	1	0	3	0	0	0	0	0	0	1	0	1.5	11	1	0	0	0	0	0	0	2.5	0	1.5	5.5	0	0	0	0	0	1	0	0	1	0
686900	0	0	0	0	0	0	0	0	0	0	0	0	0	0	0	0	0	0	0	0	0	0	0	0	0	0	0	3	1.75	2	2	0	2.5	0	0.75	4.75	2	0	3.25	0	0	5.75	1.5	0	0	0	0	0.75	1.25	0	0	0	2.5	0	0	0	0	1.25	2	0	0	1.25	0	0	0	0	3.5	2	0	3	1.5	0.5	0	2.75	0
4371060	13.2	2.2	0.6	0	0	0	1.6	2	1.4	0.6	1	6.6	1.4	0	0	0	0	0.4	2.6	1.8	0	0	2.4	0.4	0	0	0	0	0	0	0	0	0	0	0	0	0	0	0	0	0	0	0	0	0	0	0	0	0	0	0	0	0	0	0	0	0	0	0	0	0	0	0	0	0	0	0	0	0	0	0	0	0	0	0
4431545	1.66666666666667	0	0	0	2	1.66666666666667	7.33333333333333	0	0	0	0	0	1	0	0	9.66666666666667	12	2.33333333333333	0	0	1.66666666666667	0.666666666666667	1.33333333333333	7	0.666666666666667	0	0	0	0	0	0	0	0	0	0	0	0	0	0	0	0	0	0	0	0	0	0	0	0	0	0	0	0	0	0	0	0	0	0	0	0	0	0	0	0	0	0	0	0	0	0	0	0	0	0
4430498	0.75	1.25	0	0	0.5	0	1	0	0.5	0.5	13.75	0.5	0.75	0	1	0	0	0	0	0	0	0	0.75	0	0.75	0	0	0	0	0	0	0.5	0	0	0	0	0	0	0	0	0	0	0	0	0	0	0	0	0	0	0	0	0	0	0	0	0	0	0	0	0	0	0	0	0	0	0	0	0	0	0	0	0	0	0
4425557	0	0	0	0	0	0	0	0	0	0	0	0	0	0	0	0	0	0	0	0	0	0	0	0	0	1.33333333333333	13	8	7.66666666666667	0	6.66666666666667	0	0	6.66666666666667	2.33333333333333	1	0	0	1.33333333333333	4	1.66666666666667	2	1.66666666666667	3	0.666666666666667	12.6666666666667	16.3333333333333	1.33333333333333	0	0	25	0	13.3333333333333	0	0	2.66666666666667	6	14.6666666666667	4	23.3333333333333	0	2	10.3333333333333	0	68.3333333333333	10.6666666666667	0	1	5.66666666666667	1	0	10.3333333333333	0	3	19.6666666666667
4484389	0	0	0	0	0	0	0	0	0	0	0	0	0	0	0	0	0	0	0	0	0	0	0	0	0	0	0	0	0	0	0	0	0	0	0	0	0	0	0	0	0	0	0	0	0	0	0	0	0	0.666666666666667	0	0	0	1.33333333333333	0	0	0	0	0	0	0.666666666666667	0	0	0	0	0	0	0	0	0	0	0	0	0	0.666666666666667
4447260	0	0	0	0	0	0	0	0	0	0	0	0	0	0	0	0	0	0	0	0	0	0	0	0	0	0	1	14.6666666666667	0	0	12.6666666666667	1.66666666666667	2	0	8.66666666666667	14	0	0	0	29	0	0	1.33333333333333	0	33.3333333333333	2.66666666666667	1	2.33333333333333	19.6666666666667	0.666666666666667	18.6666666666667	19.6666666666667	9.66666666666667	0	0	27.6666666666667	0.666666666666667	0	0.666666666666667	6.66666666666667	0	3.66666666666667	0	0	2.33333333333333	4	60	8.33333333333333	0.666666666666667	2.66666666666667	0	0	1	34.6666666666667	4.66666666666667
4401375	0	3.2	5.8	14.6	0	0	5.6	53.4	8.6	33.8	28.6	9.8	30.4	19.6	78.8	0	0	4.2	60	0	4	0	11	8	30.6	0	0	0	0	0	0	0	0	0	0	0	0	0	0	0	0	0	0	0	0	0	0	0	0	0	0	0	0	0	0	0	0	0	0	0	0	0	0	0	0	0	0	0	0	0	0	0	0	0	0
3674778	26.2	1.2	0.6	0	0	1.6	0	0	0.4	5.4	13	66.4	1.4	0	0	1	0	0	1.2	0	0	0.4	3.2	0	0	0	0	0	0	0	0	0	0	0	0	0	0	0	0	0	0	0	0	0	0	0	0	0	0	0	0	0	0	0	0	0	0	0	0	0	0	0	0	0	0	0	0	0	0	0	0	0	0	0	0
