Genus	KO1	KO2	KO3	KO4	KO5	KO6	OE1	OE2	OE3	OE4	OE5	OE6	WT1	WT2	WT3	WT4	WT5	WT6	All
Unassigned	13.1	14.2	11.2	13.7	9.42	13.3	20.3	15.5	13.8	14.1	14.2	18.8	11.4	11.2	15.2	11.9	10.1	13.6	23.8
Racemicystis	1	0.97	0.77	0.93	0.56	0.74	1.68	0.93	1.12	1.07	1.09	1.41	1	0.78	1.21	0.87	0.99	1.19	2.7
Acidibacter	1.73	1.51	1.25	1.28	0.94	1.16	2.41	1.44	1.51	1.58	1.9	2.06	1.22	1.26	2.36	1.84	1.28	2.15	2.6
Nocardioides	1.57	2.41	2.32	1.86	1.73	2.27	1.51	2.81	1.75	1.44	2.39	1.7	1.64	1.35	2.21	1.8	1.74	1.89	2.5
Herpetosiphon	1.23	1.53	0.41	1.36	1.03	0.69	1.01	2.34	1	1.27	1.53	1.28	4.01	0.61	1.4	1.37	1.89	1.53	2.2
Hyphomicrobium	1.12	1.01	1.23	0.76	0.62	0.97	1.38	0.9	0.44	0.78	0.89	1.22	0.66	0.67	0.76	0.58	0.4	0.9	2.1
Actinomarinicola	0.33	0.54	0.56	0.38	0.33	0.48	0.93	0.78	0.54	0.58	0.7	0.78	0.67	0.66	0.8	0.5	0.5	0.47	1.8
Streptomyces	3.29	3.07	3.4	2.32	1.21	2	2.66	3.92	8.91	5.23	3.34	3.45	4.57	3.89	3.59	6.93	4.64	3.59	1.8
Lysobacter	1.08	0.9	1.27	1.61	1.32	1.23	0.83	0.91	1.32	0.89	1.43	1.34	1.03	1.33	0.92	1.74	1.43	1.62	1.7
Baekduia	0.42	0.56	0.35	0.51	0.28	0.57	1.01	1	0.46	0.57	0.72	0.84	0.52	0.37	0.53	0.48	0.56	0.47	1.6
Sphingomonas	1.41	1.43	2.19	2.37	2.21	1.99	1.19	0.82	0.95	0.88	0.98	1.48	0.73	1.36	0.78	1.49	1.04	0.96	1.5
Massilia	2.16	1.59	1.39	2.66	1.64	3.26	0.89	0.64	1.22	0.97	1.42	2.73	1.05	1.31	1.31	0.97	1.94	1.03	1.4
Devosia	1.64	1.42	1.66	1.66	2.82	2.01	1.2	1.63	0.83	1.34	1.36	1.07	0.85	1.08	1.18	0.88	1.29	1.56	1.3
Conexibacter	0.52	0.49	0.26	0.29	0.22	0.6	0.82	0.59	0.41	0.46	0.54	0.78	0.4	0.25	0.4	0.25	0.47	0.42	1.3
Mesorhizobium	0.93	0.94	0.71	0.99	0.68	1.04	0.91	0.8	0.63	0.75	0.88	0.95	0.78	0.62	0.87	0.89	0.88	0.72	1.2
Nevskia	0.84	0.99	0.64	0.59	0.35	0.76	1.16	0.91	0.83	0.76	0.99	0.96	0.64	0.83	0.95	1.13	0.76	1.17	1.2
Rhizobium	1.44	0.57	1.24	1.17	1.23	1.2	1.05	0.97	0.85	0.99	1.22	1.74	0.66	0.66	0.9	1.01	0.83	0.62	1.1
Actinoplanes	2.9	4.58	2.37	3.01	1.22	3.34	2.92	4.04	4.6	3.07	3.96	3.11	3.69	3.03	3.5	3.08	4.23	3.55	1.1
Flavobacterium	1.6	1.75	7.15	2.36	4.32	1.76	1.44	7.06	6.55	4.67	2.02	1.99	3.86	4.34	2.72	1.66	3.75	4.47	1.1
Chryseotalea	0.61	0.38	0.12	0.09	0.32	0.04	0.68	0.32	0.46	1.47	0.3	0.41	0.51	0.37	0.77	0.63	0.2	0.38	1.0
Micromonospora	0.64	0.78	1.06	0.24	0.35	0.46	0.6	1.22	1.47	0.84	0.74	0.86	0.67	0.5	0.64	0.6	0.43	0.55	1.0
Chryseolinea	0.4	0.26	0.08	0.2	0.04	0.08	0.8	0.55	0.63	0.61	0.7	0.32	0.52	0.65	0.63	0.76	0.36	0.49	1.0
Variovorax	2.26	1.77	2.03	2.21	3.04	2.56	1.68	2.62	3.16	2.14	3.02	2.17	2.27	2.09	2.77	3.2	3.3	3	1.0
Aquincola	11.4	7.22	11.4	11	14.8	11.2	4.34	3.29	6.39	6.82	6.01	4.81	7.26	8.68	5.44	6.46	7.57	6.59	0.9
Lentzea	2.89	6.03	3.09	2.28	2.37	2.68	2.56	2.6	2.29	2.68	3.71	2.84	4.35	3.37	4.19	3.93	2.78	2.79	0.8
Chloroflexus	0.42	0.52	0.14	0.37	0.33	0.26	0.33	0.4	0.41	0.41	0.39	0.32	0.66	0.35	0.39	0.43	0.24	0.38	0.8
Nannocystis	0.17	0.16	0.12	0.22	0.16	0.23	0.31	0.18	0.17	0.17	0.28	0.23	0.27	0.23	0.24	0.18	0.29	0.21	0.8
Paraburkholderia	0.24	0.14	0.16	0.19	0.1	0.2	0.24	0.16	0.25	0.22	0.26	0.28	0.17	0.28	0.2	0.12	0.21	0.22	0.8
Aetherobacter	0.79	0.76	0.87	0.39	0.57	1.39	0.89	0.36	0.47	1.04	0.62	0.72	1.15	0.54	0.76	0.65	0.65	0.71	0.7
Mycobacterium	0.51	0.65	0.53	0.27	0.14	0.17	0.43	0.35	0.27	0.37	0.28	0.37	0.37	0.19	0.66	0.33	0.35	0.28	0.7
Ramlibacter	0.72	0.69	0.49	0.46	0.75	0.76	0.45	0.35	0.62	0.56	0.53	0.74	0.4	0.55	0.52	0.68	0.43	0.33	0.7
Arenimonas	0.22	0.12	0.45	0.23	0.49	0.33	0.22	0.12	0.19	0.22	0.53	0.26	0.13	0.24	0.35	0.27	0.3	0.26	0.7
Pseudonocardia	0.29	0.46	0.63	0.43	0.13	0.33	0.41	0.47	0.34	0.31	0.34	0.41	0.39	0.33	0.28	0.58	0.31	0.41	0.7
Saccharothrix	0.41	0.52	0.17	0.21	0.09	0.3	0.27	0.39	0.21	0.21	0.4	0.35	0.54	0.23	0.67	0.14	0.14	0.22	0.7
Dongia	0.47	0.63	0.28	0.29	0.16	0.27	1.16	0.75	0.69	0.55	0.64	0.71	0.53	0.49	0.57	0.7	0.29	0.47	0.7
Agromyces	0.63	1.34	0.82	0.87	0.54	0.62	0.82	1.13	0.8	0.89	0.93	0.88	0.84	0.6	0.97	0.88	0.72	1	0.7
Piscinibacter	2.08	2.29	2.12	2.46	2.91	2.46	1.56	1.48	2.12	2.15	2.3	1.8	2.09	2.9	2.39	3.09	2.01	2.14	0.7
Pseudorhodoplanes	0.63	0.7	0.73	0.83	0.28	0.83	0.91	0.36	0.35	0.43	0.49	0.59	0.28	0.16	0.61	0.68	0.25	0.5	0.7
Rhizobacter	7.29	3.25	4.74	4.75	8.41	4.63	4.31	3.91	4.98	5.74	5.03	3.88	6.32	9.84	5.75	5.59	7.25	5.24	0.7
Aeromicrobium	0.39	0.71	0.81	0.52	0.53	0.41	0.17	0.35	0.34	0.4	0.35	0.36	0.31	0.27	0.41	0.42	0.28	0.41	0.6
Aquabacterium	0.96	0.79	0.91	1.12	1.85	1.02	1.04	0.84	1.01	1.01	1.34	0.77	0.86	1.4	1.41	1.31	0.9	0.98	0.6
Pseudomonas	0.38	0.26	0.22	0.28	1.13	0.35	0.84	2.26	0.37	2.31	1.2	1.99	0.15	0.18	0.43	0.24	1.03	0.56	0.6
Virgisporangium	0.45	0.5	0.11	0.27	0.04	0.14	0.31	0.45	0.23	0.24	0.11	0.24	0.28	0.16	0.33	0.15	0.13	0.36	0.6
Altererythrobacter	0.28	0.23	0.21	0.23	0.36	0.38	0.26	0.42	0.19	0.24	0.27	0.21	0.13	0.27	0.33	0.26	0.31	0.23	0.5
Stenotrophobium	0.31	0.24	0.28	0.28	0.08	0.21	0.47	0.28	0.31	0.22	0.29	0.44	0.18	0.33	0.34	0.27	0.22	0.46	0.5
Brevundimonas	0.22	0.16	0.28	0.4	0.43	0.17	0.12	0.2	0.08	0.11	0.14	0.11	0.06	0.19	0.14	0.17	0.15	0.12	0.5
Microvirga	0.15	0.24	0.13	0.1	0.13	0.14	0.29	0.15	0.15	0.13	0.14	0.29	0.08	0.12	0.1	0.13	0.15	0.18	0.4
Dactylosporangium	0.34	0.58	0.31	0.27	0.09	0.22	0.57	0.62	0.28	0.38	0.34	0.4	0.36	0.34	0.45	0.42	0.21	0.67	0.4
Duganella	0.85	0.3	0.39	0.51	0.62	0.69	0.21	0.11	0.43	0.19	0.16	0.08	0.6	0.32	0.21	0.24	0.42	0.21	0.4
Hamadaea	0.09	0.45	0.04	0.13	0.11	0.13	0.12	0.23	0.14	0.13	0.18	0.22	0.17	0.3	0.34	0.17	0.16	0.13	0.4
Rhodoplanes	0.22	0.4	0.75	0.12	0.12	0.22	0.39	0.32	0.36	0.21	0.22	0.23	0.15	0.22	0.25	0.32	0.16	0.2	0.4
Phragmitibacter	0.1	0.05	0.06	0.02	0.04	0.07	0.18	0.11	0.15	0.09	0.14	0.15	0.08	0.04	0.11	0.12	0.04	0.05	0.4
Pseudoduganella	1.81	0.91	0.98	2.9	1.91	3.04	0.61	0.46	2.53	1.6	1.07	1.18	2.59	4.24	1.15	1.67	1.52	1.28	0.4
Actinophytocola	0.77	0.94	0.45	1.54	0.16	0.55	0.99	1.07	1.19	0.62	0.78	0.82	1.42	0.72	0.66	0.91	0.2	2.56	0.4
Geomonas	0.1	0.05	0.03	0.06	0.06	0.09	0.11	0.12	0.13	0.11	0.15	0.11	0.07	0.15	0.07	0.06	0.04	0.06	0.4
Bradyrhizobium	2	2.64	2.22	1.84	1.93	2.37	2.93	2	1.66	1.61	2.29	2.38	1.76	1.57	2.12	2.17	1.95	2.29	0.4
Catellatospora	0.66	0.5	0.28	0.33	0.34	0.17	0.52	0.61	0.34	0.26	0.5	0.31	0.38	0.25	0.41	0.19	0.29	0.47	0.4
Noviherbaspirillum	1.62	1.8	1.29	1.44	3.06	1.68	3.17	2.35	1.29	2.43	1.63	0.98	2.45	2.41	2.47	2.14	1.44	2.57	0.4
Bosea	0.31	0.32	0.75	0.27	0.65	0.39	0.28	0.45	0.12	0.22	0.37	0.24	0.41	0.26	0.24	0.43	0.68	0.4	0.4
Caulobacter	0.24	0.15	0.13	0.18	0.07	0.26	0.16	0.33	0.2	0.15	0.29	0.21	0.21	0.11	0.11	0.22	0.13	0.23	0.4
Promicromonospora	0.2	0.35	0.13	0.24	0.1	0.44	0.3	0.17	0.16	0.14	0.46	0.33	0.13	0.19	0.2	0.18	0.14	0.19	0.4
Desulfuromonas	0.05	0.06	0.05	0.13	0.01	0.08	0.09	0.06	0.07	0.08	0.11	0.11	0.09	0.03	0.19	0.14	0.19	0.09	0.4
Novimethylophilus	0.22	0.25	0.16	0.16	0.29	0.28	0.15	0.16	0.26	0.24	0.19	0.12	0.25	0.24	0.44	0.27	0.28	0.21	0.4
Ensifer	0.33	0.31	0.57	0.54	0.66	0.52	0.34	0.3	0.29	0.33	0.31	0.45	0.22	0.44	0.29	0.38	0.38	0.47	0.4
Chitinimonas	0.1	0.11	0.07	0.1	0.04	0.1	0.16	0.12	0.05	0.09	0.16	0.15	0.12	0.05	0.07	0.05	0.04	0.17	0.4
Lacipirellula	0.02	0.11	0.07	0.02	0	0.04	0.32	0.44	0.14	0.08	0.11	0.27	0.09	0.08	0.12	0.11	0.04	0.04	0.4
Corallococcus	0.16	0.16	0.03	0.05	0.03	0.08	0.22	0.18	0.12	0.25	0.19	0.2	0.06	0.18	0.11	0.13	0.05	0.1	0.4
Phenylobacterium	0.85	0.75	0.9	0.57	0.87	1	0.67	0.47	0.29	0.53	0.78	0.64	0.62	0.72	0.58	0.56	0.6	0.68	0.4
Anaeromyxobacter	0.33	0.12	0.28	0.32	0.23	0.23	0.24	0.23	0.55	0.34	0.36	0.37	0.43	0.49	0.46	0.39	0.37	0.5	0.4
Cupriavidus	0.03	0.01	0.03	0.14	0.03	0.26	0.1	0.06	0.1	0.07	0.05	0.13	0.03	0.07	0.02	0.12	0.08	0.08	0.4
Oryzihumus	0.44	0.91	0.42	0.78	0.15	0.23	0.85	0.53	0.61	0.85	0.61	0.53	1.17	1.14	0.92	0.83	1.01	0.63	0.4
Gemmatirosa	0.07	0.05	0.07	0.04	0.02	0.04	0.12	0.11	0.13	0.08	0.09	0.11	0.04	0.08	0.09	0.03	0.06	0.08	0.3
Ferrovibrio	0.13	0.12	0.11	0.05	0.09	0.07	0.13	0.07	0.08	0.07	0.12	0.15	0.18	0.17	0.13	0.3	0.13	0.21	0.3
Ideonella	1.35	0.9	0.93	1.14	1.11	1.3	1.36	0.96	1.13	1.69	1.1	1.24	1.24	1.29	1.49	0.97	1.03	1.32	0.3
Acidiferrimicrobium	0.14	0.06	0.01	0.08	0.02	0.02	0.22	0.1	0.09	0.11	0.14	0.15	0.07	0.08	0.09	0.16	0.08	0.11	0.3
Algoriphagus	0.07	0.02	0.07	0.06	0.02	0.04	0.11	0.08	0.32	0.15	0.12	0.09	0.15	0.14	0.15	0.09	0.12	0.11	0.3
Paraconexibacter	0.07	0.15	0.07	0.05	0.06	0.09	0.16	0.19	0.11	0.1	0.12	0.14	0.16	0.1	0.1	0.14	0.08	0.08	0.3
Novosphingobium	0.04	0.06	0.08	0.11	0.07	0.12	0.09	0.08	0.02	0.07	0.06	0.07	0.03	0.01	0.09	0.03	0.03	0.12	0.3
Polaromonas	0.28	0.14	0.31	0.2	0.26	0.28	0.09	0.09	0.18	0.21	0.25	0.33	0.2	0.23	0.17	0.21	0.25	0.11	0.2
Aquidulcibacter	0.21	0.17	0.16	0.1	0.12	0.15	0.32	0.15	0.2	0.17	0.19	0.23	0.16	0.24	0.23	0.17	0.12	0.25	0.2
Reyranella	0.17	0.19	0.23	0.12	0.05	0.2	0.25	0.14	0.16	0.15	0.12	0.23	0.14	0.1	0.16	0.2	0.06	0.09	0.2
Hydrogenophaga	0.25	0.2	0.13	0.27	1	0.33	0.19	0.28	0.15	0.47	0.45	0.24	0.2	0.06	0.21	0.26	0.19	0.25	0.2
Azohydromonas	0.16	0.22	0.1	0.18	0.14	0.14	0.22	0.03	0.24	0.27	0.27	0.09	0.14	0.22	0.27	0.13	0.15	0.13	0.2
Nonomuraea	0.1	0.44	0.22	0.24	0.04	0.15	0.27	0.3	0.15	0.16	0.33	0.07	0.11	0.26	0.22	0.06	0.34	0.37	0.2
Thermoleophilum	0.03	0.21	0.07	0.07	0.06	0.05	0.08	0.1	0.1	0.12	0.12	0.14	0.09	0.09	0.07	0.06	0.17	0.06	0.2
Desertimonas	0.14	0.09	0.11	0.07	0.08	0.06	0.33	0.1	0.08	0.15	0.13	0.24	0.1	0.12	0.07	0.1	0.08	0.1	0.2
Shinella	0.45	0.35	0.96	0.6	1.07	0.64	0.52	0.85	0.24	0.56	0.69	0.32	0.5	0.67	0.26	0.59	0.98	0.67	0.2
Nitrospira	0.05	0.06	0.02	0.04	0.03	0.05	0.08	0.06	0.09	0.07	0.1	0.15	0.06	0.07	0.09	0.3	0.1	0.16	0.2
Niastella	0.12	0.07	0.07	0.05	0.02	0.07	0.51	0.29	0.44	0.43	0.31	0.2	0.36	0.48	0.36	0.38	0.27	0.15	0.2
Nitratireductor	0.06	0.04	0.04	0.02	0.04	0.1	0.1	0.06	0.09	0.03	0.06	0.06	0.03	0.02	0.05	0.05	0.04	0.04	0.2
Vicinamibacter	0.02	0.06	0.01	0.01	0.01	0.02	0.25	0.09	0.09	0.06	0.21	0.27	0.1	0.04	0.14	0.09	0.04	0.05	0.2
Pseudomethylobacillus	0.03	0.13	0.01	0.04	0.17	0.32	0.05	0.22	0.04	0.03	0.06	0.04	0.02	0.16	0.16	0.1	0.03	0.04	0.2
Microbacterium	0.25	0.03	0.02	0.07	0.03	0.04	0.11	0.02	0.03	0.07	0.07	0.17	0.04	0.03	0.06	0.08	0.06	0.08	0.2
Amycolatopsis	0.97	3.05	1.47	1.18	1.1	1.49	0.64	0.96	0.41	1.08	0.94	0.64	1.41	1.48	0.86	1.9	5.23	0.83	0.2
Cellvibrio	0.12	0.03	0.05	0.06	0.04	0.03	0.11	0.26	0.63	0.39	0.05	0.04	0.29	0.07	0.08	0.04	0.03	0.1	0.2
Chryseobacterium	0.01	0.03	0.02	0.01	0.03	0.03	0.02	0.12	0.06	0.08	0.06	0.02	0.02	0.01	0.05	0.31	0.03	0.02	0.2
Luteolibacter	0	0.01	0.03	0.01	0.01	0	0.04	0.02	0.09	0.03	0.08	0.07	0.04	0.05	0.02	0.04	0.04	0.02	0.1
Pleomorphochaeta	0.05	0	0.05	0.03	0.05	0.06	0.06	0.04	0.08	0.06	0.06	0.05	0.02	0.08	0.09	0.09	0.05	0.12	0.1
Pseudoxanthomonas	0.29	0.13	0.21	0.23	0.37	0.2	0.16	0.34	0.15	0.31	0.79	0.33	0.15	0.07	0.41	0.22	0.16	0.21	0.1
Parviterribacter	0.02	0.1	0.01	0.06	0.06	0.04	0.05	0.04	0.02	0.07	0.04	0.06	0.05	0	0.05	0.02	0.06	0.03	0.1
Mangrovihabitans	0.04	0.06	0.01	0	0	0.05	0.07	0.04	0	0.03	0	0.08	0.05	0.03	0.03	0.03	0.08	0	0.1
Marmoricola	0.07	0.09	0.11	0.12	0.05	0.04	0.06	0.15	0.03	0.06	0.07	0.03	0.04	0.01	0.05	0.09	0.04	0.08	0.1
Pseudarthrobacter	0.09	0.06	0.02	0.04	0.02	0.07	0.05	0.19	0.09	0.11	0.12	0.15	0.1	0.01	0.07	0.16	0.04	0.1	0.1
Pedobacter	0.06	0.02	0	0.08	0.08	0.02	0.01	0.03	0.03	0.04	0.04	0.04	0.02	0.05	0.02	0.02	0.06	0.04	0.1
Oleiharenicola	0	0	0	0	0	0.01	0.03	0.03	0.03	0.03	0.01	0.1	0.02	0.02	0.05	0.04	0.02	0.02	0.1
Blastococcus	0.26	0.52	0.3	0.28	0.1	0.25	0.3	0.41	0.4	0.29	0.29	0.45	0.51	0.31	0.4	0.33	0.62	0.56	0.1
Bartonella	0.06	0.09	0.09	0.03	0.09	0.11	0.11	0.05	0.03	0.04	0.08	0.03	0.03	0.06	0.06	0.09	0.02	0.03	0.1
Asprobacter	0.07	0.05	0.01	0.01	0	0.03	0.07	0.09	0.03	0.05	0	0.07	0.05	0.01	0.05	0.03	0.09	0.04	0.1
Sphingopyxis	0.29	0.31	0.87	0.45	1.07	0.52	0.3	0.45	0.11	0.44	0.63	0.32	0.3	0.16	0.27	0.37	0.82	0.35	0.1
Coralloluteibacterium	0.04	0.04	0	0.02	0.11	0.06	0.08	0.05	0	0.06	0.04	0.03	0	0.03	0.08	0.18	0.01	0.07	0.1
Sphingobacterium	0.08	0.03	0.05	0.05	0.12	0.01	0.05	0.03	0.07	0.07	0.05	0.08	0.07	0.19	0.08	0.05	0.08	0.13	0.1
Sphingobium	0.03	0.06	0.16	0.01	0.02	0.03	0.05	0.03	0.04	0.03	0.06	0.01	0	0.04	0.03	0.1	0.02	0.07	0.1
Agrobacterium	0.1	0.01	0.08	0.01	0.08	0.01	0	0.1	0.07	0.26	0.21	0.1	0.01	0.12	0.08	0.16	0.03	0.05	0.1
Vitiosangium	0.04	0.03	0.01	0.01	0.01	0.02	0.05	0.09	0.03	0.03	0.02	0.04	0.06	0.01	0.06	0.07	0.01	0.04	0.1
Acidihalobacter	0.04	0.03	0.03	0.03	0.01	0.03	0.07	0.07	0.03	0.06	0.02	0.05	0.02	0.01	0.06	0.02	0.02	0.04	0.1
Verrucosispora	0.13	0.2	0.11	0.01	0.03	0.05	0.08	0.14	0.06	0.12	0.08	0.05	0.17	0.04	0.07	0.04	0.04	0.12	0.1
Arthrobacter	0.03	0.08	0.08	0.03	0.02	0	0.09	0.15	0.06	0.07	0.11	0.05	0.05	0.05	0.08	0.09	0.09	0.08	0.1
Thermostilla	0.01	0	0.01	0	0	0	0	0.04	0.03	0.01	0.02	0.04	0.04	0.01	0	0.01	0	0.02	0.1
Undibacterium	0.04	0.02	0	0.05	0.06	0.04	0	0.01	0.01	0.02	0.02	0.06	0.05	0.04	0	0.01	0.02	0.02	0.1
Cryptosporangium	0.08	0.17	0.07	0.04	0.01	0.07	0.05	0.1	0.05	0.12	0.06	0.08	0.12	0.04	0.05	0.13	0.09	0.06	0.1
Frankia	0.03	0.05	0.02	0.03	0.02	0.03	0.05	0.1	0.09	0.04	0.06	0.1	0.06	0.01	0.04	0	0.04	0.04	0.1
Isoptericola	0.04	0.02	0.01	0	0.01	0.02	0.02	0.02	0.06	0.01	0.03	0.07	0.17	0.04	0.06	0.03	0	0.02	0.1
Rhodanobacter	0.04	0.02	0.07	0.03	0.03	0.04	0.04	0.08	0.02	0	0.05	0.03	0.07	0.05	0.08	0.03	0.07	0.13	0.1
Glycomyces	0.08	0.17	0.05	0.02	0.04	0.06	0.02	0.03	0.08	0.03	0.02	0.03	0.08	0.04	0.03	0.06	0.08	0.04	0.1
Herbaspirillum	0.16	0.02	0.04	0.03	0.27	0.06	0.01	0.01	0.03	0.03	0	0.03	0.02	0.02	0.06	0.06	0.06	0.05	0.1
Rubrobacter	0.02	0.14	0.04	0.05	0	0.05	0.11	0.09	0.03	0.06	0.04	0.14	0.09	0.04	0.07	0.07	0.12	0.06	0.1
Luteimonas	0.01	0.07	0	0.03	0.01	0.01	0.07	0.05	0.03	0.06	0.02	0.01	0.02	0.03	0.03	0.07	0.02	0.02	0.1
Egibacter	0.07	0.05	0.05	0	0.04	0.06	0.09	0.2	0.06	0.06	0.11	0.13	0.03	0.09	0.07	0.09	0.04	0.06	0.1
Kribbella	0.45	1.11	0.56	0.37	0.28	0.36	0.72	0.71	0.53	0.5	0.66	0.7	0.67	0.97	0.65	0.89	1.19	0.65	0.1
Polycyclovorans	0.06	0.04	0.01	0.02	0.02	0.03	0.04	0.03	0.01	0.01	0.06	0.05	0.04	0.02	0.04	0.06	0.04	0.05	0.1
Xanthomonas	0.28	0.14	0.11	0.27	0.24	1.06	0.19	0.06	0.25	0.19	0.23	0.31	0.16	0.13	0.3	0.18	0.15	0.24	0.1
Romboutsia	0	0	0.02	0.01	0.01	0.01	0.02	0.01	0.01	0.01	0.01	0.07	0	0.02	0	0.01	0.01	0.02	0.1
Wangella	0.09	0.03	0.01	0	0	0	0.04	0.02	0.07	0.02	0.01	0.02	0.03	0.01	0.01	0.02	0.01	0.01	0.1
Tumebacillus	0	0	0	0.01	0.01	0.03	0.04	0.03	0	0.03	0.17	0.01	0.01	0.02	0	0.1	0	0	0.1
Rhodopseudomonas	0.06	0.02	0.11	0	0	0	0	0	0	0	0.01	0.01	0.02	0.02	0	0	0.02	0	0.1
Sphaerisporangium	0	0	0	0.12	0	0	0	0.04	0	0	0	0	0.01	0.01	0.01	0	0.01	0	0.1
Roseitalea	0.08	0.14	0.03	0.03	0.15	0.02	0	0	0.05	0.02	0.02	0.04	0	0.18	0.02	0.01	0.03	0.03	0.1
Spiribacter	0.03	0	0.04	0	0	0	0.02	0	0.03	0.01	0	0.04	0.01	0	0.01	0	0	0.01	0.1
Siccibacter	0	0	0	0	0	0	0.2	0	0	0	0	0	0	0	0	0	0	0	0.1
Pseudaminobacter	0.01	0.04	0	0.03	0	0.05	0.06	0.03	0	0	0	0.03	0.01	0.01	0.01	0.01	0.03	0.02	0.1
Skermanella	0.02	0.05	0	0.01	0.01	0.04	0.01	0	0.02	0.01	0	0.02	0	0	0.02	0.03	0	0.03	0.1
Roseisolibacter	0.04	0.01	0	0.01	0	0.01	0	0.01	0	0	0	0.01	0	0	0.01	0.01	0.01	0.02	0.1
Roseimaritima	0.01	0	0.01	0.03	0	0.01	0.01	0.03	0.01	0.02	0.02	0.02	0	0	0.01	0	0.01	0	0.1
Thermoanaerobaculum	0.01	0	0	0	0	0.01	0	0.02	0.03	0	0.03	0.05	0	0	0.01	0.02	0	0.01	0.1
Pontibacter	0.01	0	0.02	0	0	0	0.01	0.01	0.03	0	0	0	0.01	0.03	0	0	0.01	0.02	0.1
Sulfuricaulis	0.02	0.02	0.01	0	0	0	0.02	0.06	0.01	0.04	0.04	0.02	0	0.01	0.05	0.07	0	0.02	0.1
Terracidiphilus	0.01	0.04	0.01	0.01	0	0	0.04	0.02	0.05	0.02	0.01	0	0	0.02	0.03	0	0.01	0.01	0.1
Chelatococcus	0.02	0.02	0.06	0.04	0.09	0.01	0.02	0.03	0.02	0.06	0.03	0	0.04	0.01	0.03	0.02	0.04	0	0.1
Chlamydia	0.01	0.01	0	0	0.01	0.03	0.04	0.02	0.03	0.08	0.01	0	0	0.01	0.09	0.01	0	0.05	0.1
Chlorobium	0	0.01	0	0	0.04	0	0.02	0.02	0.01	0.03	0.02	0	0.02	0	0.03	0.02	0.02	0	0.1
Bythopirellula	0	0.07	0.01	0.01	0	0	0.05	0.07	0.07	0.01	0.05	0.05	0.03	0.03	0.04	0.02	0.04	0	0.1
Cellulomonas	0.06	0	0	0.02	0	0.03	0.12	0.03	0.04	0.04	0.07	0.03	0.01	0.02	0.09	0.02	0.05	0.11	0.1
Cellulosimicrobium	0.07	0	0	0	0	0	0.01	0.02	0	0.01	0	0.08	0.08	0	0.02	0	0	0.01	0.1
Chromobacterium	0.01	0.01	0	0	0.01	0.04	0.03	0.02	0.02	0	0.03	0.02	0.02	0.02	0.02	0	0.01	0.01	0.1
Dissulfurimicrobium	0.04	0.04	0.01	0	0.01	0.02	0	0	0	0.01	0.01	0	0	0.01	0	0	0	0.02	0.1
Dyella	0.05	0.05	0.07	0.06	0.12	0.13	0.05	0.05	0.19	0.05	0.02	0.06	0.14	0.09	0.04	0.04	0.09	0.05	0.1
Filimonas	0.01	0	0	0	0	0	0.08	0.03	0.03	0.03	0.02	0.04	0.01	0.03	0.04	0	0.01	0.02	0.1
Chthonobacter	0.06	0.03	0.04	0.05	0.16	0.06	0.03	0.04	0.06	0.04	0.05	0.03	0.07	0.06	0.07	0.03	0.04	0.05	0.1
Crocinitomix	0.03	0.04	0.05	0.03	0.02	0.01	0.07	0.04	0.1	0.11	0.07	0.11	0.07	0.19	0.12	0.11	0.13	0.05	0.1
Cryobacterium	0.01	0	0	0	0	0.03	0.05	0.05	0.06	0	0.16	0	0.01	0	0.02	0.02	0	0.01	0.1
Bordetella	0.03	0	0	0.01	0	0	0.04	0.12	0	0.02	0	0.05	0	0	0	0	0	0	0.1
Actinocrispum	0.4	0.36	3.08	0.19	0.05	0.18	1.03	0.61	0.29	0.62	0.62	0.5	0.48	0.1	0.86	0.78	0.63	1.18	0.1
Algisphaera	0.04	0.04	0	0.02	0	0.01	0.03	0.01	0	0	0.01	0.05	0.02	0.01	0.01	0.04	0	0.02	0.1
Alkalispirochaeta	0.01	0.01	0.01	0.02	0.01	0	0.02	0.03	0.03	0.03	0.01	0.02	0	0.05	0.02	0.03	0	0.04	0.1
Achromobacter	0.01	0	0.05	0	0.01	0	0	0.05	0	0.27	0.03	0.07	0.01	0.01	0.01	0.02	0	0	0.1
Acidovorax	0.02	0	0.12	0.01	0.03	0.11	0	0.03	0.06	0.06	0.04	0	0.05	0.05	0	0	0.05	0.01	0.1
Actinocorallia	0.98	1.01	0.24	1.43	0.37	0.66	0.58	1.06	0.4	0.81	0.86	0.66	1.19	1.3	0.71	0.98	1.39	0.69	0.1
Anaerohalosphaera	0.01	0.01	0	0	0	0	0.01	0	0.01	0.03	0	0	0.01	0	0.03	0.04	0.03	0.02	0.1
Asanoa	0.01	0.01	0	0	0	0	0.01	0.07	0	0	0	0.01	0.01	0.01	0.01	0.06	0	0.05	0.1
Aureimonas	0.07	0.07	0.02	0.07	0.05	0.08	0.02	0.04	0.06	0.04	0.07	0.11	0.06	0.07	0.07	0.03	0.06	0.02	0.1
Blastomonas	0.01	0	0	0	0.02	0	0	0	0.02	0.01	0.02	0.01	0	0	0.01	0	0	0.02	0.1
Ancylobacter	0	0.03	0	0	0.01	0.03	0	0.02	0	0.01	0.02	0	0	0	0	0.01	0	0.01	0.1
Arboricoccus	0.08	0.08	0.06	0.04	0.03	0.06	0.12	0.05	0.09	0.04	0.1	0.19	0.06	0.1	0.03	0.04	0.05	0.08	0.1
Archangium	0.03	0	0.04	0.01	0.02	0.01	0.02	0.01	0.03	0	0.04	0.03	0.01	0	0.02	0.02	0.02	0.03	0.1
Methyloversatilis	0	0	0	0.01	0	0.01	0	0	0	0.02	0.01	0	0	0.01	0.01	0.03	0.02	0.02	0.1
Mongoliimonas	0.01	0	0.02	0	0.02	0	0.02	0.01	0.01	0	0	0.01	0	0	0.12	0	0.02	0.03	0.1
Moorella	0	0	0	0	0	0	0.05	0.01	0	0.01	0.01	0.01	0.01	0.01	0.01	0	0	0	0.1
Marinibaculum	0.05	0.01	0	0.03	0.03	0.03	0.07	0.02	0.06	0.02	0.02	0.02	0.05	0.02	0.03	0.09	0.01	0.01	0.1
Marinicella	0	0.01	0.02	0.01	0.01	0	0	0.04	0	0	0.01	0.01	0	0	0.01	0.03	0	0.03	0.1
Methylocapsa	0.14	0.04	0.08	0.06	0.03	0.13	0.08	0.1	0.05	0.06	0.06	0.06	0.05	0	0.07	0.11	0.02	0.04	0.1
Niveibacterium	0.03	0.06	0	0.01	0.02	0.05	0.05	0.02	0.03	0.01	0.03	0.03	0.02	0.03	0.03	0.02	0.01	0	0.1
Pararhizobium	1	1.09	1.87	2.17	2.78	2.02	0.63	0.63	0.79	0.98	1.25	0.96	1.21	1.75	0.71	0.82	1.67	0.86	0.1
Paucibacter	0.03	0.09	0.56	0.18	0.04	0.14	0.16	0.05	0.1	0.07	0.06	0.01	0.04	0.1	0.11	0.03	0.07	0.1	0.1
Phaeocystidibacter	0.01	0.02	0	0.01	0	0	0.01	0	0.02	0	0	0.02	0.02	0	0.03	0.01	0.01	0	0.1
Nocardia	0.1	0.1	0.19	0	0.07	0.05	0.06	0.1	0.05	0.13	0.11	0.07	0.17	0.03	0.22	0.11	0.02	0.08	0.1
Oryzisolibacter	0.02	0	0	0	0.01	0.01	0.02	0.01	0.01	0.01	0	0	0.13	0	0	0.02	0.01	0.02	0.1
Oryzomicrobium	0.01	0.02	0.02	0.03	0.03	0.04	0.04	0.02	0.02	0.03	0.03	0.04	0.02	0	0	0.04	0	0.02	0.1
Magnetospirillum	0.03	0.01	0.01	0	0.01	0	0.03	0	0.02	0.02	0.02	0.02	0.03	0.01	0	0.02	0.02	0	0.1
Geodermatophilus	0	0.02	0	0	0	0.01	0.02	0.04	0.04	0	0.02	0.04	0	0.01	0.02	0.03	0.04	0.02	0.1
Gordonia	0	0	0.04	0	0.02	0	0	0	0	0	0	0.01	0	0	0	0.03	0.01	0	0.1
Hoeflea	0.06	0	0	0	0.03	0.04	0.06	0.05	0	0.02	0.05	0.01	0	0	0.01	0.03	0.02	0.02	0.1
Fluviicoccus	0	0.01	0.01	0.01	0.03	0	0	0	0.01	0.01	0	0.01	0.02	0.03	0.01	0	0	0	0.1
Friedmanniella	0.05	0.02	0	0.03	0	0.04	0.06	0.02	0.01	0.02	0	0.01	0.01	0.02	0.03	0	0	0.02	0.1
Geminisphaera	0	0	0.01	0.02	0.01	0.03	0.02	0	0.06	0.03	0.08	0.08	0.09	0.05	0.07	0.02	0.04	0.03	0.1
Intrasporangium	0	0.08	0.05	0.02	0.02	0.02	0	0.02	0.02	0.01	0	0.03	0.01	0.02	0.02	0.05	0	0.01	0.1
Longivirga	0.03	0.02	0	0.02	0	0	0.03	0.02	0	0.02	0.01	0.02	0.02	0	0.03	0.01	0.03	0.01	0.1
Luteitalea	0.01	0.03	0.03	0	0.03	0.05	0.18	0.05	0.03	0.02	0.12	0.11	0.05	0.07	0.1	0.02	0.03	0.05	0.1
Lysinibacillus	0.02	0.02	0	0	0	0.01	0.05	0.02	0.02	0	0.01	0.21	0	0	0	0	0.01	0.01	0.1
Janthinobacterium	0.85	0.5	0.5	0.83	0.87	1.16	0.16	0.13	0.37	0.19	0.42	0.32	0.4	0.45	0.3	0.4	0.46	0.38	0.1
Kibdelosporangium	0.24	0.26	0.05	3.37	1.44	0.08	0.36	0.59	0.22	0.57	0.27	0.32	0.92	0.13	0.36	0.36	0.23	0.61	0.1
Lacunisphaera	0	0.01	0.01	0	0.02	0	0	0.01	0.02	0.05	0.05	0.06	0.04	0.02	0.05	0.03	0.02	0.01	0.1
