#OTUID	feces1	feces2	feces3	feces4	feces5	feces6	plaque1	plaque2	plaque3	plaque4	plaque5	plaque6	saliva1	saliva2	saliva3	saliva4	saliva5	saliva6
ASV_14	0	0	0	1	0	1541	0	0	0	0	0	0	0	0	0	0	0	0
ASV_2	88	23	151	197	906	116	0	0	0	0	0	0	0	0	0	0	0	0
ASV_4	149	0	253	0	1058	0	23	107	43	38	0	56	23	30	46	110	4	77
ASV_3	277	151	445	589	240	7	0	0	0	0	0	0	0	0	0	0	0	0
ASV_5	0	86	2	499	250	334	0	0	0	0	0	0	1	0	0	0	0	0
ASV_12	0	0	0	0	0	0	386	452	236	1	667	592	170	0	228	198	0	355
ASV_9	257	122	491	500	23	0	0	0	0	0	0	0	0	0	0	0	0	0
ASV_17	108	3	33	62	574	148	0	0	0	0	0	0	0	0	0	0	0	1
ASV_7	0	0	1	0	0	0	0	8	993	9	9	18	118	14	8	15	1	0
ASV_6	142	62	340	0	605	0	0	0	0	0	0	0	0	0	0	0	0	0
ASV_70	936	26	1	0	105	47	0	0	0	0	0	0	0	0	1	0	0	0
ASV_13	16	26	97	66	86	498	0	0	0	0	0	0	0	0	0	0	0	0
ASV_10	264	2	137	321	165	0	0	0	0	0	0	0	0	0	0	0	0	0
ASV_8	0	0	0	0	0	0	8	75	379	617	384	59	151	309	101	84	1	4
ASV_19	11	2	5	12	3	7	229	17	53	83	16	137	429	285	169	487	898	284
ASV_11	41	71	89	456	29	9	0	0	0	0	0	0	0	0	0	0	0	0
ASV_31	0	0	0	0	0	0	6	716	2	2	756	176	0	4	387	30	0	502
ASV_15	152	6	136	368	67	0	0	0	0	0	0	0	0	0	0	0	0	0
ASV_22	151	99	13	123	41	273	0	0	0	0	0	0	0	0	0	0	0	0
ASV_20	0	0	0	0	0	0	45	221	29	143	248	430	160	569	188	360	5	396
ASV_18	18	89	49	223	149	47	0	0	0	0	0	0	0	0	0	0	0	0
ASV_30	2	1	0	329	120	10	0	0	0	0	0	0	0	0	0	0	0	0
ASV_21	0	0	0	1	0	474	0	0	0	0	0	0	0	0	0	0	0	0
ASV_24	0	0	0	0	0	0	137	147	59	144	305	261	82	400	162	162	0	208
ASV_25	9	3	63	0	166	255	0	1	0	0	0	0	0	0	0	0	0	0
ASV_33	60	0	76	0	389	0	5	34	11	10	0	21	12	11	21	42	2	35
ASV_52	166	11	0	0	247	66	0	0	0	0	0	0	6	0	0	0	0	1
ASV_34	352	3	18	155	18	16	0	0	0	0	0	0	0	0	0	0	0	0
ASV_44	0	27	12	0	0	412	0	0	0	0	0	0	0	0	0	0	0	0
ASV_1	0	44	50	0	0	408	0	0	0	0	0	0	0	0	0	0	0	0
ASV_26	0	0	0	0	0	0	23	0	349	0	120	5	350	0	92	19	3	138
ASV_29	7	0	0	61	1	304	0	0	0	0	0	0	0	0	1	1	0	1
ASV_100	0	0	1	0	0	369	0	0	0	0	0	0	0	0	0	0	0	0
ASV_43	0	34	2	159	75	112	0	0	0	0	0	0	0	0	0	0	0	0
ASV_27	0	0	0	0	0	0	0	0	489	89	0	0	25	51	0	0	0	0
ASV_68	41	0	24	21	268	55	0	0	0	0	0	0	0	0	0	0	0	0
ASV_36	27	2	51	56	247	28	0	0	0	0	0	0	0	0	0	0	0	0
ASV_28	38	624	79	0	0	0	0	0	0	0	0	0	0	0	0	0	0	0
ASV_35	132	103	11	208	7	2	0	0	0	0	0	0	0	0	0	0	0	0
ASV_40	20	13	6	303	0	18	0	0	0	0	0	0	0	0	0	0	0	0
ASV_42	0	0	0	318	0	0	0	0	0	0	0	0	0	0	0	0	0	0
ASV_23	546	0	60	0	0	1	0	0	0	0	0	0	0	0	1	0	0	0
ASV_39	0	1	0	1	2	0	11	15	139	362	28	67	107	234	43	64	7	12
ASV_49	115	21	23	102	147	7	0	0	0	0	0	0	0	0	0	0	0	0
ASV_55	0	0	0	0	0	0	0	0	361	0	0	0	242	0	0	0	0	0
ASV_51	29	30	2	0	283	0	0	0	0	0	0	0	0	0	0	0	0	0
ASV_41	0	0	0	0	0	0	2	60	381	5	1	0	87	2	1	0	1	13
ASV_72	0	0	0	0	0	0	91	111	84	0	308	269	91	0	77	85	0	178
ASV_37	0	0	0	0	0	0	1	26	138	259	217	42	98	196	69	57	1	4
ASV_38	87	38	141	140	58	2	0	0	0	0	0	0	0	0	0	0	0	0
ASV_63	0	0	0	0	0	0	342	0	0	364	0	3	0	543	1	0	0	0
ASV_50	0	0	0	0	0	0	96	79	125	238	1	18	94	138	27	116	7	129
ASV_32	469	0	0	0	0	0	0	0	0	0	0	0	0	0	0	0	0	0
ASV_58	0	0	0	0	0	0	107	49	0	283	448	26	0	156	73	35	0	66
ASV_45	130	198	26	0	77	0	0	0	0	0	0	0	0	0	0	0	0	0
ASV_54	0	0	0	0	0	0	6	34	225	0	324	86	74	0	41	46	0	6
ASV_46	0	0	0	0	0	0	0	2	344	3	0	0	77	10	0	0	0	0
ASV_53	0	0	0	0	0	0	2	110	169	59	54	161	56	102	19	104	10	19
ASV_76	54	45	8	73	16	101	0	0	0	0	0	0	0	0	0	0	0	0
ASV_607	0	17	3	0	0	241	0	0	0	0	0	0	0	0	0	0	0	0
ASV_93	3	1	1	1	1	7	54	7	14	21	12	62	173	125	70	216	452	127
ASV_60	5	10	41	26	29	175	0	0	0	0	0	0	0	0	0	0	0	0
ASV_48	40	15	125	0	193	0	0	0	0	0	0	0	0	0	0	0	0	0
ASV_47	0	0	52	215	2	0	0	0	0	0	0	0	0	0	0	0	0	0
ASV_231	337	3	0	0	29	20	1	0	0	0	0	0	0	0	0	0	0	0
ASV_57	0	437	0	0	0	0	0	0	0	0	0	0	0	0	0	0	0	0
ASV_59	0	0	0	0	0	0	9	55	257	2	0	27	20	1	11	5	0	8
ASV_71	0	0	0	0	0	0	0	0	293	1	4	8	51	7	2	5	0	6
ASV_94	0	346	0	0	21	0	0	0	1	0	0	0	5	0	0	0	0	0
ASV_77	59	36	190	128	8	0	0	0	0	0	0	0	0	0	0	0	0	0
ASV_88	0	0	0	0	0	0	1	137	55	36	4	342	109	111	3	179	10	8
ASV_69	0	340	26	0	6	0	0	0	0	0	0	0	0	0	0	0	0	0
ASV_89	0	0	0	0	0	0	70	135	5	283	313	41	0	20	16	8	0	10
ASV_98	1	31	26	0	53	150	0	0	0	0	0	0	0	0	0	0	0	0
ASV_111	81	6	0	0	139	27	0	0	0	0	0	0	1	0	0	0	0	0
ASV_61	0	329	34	0	34	0	0	0	0	0	0	0	0	0	0	0	0	0
ASV_83	0	0	0	0	0	211	0	0	0	0	0	0	0	0	0	0	0	0
ASV_66	255	9	1	8	11	17	0	0	0	0	0	0	0	0	0	0	0	0
ASV_139	0	0	0	0	0	0	1	178	3	0	288	67	1	0	155	8	0	200
ASV_65	0	0	0	182	0	13	0	0	0	0	0	0	0	0	0	0	0	0
ASV_80	0	0	0	0	0	0	35	79	60	12	57	87	65	46	58	94	6	148
ASV_67	0	0	0	0	0	0	22	269	77	17	1	79	5	6	0	6	11	59
ASV_78	63	0	71	85	50	0	0	0	0	0	0	0	0	0	0	0	0	0
ASV_56	5	153	5	0	88	2	0	0	0	0	0	0	0	0	0	0	0	0
ASV_91	43	0	51	111	29	0	0	0	0	0	0	0	0	0	0	0	0	0
ASV_75	4	17	3	125	9	13	0	0	0	0	0	0	0	0	0	0	0	0
ASV_440	0	0	0	0	0	161	0	0	0	0	0	0	0	0	0	0	0	0
ASV_95	4	1	24	0	67	97	0	0	0	0	0	0	0	0	0	0	0	0
ASV_82	0	0	0	0	0	0	0	60	83	69	177	36	22	120	68	20	1	4
ASV_84	69	1	0	14	0	116	0	0	0	0	0	0	0	0	0	0	0	0
ASV_114	0	0	0	135	46	6	0	0	0	0	0	0	0	0	0	0	0	0
ASV_109	0	0	0	0	0	0	15	36	9	33	84	129	56	200	76	132	1	156
ASV_79	0	0	0	0	0	0	49	77	12	200	200	97	14	49	20	26	1	42
ASV_101	0	0	0	0	0	0	3	21	184	0	0	29	37	0	16	3	5	0
ASV_103	10	43	22	80	54	17	0	0	0	0	0	0	0	0	0	0	0	0
ASV_236	0	31	1	75	23	22	0	0	0	0	0	0	0	0	0	0	0	0
ASV_74	0	1	3	0	0	1	6	5	155	1	0	14	158	5	0	32	18	24
ASV_81	6	16	38	146	12	0	0	0	0	0	0	0	0	0	0	0	0	0
ASV_90	0	0	0	1	0	0	19	40	126	10	2	75	17	20	13	132	21	22
ASV_110	0	0	0	0	0	0	39	62	0	268	141	63	4	73	23	7	0	23
ASV_86	0	0	0	0	0	0	82	82	24	266	96	0	1	9	10	0	0	5
ASV_64	0	0	40	0	43	89	0	0	0	0	0	0	0	0	0	0	0	0
ASV_164	0	22	7	0	0	130	0	0	0	0	0	0	0	0	0	0	0	0
ASV_123	10	4	4	122	1	8	0	0	0	0	0	0	0	0	0	0	0	0
ASV_194	0	69	777	0	0	0	0	0	0	0	0	0	0	0	0	0	0	0
ASV_120	43	1	0	46	10	8	7	2	0	6	2	3	2	24	162	65	85	23
ASV_87	0	220	201	0	0	0	0	0	0	0	0	0	0	0	0	0	0	0
ASV_118	15	15	2	0	122	0	0	0	0	0	0	0	0	0	0	0	0	0
ASV_135	108	0	11	44	6	2	0	0	0	0	0	0	0	0	0	0	0	0
ASV_102	0	0	0	0	0	0	0	7	69	111	98	21	51	114	41	31	0	1
ASV_122	2	0	0	0	0	11	3	0	1	14	0	1	328	109	1	22	89	102
ASV_104	20	37	28	92	0	7	0	0	0	0	0	0	0	0	0	0	0	0
ASV_62	0	20	0	0	145	0	0	0	0	0	0	0	0	0	0	0	0	0
ASV_92	7	7	148	82	7	11	0	0	0	0	0	0	0	0	0	0	0	0
ASV_108	6	1	1	56	2	61	0	0	0	0	0	0	0	0	0	0	0	0
ASV_119	5	2	1	40	3	6	10	1	0	6	13	1	1	98	210	79	43	4
ASV_105	0	0	1	129	0	0	0	0	0	0	0	0	0	0	0	0	0	0
ASV_134	57	6	8	31	48	4	0	0	0	0	0	0	0	0	0	0	0	0
ASV_96	0	0	0	0	0	0	0	4	146	0	0	0	34	0	0	0	3	0
ASV_145	0	0	0	0	0	0	0	0	139	0	0	0	99	0	0	0	0	0
ASV_179	0	0	2	6	0	3	24	0	10	9	1	3	126	56	128	37	204	27
ASV_116	0	0	0	0	0	0	4	1	93	0	41	2	137	0	46	4	1	45
ASV_112	1	13	29	27	69	6	0	0	0	0	0	0	0	0	0	0	0	0
ASV_99	0	193	3	0	0	0	0	0	0	0	0	0	0	0	0	0	0	0
ASV_133	49	40	1	73	5	1	0	0	0	0	0	0	0	0	0	0	0	0
ASV_202	0	0	0	0	0	0	82	1	0	1	0	523	0	0	0	62	0	0
ASV_174	0	0	0	0	0	0	6	34	6	25	54	91	42	117	47	89	0	100
ASV_121	0	1	0	0	0	0	26	3	0	0	0	0	4	171	154	48	308	1
ASV_155	0	0	0	18	0	95	0	0	0	0	0	0	0	0	1	0	0	0
ASV_171	0	0	0	128	0	0	0	0	0	0	0	0	0	0	0	0	0	0
ASV_124	0	0	0	0	0	0	203	157	0	0	0	0	0	0	30	0	3	34
ASV_138	0	0	0	0	0	0	29	35	14	34	84	65	15	112	50	46	2	61
ASV_106	1	197	6	0	0	0	0	0	0	0	0	0	0	0	0	0	0	0
ASV_127	17	3	1	78	27	0	0	0	0	0	0	0	0	0	0	0	0	0
ASV_212	36	18	111	45	15	0	0	0	0	0	0	0	0	0	0	0	0	0
ASV_126	0	0	0	0	0	0	13	20	15	174	24	7	22	120	19	32	1	14
ASV_243	0	0	1	0	0	0	14	1	2	1	0	0	217	39	101	38	116	71
ASV_165	0	0	0	0	0	0	0	0	0	0	0	0	0	1	87	0	631	1
ASV_153	0	0	0	0	0	0	3	7	45	93	9	35	49	112	18	35	3	3
ASV_136	50	0	4	68	0	2	0	0	0	0	0	0	0	0	0	0	0	0
ASV_143	0	0	0	0	0	0	0	0	130	0	0	6	6	0	0	0	0	2
ASV_149	84	9	4	35	2	0	0	0	0	0	0	0	0	0	0	0	0	0
ASV_137	3	1	5	92	1	5	0	0	0	0	0	0	0	0	0	0	0	0
ASV_168	0	0	0	0	0	0	0	0	137	0	0	0	79	0	0	0	0	0
ASV_230	0	0	0	0	0	0	78	33	0	0	50	150	0	0	32	142	1	55
ASV_129	12	179	23	0	0	0	0	0	0	0	0	0	0	0	0	0	0	0
ASV_147	7	0	7	76	24	5	0	0	0	0	0	0	0	0	0	0	0	0
ASV_206	0	161	0	0	16	0	0	0	0	0	0	0	3	0	0	0	0	0
ASV_216	0	0	0	0	0	0	46	59	1	133	154	23	0	6	7	2	0	8
ASV_233	0	8	7	0	0	98	0	0	0	0	0	0	0	0	0	0	0	0
ASV_97	13	116	3	0	28	0	0	0	0	0	0	0	0	0	0	0	0	0
ASV_125	0	0	0	0	0	0	0	0	0	288	0	0	0	128	0	0	0	0
ASV_215	0	0	0	0	0	0	132	0	0	111	0	2	0	211	0	0	0	0
ASV_107	87	0	4	0	47	0	0	0	0	1	0	0	0	0	0	0	0	0
ASV_146	0	178	0	0	0	0	0	0	0	0	0	0	0	0	0	0	0	0
ASV_369	0	13	0	47	12	22	0	0	0	0	0	0	0	0	0	0	0	0
ASV_140	49	87	6	0	32	0	0	0	0	0	0	0	0	0	0	0	0	0
ASV_196	0	154	2	0	0	0	0	0	0	0	0	0	0	0	0	0	0	0
ASV_141	3	2	0	21	2	16	5	0	0	0	4	0	19	5	152	73	61	3
ASV_130	2	3	153	62	0	0	0	0	0	0	0	0	0	0	0	0	0	0
ASV_172	0	0	0	0	0	0	0	9	48	61	84	11	37	80	32	15	0	1
ASV_150	77	5	6	0	35	0	0	0	0	0	0	0	0	0	0	0	0	0
ASV_144	0	25	64	50	0	19	0	0	0	0	0	0	0	0	0	0	0	0
ASV_128	150	0	20	0	0	0	0	0	0	0	0	0	0	0	0	0	0	0
ASV_117	0	0	0	0	0	0	218	105	0	0	0	0	0	0	0	0	0	0
ASV_235	0	0	0	0	0	0	3	38	50	14	3	0	112	39	10	14	8	21
ASV_169	0	0	0	0	0	0	2	24	117	2	0	10	5	3	5	2	0	2
ASV_175	0	0	0	0	0	0	7	1	66	0	28	0	77	0	25	6	0	41
ASV_156	24	16	7	25	34	0	0	0	0	0	0	0	0	0	0	0	0	0
ASV_115	0	0	0	0	0	1	2	0	0	275	0	0	3	42	0	6	23	2
ASV_167	0	0	0	0	0	0	102	0	0	1	0	0	0	0	0	0	0	274
ASV_183	0	0	0	0	0	0	118	75	0	13	66	34	0	1	6	1	0	2
ASV_190	39	62	16	0	23	0	0	0	0	0	0	0	0	0	0	0	0	0
ASV_148	0	150	0	0	0	0	0	0	0	0	0	0	0	0	0	0	0	0
ASV_154	0	0	0	0	0	0	26	35	93	0	0	45	3	0	7	12	0	0
ASV_209	0	0	0	0	0	0	10	91	10	0	1	77	34	2	30	126	18	31
ASV_152	0	0	0	0	0	0	1	1	102	23	0	0	2	16	0	0	0	0
ASV_177	0	0	0	0	0	0	15	46	0	218	2	1	0	52	0	0	0	7
ASV_157	123	0	0	0	1	0	0	0	0	0	0	0	0	0	0	0	0	0
ASV_170	132	1	0	4	2	8	0	0	0	0	0	0	0	0	0	0	0	0
ASV_201	3	3	0	0	80	2	0	0	0	0	0	0	0	0	0	0	0	0
ASV_113	0	2	0	0	82	0	0	0	0	0	0	0	0	0	0	0	0	0
ASV_163	9	0	0	27	12	28	0	0	0	0	0	0	0	0	0	0	0	0
ASV_160	17	2	90	42	7	0	0	0	0	0	0	0	0	0	0	0	0	0
ASV_131	0	0	0	0	0	0	1	0	117	0	0	0	47	0	0	0	0	1
ASV_225	0	2	0	1	1	1	12	5	34	7	0	10	23	29	33	38	67	17
ASV_265	0	107	112	0	0	0	0	0	0	0	0	0	0	0	0	0	0	0
ASV_207	0	84	215	0	0	0	0	0	0	0	0	0	0	0	0	0	0	0
ASV_132	0	21	12	0	69	0	0	0	0	0	0	0	0	0	0	0	0	0
ASV_184	0	89	189	0	0	0	0	0	0	0	0	0	0	0	0	0	0	0
ASV_162	0	0	0	0	0	81	0	0	0	0	0	0	0	0	0	0	0	0
ASV_248	0	0	0	0	0	0	15	0	0	0	0	1	9	5	66	32	357	0
ASV_173	0	0	0	0	79	0	0	0	0	0	0	0	0	0	0	0	0	0
ASV_195	0	0	0	0	0	0	3	22	33	17	15	57	14	41	6	52	5	4
ASV_299	0	0	0	2	0	4	4	0	1	5	3	0	88	36	109	8	60	54
ASV_250	0	0	0	0	0	0	28	46	17	16	1	35	29	64	3	19	3	32
ASV_188	6	19	5	45	24	0	0	0	0	0	0	0	0	0	0	0	0	0
ASV_161	0	0	0	0	0	0	2	16	16	203	0	0	6	27	1	2	1	15
ASV_270	0	0	0	0	0	0	0	36	16	13	0	126	35	46	2	71	6	1
ASV_151	0	1	0	29	42	0	0	0	0	0	0	0	0	0	0	0	0	0
ASV_197	0	0	0	0	0	0	11	29	23	3	25	32	35	19	37	34	6	66
ASV_203	137	1	0	0	0	0	0	0	0	0	0	0	0	0	0	0	0	0
ASV_275	0	0	0	0	0	0	0	57	0	2	168	76	0	8	13	15	0	25
ASV_182	80	5	153	6	2	0	0	0	0	0	0	0	0	0	0	0	0	0
ASV_239	0	0	0	0	0	0	0	21	28	20	17	58	8	32	6	52	2	3
ASV_180	0	0	0	0	0	0	64	42	0	0	7	1	1	0	54	28	8	104
ASV_166	3	0	0	2	2	72	1	0	0	0	0	0	0	0	0	0	0	0
ASV_192	3	66	1	13	12	2	0	0	0	0	0	0	0	0	0	0	0	0
ASV_300	0	11	2	0	0	52	0	0	0	0	0	0	0	0	0	0	0	0
ASV_142	0	0	0	0	60	0	0	0	0	0	0	0	0	0	0	0	0	0
ASV_213	0	0	0	0	0	0	18	0	29	55	7	9	50	58	22	25	2	4
ASV_159	0	0	0	0	0	0	0	90	50	0	1	0	33	0	2	0	0	0
ASV_205	18	0	0	3	0	51	0	0	0	0	0	0	0	0	0	0	0	0
ASV_220	1	0	0	1	0	0	48	1	2	1	3	36	41	6	50	37	39	38
ASV_287	0	0	0	0	0	0	18	8	0	51	108	18	0	48	25	7	0	21
ASV_193	0	0	0	0	0	0	42	141	0	0	0	43	0	0	0	4	1	8
ASV_158	57	20	31	2	0	0	0	0	0	0	0	0	0	0	0	0	0	0
ASV_331	94	12	6	0	5	2	0	0	0	0	0	0	0	0	0	0	0	0
ASV_345	0	8	9	0	16	29	0	0	0	0	0	0	0	0	0	0	0	0
ASV_241	0	0	0	0	2	0	6	17	37	2	1	47	13	14	4	55	12	16
ASV_292	0	0	0	0	0	0	8	23	0	78	67	41	1	44	16	9	0	7
ASV_256	0	108	8	0	2	0	0	0	0	0	0	0	0	0	0	0	0	0
ASV_330	0	0	0	0	0	0	1	0	0	1	101	0	0	0	282	0	0	0
ASV_324	0	0	0	0	0	0	0	3	47	0	0	0	166	0	0	0	0	4
ASV_178	4	8	1	2	62	0	0	0	0	0	0	0	0	0	0	0	0	0
ASV_187	31	20	157	0	5	0	0	0	0	0	0	0	0	0	0	0	0	0
ASV_259	8	9	14	19	7	23	0	0	0	0	0	0	0	0	0	0	0	0
ASV_288	0	0	0	0	0	0	140	0	2	0	0	57	9	0	0	12	4	6
ASV_228	0	0	0	0	0	0	4	5	71	0	0	12	15	0	9	1	1	0
ASV_210	0	0	0	0	0	0	42	9	23	2	0	105	4	0	4	38	0	32
ASV_200	0	0	0	11	0	48	0	0	0	0	0	0	0	0	0	0	0	0
ASV_293	0	0	0	0	0	0	1	1	4	22	2	104	2	55	5	110	4	0
ASV_445	0	11	375	0	0	0	0	0	0	0	0	0	0	0	0	0	0	0
ASV_297	0	0	0	0	0	0	1	1	4	1	0	7	184	21	0	35	30	9
ASV_304	0	0	0	0	0	0	12	10	20	39	1	4	22	44	7	29	3	35
ASV_229	0	0	0	0	0	0	1	15	69	1	0	0	25	0	0	0	1	3
ASV_881	0	0	0	0	0	0	99	1	0	48	1	37	2	16	9	20	8	7
ASV_198	0	0	0	0	0	0	0	2	78	1	0	0	23	5	0	0	0	0
ASV_271	0	0	0	0	0	0	0	5	37	0	97	27	23	0	10	13	1	0
ASV_247	2	1	2	2	1	57	0	0	0	0	0	0	0	0	0	0	0	0
ASV_313	0	0	0	0	0	0	78	21	0	7	6	97	2	1	0	34	0	21
ASV_278	0	0	0	0	0	0	16	35	0	92	32	52	0	16	4	7	0	9
ASV_284	0	0	0	0	0	0	20	0	6	0	0	0	18	35	50	48	122	13
ASV_261	0	0	0	0	0	0	31	10	0	142	32	16	0	27	1	2	0	1
ASV_176	0	0	0	0	0	0	62	120	0	0	0	0	0	0	0	0	0	27
ASV_245	0	0	0	0	0	0	8	0	0	18	0	0	11	192	0	18	0	35
ASV_337	1	2	0	0	3	3	17	13	1	22	1	21	9	22	56	39	3	31
ASV_524	0	0	0	0	0	0	29	1	0	0	0	0	5	0	82	161	88	2
ASV_255	7	83	8	0	10	0	0	0	0	0	0	0	0	0	0	0	0	0
ASV_222	75	1	2	1	3	2	0	0	0	0	0	0	0	0	0	0	0	0
ASV_387	0	0	0	2	0	0	3	2	2	0	0	2	4	3	167	76	57	0
ASV_308	0	0	0	0	0	2	3	0	0	4	0	1	135	50	0	6	32	44
ASV_199	0	83	1	0	0	0	0	0	0	0	0	0	0	0	0	0	0	0
ASV_254	0	0	0	0	0	0	7	3	0	194	0	0	0	2	0	0	0	0
ASV_253	0	4	1	0	0	50	0	0	0	0	0	0	0	0	0	0	0	0
ASV_267	71	0	0	7	1	3	0	0	0	0	0	0	0	0	0	0	0	0
ASV_291	0	83	14	0	4	0	0	0	0	0	0	0	0	0	0	0	0	0
ASV_356	0	6	5	0	0	35	0	0	0	0	0	0	0	0	0	0	0	0
ASV_186	0	0	0	0	0	0	165	0	0	0	0	0	0	0	0	0	33	17
ASV_189	0	0	0	0	0	0	2	2	68	3	1	2	17	2	1	2	0	2
ASV_237	0	0	0	45	0	1	0	0	0	0	0	0	0	0	0	0	0	0
ASV_251	0	0	0	47	0	0	0	0	0	0	0	0	0	0	0	0	0	0
ASV_289	0	0	0	0	0	0	0	0	64	0	0	0	48	0	0	0	0	0
ASV_211	0	0	0	0	0	0	1	6	87	0	0	0	2	1	0	0	5	1
ASV_217	16	2	4	12	0	29	0	0	0	0	0	0	0	0	0	0	0	0
ASV_340	0	0	0	0	0	0	66	34	0	0	17	0	0	0	29	0	0	105
ASV_242	0	0	0	0	1	1	3	1	36	0	0	2	66	2	0	19	8	9
ASV_281	0	0	0	0	0	0	19	30	4	71	38	0	2	6	2	0	0	3
ASV_542	0	0	0	0	0	0	4	0	0	2	0	0	101	19	53	18	59	30
ASV_262	4	1	0	25	2	21	0	0	0	0	0	0	0	0	0	0	0	0
ASV_268	0	11	0	0	36	0	0	0	0	0	0	0	0	0	0	0	0	0
ASV_482	0	2	26	11	20	9	0	0	0	0	0	0	0	0	0	0	0	0
ASV_208	0	0	0	26	0	1	0	0	0	0	7	0	0	1	152	0	2	0
ASV_285	0	0	0	0	0	0	10	58	4	1	1	17	19	3	13	46	4	38
ASV_238	0	0	10	46	0	0	0	0	0	0	0	0	0	0	0	0	0	0
ASV_321	0	0	0	0	0	0	14	14	4	29	95	33	6	19	18	4	1	16
ASV_309	0	2	2	0	0	50	0	0	0	0	0	0	0	0	0	0	0	0
ASV_377	0	0	0	0	0	0	0	0	0	4	201	48	0	0	27	7	0	1
ASV_252	6	2	2	49	0	0	0	0	0	0	0	0	0	0	0	0	0	0
ASV_274	0	0	0	0	0	0	17	2	3	0	71	11	48	0	38	13	0	27
ASV_418	0	0	0	1	0	0	1	1	3	1	3	1	51	36	56	11	89	7
ASV_276	0	1	0	36	0	0	0	0	0	0	0	0	0	0	0	0	0	0
ASV_780	0	0	350	0	0	0	0	0	0	0	0	0	0	0	0	0	0	0
ASV_185	0	0	0	0	0	0	0	2	68	0	0	3	20	0	0	4	0	0
ASV_1264	2	0	0	0	0	0	9	1	1	1	0	0	139	16	72	0	3	1
ASV_836	0	1	0	2	1	0	34	10	4	32	6	12	5	17	41	20	10	7
ASV_226	0	0	0	0	0	0	152	0	0	0	0	0	0	0	0	0	0	26
ASV_1101	4	3	1	0	3	39	0	0	0	0	0	0	0	0	0	0	0	0
ASV_224	0	0	8	0	12	27	0	0	0	0	0	0	0	0	0	0	0	0
ASV_272	1	2	0	42	5	0	0	0	0	0	0	0	0	0	0	0	0	0
ASV_305	0	0	0	0	0	0	1	11	16	13	54	1	9	65	24	3	1	1
ASV_269	0	0	0	0	0	0	7	86	2	7	0	1	20	10	8	2	3	37
ASV_295	0	0	0	0	0	0	97	62	0	0	0	1	0	0	12	0	1	14
ASV_392	0	0	0	0	0	0	47	69	0	0	0	16	6	0	8	25	2	11
ASV_357	0	0	0	0	0	8	17	1	3	1	0	3	16	14	15	79	63	17
ASV_279	3	3	89	26	2	5	0	0	0	0	0	0	0	0	0	0	0	0
ASV_376	0	4	1	0	0	47	0	0	0	0	0	0	0	0	0	0	0	0
ASV_249	0	0	0	41	0	0	0	0	0	0	0	0	0	0	0	0	0	0
ASV_373	14	1	0	9	4	1	2	4	0	1	1	0	0	8	58	43	26	6
ASV_218	0	60	0	0	0	0	0	0	0	0	0	0	0	0	0	0	0	0
ASV_344	0	0	0	0	0	0	0	0	0	0	231	0	0	0	7	0	0	0
ASV_530	0	0	0	0	0	0	25	6	0	0	11	65	0	0	27	58	0	36
ASV_260	1	3	9	7	22	2	0	0	0	0	0	0	0	0	0	0	0	0
ASV_257	0	0	0	0	0	0	27	54	2	0	0	0	4	0	0	0	6	106
ASV_326	0	1	0	12	2	2	1	0	0	0	6	0	0	36	93	26	19	2
ASV_244	0	0	0	0	0	0	115	32	0	0	1	0	0	0	0	0	3	0
ASV_322	0	0	0	0	0	0	20	65	0	1	83	0	0	0	15	0	0	12
ASV_181	0	0	0	0	0	0	96	3	18	14	0	5	3	2	0	15	9	1
ASV_204	0	57	18	0	10	0	0	0	0	0	0	0	0	0	0	0	0	0
ASV_334	0	0	0	0	0	0	0	0	0	0	1	0	0	0	37	0	260	0
ASV_1315	0	0	0	0	0	1	3	0	0	0	0	0	0	29	26	25	87	80
ASV_221	0	35	4	0	28	0	0	0	0	0	0	0	0	0	0	0	0	0
ASV_399	0	0	0	0	0	0	3	7	1	9	21	43	8	60	16	44	2	47
ASV_227	0	0	0	0	0	0	158	0	0	0	0	0	0	0	0	0	0	0
ASV_232	6	0	0	0	47	0	0	0	0	0	0	0	0	0	0	0	0	0
ASV_311	41	25	18	0	0	2	0	0	0	0	0	0	0	0	0	0	0	0
ASV_492	0	0	0	0	1	0	13	12	0	59	0	17	4	33	0	29	0	13
ASV_219	7	1	1	0	3	30	0	0	0	0	0	0	0	0	0	0	0	0
ASV_587	0	0	0	0	0	0	22	0	0	0	0	187	0	0	0	22	0	1
ASV_410	0	5	1	33	0	0	0	0	0	0	0	0	0	0	0	0	0	0
ASV_282	1	80	1	0	0	0	0	0	0	0	0	0	0	0	0	0	0	0
ASV_315	2	0	0	0	0	38	0	0	0	0	0	0	0	0	0	0	0	0
ASV_303	0	0	0	0	0	0	2	1	4	112	4	6	3	38	0	1	0	1
ASV_302	0	83	0	0	0	0	0	0	0	0	0	0	0	0	0	0	0	0
ASV_240	3	5	2	2	16	22	0	0	0	0	0	0	0	0	0	0	0	0
ASV_191	65	3	7	4	0	0	0	0	0	0	0	0	0	0	0	0	0	0
ASV_342	5	7	17	29	0	2	0	0	0	0	0	0	0	0	0	0	0	0
ASV_353	0	0	0	0	0	0	7	8	11	46	14	2	12	73	7	8	3	1
ASV_266	0	0	0	0	0	0	30	2	5	34	0	25	15	29	6	44	7	5
ASV_301	0	0	2	41	2	0	0	0	0	0	0	0	0	0	0	0	0	0
ASV_264	0	0	0	0	0	43	0	0	0	0	0	0	0	0	0	0	0	0
ASV_404	26	0	3	19	2	0	0	0	0	0	0	0	0	0	0	0	0	0
ASV_370	0	0	0	0	0	0	20	28	6	76	22	0	0	3	1	0	0	1
ASV_1201	0	0	0	0	0	0	5	2	6	0	1	1	10	15	55	94	32	6
ASV_319	0	0	0	0	0	0	27	47	0	26	3	5	2	22	22	11	0	23
ASV_323	0	0	0	0	0	0	115	0	0	0	2	0	0	0	1	0	0	20
ASV_485	0	0	0	0	0	0	0	4	0	9	86	28	4	35	37	8	0	4
ASV_294	0	61	19	0	0	0	0	0	0	0	0	0	0	0	0	0	0	0
ASV_390	0	1	0	5	1	4	4	0	0	0	3	0	10	2	78	31	32	2
ASV_371	0	0	0	0	0	0	0	18	10	16	40	15	3	33	18	8	0	0
ASV_263	0	27	0	0	20	0	0	0	0	0	0	0	0	0	0	0	0	0
ASV_421	0	0	0	0	0	0	0	0	51	4	0	0	12	0	20	2	0	0
ASV_314	0	0	0	1	0	0	5	1	21	0	0	0	12	0	27	0	68	4
ASV_283	2	1	52	18	1	9	0	0	0	0	0	0	0	0	0	0	0	0
ASV_280	0	80	0	0	0	0	0	0	0	0	0	0	0	0	0	0	0	0
ASV_365	0	0	0	0	0	0	1	0	29	1	15	2	36	0	12	2	0	15
ASV_495	1	0	0	0	0	0	5	0	4	4	2	6	2	4	6	59	21	77
ASV_307	0	0	0	0	0	0	27	0	7	16	2	38	25	12	3	29	6	21
ASV_338	0	0	0	0	0	0	0	0	57	0	0	0	2	0	0	0	0	1
ASV_223	0	61	28	0	0	0	0	0	0	0	0	0	0	0	0	0	0	0
ASV_290	0	71	0	0	0	0	0	0	0	0	0	0	0	0	0	0	0	0
ASV_341	0	0	0	0	0	0	95	0	0	0	53	0	0	0	2	0	0	0
ASV_555	0	0	0	0	0	0	0	16	0	1	81	53	0	3	5	7	0	12
ASV_638	0	0	0	0	0	0	1	0	6	0	0	7	147	0	0	27	0	2
ASV_396	0	0	1	0	0	0	2	0	12	1	0	12	94	5	0	19	16	4
ASV_437	0	6	1	0	0	36	0	0	0	0	0	0	0	0	0	0	0	0
ASV_298	36	0	4	0	1	3	0	0	0	0	0	0	0	0	0	0	0	0
ASV_286	0	40	29	15	0	0	0	0	0	0	0	0	0	0	0	0	0	0
ASV_347	0	0	0	0	0	0	2	0	13	10	0	0	35	46	0	0	1	42
ASV_1086	0	1	277	0	0	0	0	0	0	0	0	0	0	0	0	0	0	0
ASV_1070	0	0	0	0	0	0	23	7	10	1	0	0	40	12	6	5	3	49
ASV_320	0	0	0	0	38	0	0	0	0	0	0	0	0	0	0	0	0	0
ASV_953	0	0	0	0	0	0	28	0	0	21	0	44	6	21	0	18	20	8
ASV_409	0	1	1	0	0	42	0	0	0	0	0	0	0	0	0	0	0	0
ASV_479	9	4	8	28	6	4	0	0	0	0	0	0	0	0	0	0	0	0
ASV_335	6	0	0	28	8	0	0	0	0	0	0	0	0	0	0	0	0	0
ASV_327	0	82	0	0	0	0	0	0	0	0	0	0	0	0	0	0	0	0
ASV_378	0	4	3	0	0	38	0	0	0	0	0	0	0	0	0	0	0	0
ASV_277	0	0	0	0	0	0	6	7	0	92	2	4	0	18	1	1	0	1
ASV_358	0	0	0	0	0	0	4	46	23	3	0	13	0	0	0	2	2	19
ASV_439	0	2	1	0	0	31	0	0	0	0	0	0	0	0	0	0	0	0
ASV_405	18	22	8	0	6	0	0	0	0	0	0	0	0	0	0	0	0	0
ASV_350	2	0	3	20	5	3	0	0	0	0	0	0	0	0	0	0	0	0
ASV_762	0	0	0	0	0	0	18	9	1	1	0	9	53	16	6	43	26	14
ASV_508	0	0	0	0	0	4	23	0	0	0	0	27	2	0	0	63	56	7
ASV_620	0	41	74	0	0	0	0	0	0	0	0	0	0	0	0	0	0	0
ASV_429	0	0	0	0	0	0	0	42	0	5	0	0	0	5	0	0	0	114
ASV_366	0	0	0	0	0	0	12	5	2	72	6	2	1	8	0	0	1	13
ASV_339	0	0	0	0	0	0	87	12	0	1	8	16	0	0	2	0	0	1
ASV_363	0	0	1	29	1	0	0	0	0	0	0	0	0	0	0	0	0	0
ASV_367	0	0	0	0	0	0	0	0	0	92	0	0	0	62	0	0	0	0
ASV_368	23	0	2	19	0	0	1	0	0	0	0	0	0	0	0	0	0	0
ASV_483	3	0	0	0	37	1	0	0	0	0	0	0	0	0	0	0	0	0
ASV_351	6	1	44	18	3	0	0	0	0	0	0	0	0	0	0	0	0	0
ASV_413	0	0	0	0	0	0	7	9	0	111	1	0	0	32	0	0	0	3
ASV_273	54	0	0	0	0	0	0	0	0	0	0	0	0	0	0	0	0	0
ASV_372	0	0	0	0	0	0	0	55	0	2	0	96	0	0	0	11	4	0
ASV_718	0	0	0	0	0	0	0	39	16	38	0	0	7	15	0	0	1	0
ASV_317	0	70	0	0	0	0	0	0	0	0	0	0	0	0	0	0	0	0
ASV_443	0	0	0	0	0	0	6	24	0	0	132	0	0	0	25	0	0	0
ASV_529	0	0	0	0	0	0	2	2	1	41	0	4	22	87	8	6	1	3
ASV_500	0	0	0	0	0	0	18	35	0	0	32	0	14	0	44	0	0	5
ASV_520	0	0	0	0	0	1	2	0	3	2	0	2	35	20	27	13	34	4
ASV_540	0	0	0	0	0	0	4	22	7	17	5	6	15	49	4	18	2	23
ASV_234	0	5	0	0	39	0	0	0	0	0	0	0	0	0	0	0	0	0
ASV_473	0	0	0	0	0	0	42	0	0	0	0	3	0	11	4	0	137	0
ASV_343	0	0	0	0	0	0	4	74	2	0	0	0	3	0	4	1	0	25
ASV_408	0	3	6	0	0	37	0	0	0	0	0	0	0	0	0	0	0	0
ASV_496	0	0	0	1	0	2	0	0	0	4	0	0	40	19	49	7	31	28
ASV_938	0	6	0	22	2	7	0	0	0	0	0	0	0	0	0	0	0	0
ASV_755	0	0	0	0	0	0	2	0	0	0	41	18	0	1	80	17	11	16
ASV_400	0	0	0	0	0	0	0	7	0	0	0	0	4	0	0	7	0	139
ASV_652	0	0	0	0	0	0	17	16	11	0	0	13	17	28	4	8	2	13
ASV_384	44	8	2	0	1	3	0	0	0	0	0	0	0	0	0	0	0	0
ASV_771	0	0	0	0	0	0	2	39	0	0	25	0	0	0	74	0	4	5
ASV_425	0	0	0	0	0	0	12	0	0	4	0	5	19	15	0	14	100	0
ASV_310	0	6	0	0	22	0	0	0	0	0	0	0	0	0	0	0	0	0
ASV_383	0	0	0	0	0	0	1	0	0	30	0	21	4	48	1	53	6	1
ASV_478	0	0	0	0	0	0	0	0	1	0	94	0	0	0	77	0	0	0
ASV_761	0	0	0	0	0	0	6	0	17	1	0	61	5	0	0	30	23	0
ASV_398	11	0	4	0	21	0	0	0	0	0	0	0	0	0	0	0	0	0
ASV_352	11	18	11	0	9	0	0	0	0	0	0	0	0	0	0	0	0	0
ASV_412	0	0	0	0	0	0	29	12	0	0	8	44	0	0	5	7	0	26
ASV_674	0	51	52	0	0	0	0	0	0	0	0	0	0	0	0	0	0	0
ASV_391	0	0	0	1	0	0	24	37	9	0	1	6	17	2	11	3	0	3
ASV_467	0	4	2	0	0	22	0	0	0	0	0	0	0	0	0	0	0	0
ASV_332	31	10	0	0	0	0	0	0	0	0	0	0	0	0	0	0	0	0
ASV_374	0	67	0	0	0	0	0	0	0	0	0	0	0	0	0	0	0	0
ASV_584	0	0	0	0	0	0	5	3	14	3	0	0	9	11	26	29	30	6
ASV_354	0	0	0	0	0	0	1	0	44	0	0	0	5	0	0	0	0	0
ASV_444	22	7	45	0	5	0	0	0	0	0	0	0	0	0	0	0	0	0
ASV_463	47	0	0	0	0	0	0	0	0	0	0	0	0	0	0	0	0	0
ASV_466	19	6	13	0	7	0	0	0	0	0	0	0	0	0	0	0	0	0
ASV_522	0	17	0	1	0	15	0	0	0	0	0	0	0	0	0	0	0	0
ASV_634	0	0	0	0	0	0	62	0	0	2	0	34	2	0	0	9	8	3
ASV_576	0	0	0	0	0	0	5	1	3	13	0	45	3	28	1	66	4	3
ASV_385	0	6	1	0	0	33	0	0	0	0	0	0	0	0	0	0	0	0
ASV_316	0	0	0	0	0	0	1	1	25	7	0	23	4	7	0	14	3	18
ASV_1199	0	0	0	0	0	0	4	0	0	0	0	68	6	0	0	26	55	19
ASV_779	0	2	0	16	5	6	0	0	0	0	0	0	0	0	0	0	0	0
ASV_469	0	0	0	0	0	0	1	0	0	0	40	19	2	2	79	25	2	17
ASV_1095	0	0	0	0	0	0	5	20	5	11	72	0	1	1	18	0	0	3
ASV_494	0	0	0	0	0	0	0	0	0	0	0	0	0	0	0	0	201	0
ASV_657	24	8	0	0	1	1	0	0	0	0	0	0	0	0	0	0	0	0
ASV_355	0	20	0	18	0	0	0	0	0	0	0	0	0	0	0	0	0	0
ASV_616	0	0	0	0	0	0	3	3	0	0	0	0	14	4	89	14	44	1
ASV_306	0	0	0	0	29	0	0	0	0	0	0	0	0	0	0	0	0	0
ASV_361	54	0	0	0	0	0	0	0	0	0	0	0	0	0	0	0	0	0
ASV_901	0	0	0	0	0	0	8	0	3	0	0	31	23	0	0	39	49	0
ASV_312	37	0	0	0	6	0	0	0	0	0	0	0	0	0	0	0	0	0
ASV_388	3	0	0	14	4	11	0	0	0	0	0	0	0	0	0	0	0	0
ASV_476	0	0	0	0	0	0	14	5	1	24	0	0	6	43	30	27	10	0
ASV_336	35	0	1	0	6	1	0	0	0	0	0	0	0	0	0	0	0	0
ASV_325	0	0	0	0	0	0	0	101	0	0	0	29	0	0	0	4	0	0
ASV_333	0	0	0	0	0	0	0	0	33	0	0	0	10	0	0	0	1	0
ASV_559	0	0	0	0	0	0	5	0	0	0	0	1	6	0	31	14	121	0
ASV_380	0	4	1	0	0	29	0	0	0	0	0	0	0	0	0	0	0	0
ASV_433	0	0	0	0	0	0	4	0	0	0	0	0	0	28	35	14	67	1
ASV_382	0	0	0	0	0	0	1	0	41	0	0	0	2	0	0	0	0	0
ASV_561	0	0	0	0	0	0	5	14	0	0	38	0	6	0	82	0	1	8
ASV_460	0	2	2	0	0	28	0	0	0	0	0	0	0	0	0	0	0	0
ASV_468	0	0	0	0	0	0	0	0	1	0	0	0	120	0	0	0	0	0
ASV_927	0	0	0	0	0	0	16	2	1	11	0	17	5	20	0	76	6	5
ASV_470	0	0	0	1	0	0	41	28	0	4	20	8	0	0	2	0	0	0
ASV_493	0	0	0	0	0	0	13	2	16	8	1	20	5	7	1	3	24	4
ASV_601	0	0	0	0	0	0	13	0	0	6	0	1	9	95	0	18	0	11
ASV_537	0	44	1	0	0	0	0	0	0	0	0	0	0	0	0	0	0	0
ASV_426	13	7	3	11	10	0	0	0	0	0	0	0	0	0	0	0	0	0
ASV_465	4	4	4	14	10	0	0	0	0	0	0	0	0	0	0	0	0	0
ASV_499	0	0	0	0	0	0	7	0	5	23	5	6	24	32	13	11	4	5
ASV_589	0	0	0	0	0	0	0	0	0	0	0	0	0	0	0	0	178	14
ASV_549	0	0	0	0	0	0	2	7	18	0	6	22	10	0	8	0	5	6
ASV_449	0	3	4	0	0	27	0	0	0	0	0	0	0	0	0	0	0	0
ASV_456	32	4	55	1	1	0	0	0	0	0	0	0	0	0	0	0	0	0
ASV_685	0	0	0	0	0	0	5	26	1	0	0	23	14	0	14	46	3	15
ASV_258	24	0	0	0	21	0	0	0	0	0	0	0	0	0	0	0	0	0
ASV_688	0	0	0	0	0	0	2	0	0	3	93	23	0	0	16	3	0	0
ASV_349	0	0	0	0	0	0	80	12	0	0	0	0	0	0	0	0	0	15
ASV_451	0	0	0	0	0	0	38	0	0	0	0	0	0	0	0	0	0	88
ASV_430	2	0	0	0	0	5	11	0	0	0	0	0	18	0	4	1	70	23
ASV_603	0	0	0	0	0	0	7	28	5	20	0	0	5	2	1	1	0	13
ASV_633	0	0	0	0	0	0	17	22	8	8	5	0	3	22	2	2	0	25
ASV_987	0	8	1	13	8	5	0	0	0	0	0	0	0	0	0	0	0	0
ASV_1100	47	0	0	0	0	0	0	0	0	0	0	0	0	0	0	0	0	0
ASV_364	22	0	0	0	16	0	0	0	0	0	0	0	0	0	0	0	0	0
ASV_442	0	2	5	1	0	22	0	0	0	0	0	0	0	0	0	0	0	0
ASV_1066	0	0	0	0	0	0	4	11	13	10	24	6	5	24	5	16	0	7
ASV_401	4	0	3	1	20	5	0	0	0	0	0	0	0	0	0	0	0	0
ASV_441	9	26	15	0	0	0	0	0	0	0	0	0	0	0	0	0	0	0
ASV_568	0	0	0	0	0	0	73	1	0	0	0	0	0	0	0	0	1	56
ASV_318	0	0	0	0	22	0	0	0	0	0	0	0	0	0	0	0	0	0
ASV_424	1	37	0	0	0	0	0	0	0	0	0	0	0	0	0	0	0	0
ASV_375	0	44	0	0	0	0	0	0	0	0	0	0	0	0	0	0	0	0
ASV_394	0	0	0	0	0	0	6	31	0	0	0	14	3	0	0	68	4	13
ASV_597	0	11	1	0	0	17	0	0	0	0	0	0	0	0	0	0	0	0
ASV_359	0	0	0	0	0	0	50	1	0	0	29	0	0	0	14	0	0	14
ASV_528	0	0	0	0	34	0	0	0	0	0	0	0	0	0	0	0	0	0
ASV_558	0	0	1	0	0	26	0	0	0	0	0	0	0	0	0	0	0	0
ASV_1202	0	0	0	0	0	0	9	14	0	0	25	0	0	0	85	0	2	13
ASV_397	0	0	0	0	0	0	0	0	27	0	0	0	34	0	0	0	0	0
ASV_420	0	0	0	0	0	0	2	0	24	0	0	0	12	0	0	6	17	18
ASV_461	0	32	46	0	0	0	0	0	0	0	0	0	0	0	0	0	0	0
ASV_789	0	0	0	0	0	0	1	0	10	0	0	2	30	9	0	33	11	30
ASV_897	0	0	0	0	0	0	4	25	0	4	10	30	0	1	6	15	0	12
ASV_457	10	0	28	14	5	0	0	0	0	0	0	0	0	0	0	0	0	0
ASV_515	0	0	0	0	0	0	3	1	0	3	0	0	42	59	6	0	16	7
ASV_511	0	0	0	2	0	0	15	0	1	2	1	17	12	3	22	17	12	28
ASV_419	0	0	0	0	0	0	0	0	0	0	0	0	0	0	0	0	0	136
ASV_563	0	0	0	0	0	0	0	10	16	6	7	20	4	20	3	17	1	1
ASV_626	0	0	0	0	0	0	0	0	13	0	0	0	73	0	0	0	0	3
ASV_379	1	2	47	23	0	0	0	0	0	0	0	0	0	0	0	0	0	0
ASV_432	0	0	0	2	0	27	0	0	0	0	0	0	0	0	0	0	0	0
ASV_666	0	0	0	0	0	0	24	15	0	1	1	57	0	1	0	17	0	16
ASV_414	0	0	0	0	0	1	0	0	0	78	0	0	0	20	0	2	16	1
ASV_393	0	0	0	0	0	0	35	20	0	0	35	11	0	0	4	0	0	4
ASV_630	1	0	0	0	0	0	1	0	0	0	0	0	35	29	31	20	34	7
ASV_829	4	4	11	8	4	8	0	0	0	0	0	0	0	0	0	0	0	0
ASV_668	0	0	0	0	0	0	3	0	0	81	0	1	0	2	0	0	0	0
ASV_712	0	0	0	0	0	0	0	1	0	0	0	0	0	0	78	35	25	1
ASV_438	0	0	0	0	0	0	4	22	0	45	0	3	0	7	2	5	1	3
ASV_557	0	0	6	4	0	22	0	0	0	0	0	0	0	0	0	0	0	0
ASV_596	4	37	0	0	2	0	0	0	0	0	0	0	0	0	0	0	0	0
ASV_871	0	0	0	0	0	0	9	0	7	0	0	0	26	4	18	10	40	2
ASV_403	0	0	0	0	0	0	0	0	0	0	0	0	0	0	162	0	0	0
ASV_481	0	6	15	13	0	6	0	0	0	0	0	0	0	0	0	0	0	0
ASV_536	0	4	1	0	0	31	0	0	0	0	0	0	0	0	0	0	0	0
ASV_653	0	0	0	0	0	0	4	18	8	6	0	6	3	2	0	12	0	61
ASV_898	0	0	0	0	0	0	43	7	0	4	0	0	0	6	3	12	1	30
ASV_501	0	0	0	0	0	0	6	11	0	0	0	0	0	0	51	0	75	1
ASV_507	0	0	0	0	0	0	2	13	3	0	13	59	14	0	9	15	2	3
ASV_1002	0	0	0	0	0	0	16	26	4	0	0	4	10	4	0	25	2	19
ASV_1447	0	0	0	0	0	0	3	0	0	0	0	1	65	13	0	25	42	2
ASV_402	0	0	0	0	0	0	14	1	0	4	0	2	5	46	36	12	25	3
ASV_407	0	0	0	0	0	0	3	42	1	0	1	26	8	0	7	51	2	4
ASV_837	0	0	0	0	0	0	2	2	4	0	0	5	59	8	0	32	11	3
ASV_1151	0	0	0	0	0	0	12	0	0	6	0	67	1	2	0	12	13	5
ASV_360	2	0	0	28	0	0	0	0	0	0	0	0	0	0	0	0	0	0
ASV_472	0	0	0	0	0	0	1	0	0	1	0	4	26	37	12	9	9	20
ASV_487	5	1	0	2	2	26	0	0	0	0	0	0	0	0	0	0	0	0
ASV_462	0	1	1	0	0	25	0	0	0	0	0	0	0	0	0	0	0	0
ASV_348	0	56	0	0	0	0	0	0	0	0	0	0	0	0	0	0	0	0
ASV_514	0	0	0	0	0	0	0	0	3	0	0	2	40	16	35	22	0	10
ASV_721	5	11	50	0	11	0	0	0	0	0	0	0	0	0	0	0	0	0
ASV_783	0	0	0	0	2	0	12	1	0	0	0	0	12	4	4	54	40	6
ASV_539	0	0	0	0	0	0	6	0	0	26	0	0	0	9	0	7	62	14
ASV_648	0	0	0	0	0	0	0	0	0	0	0	0	1	0	131	1	0	0
ASV_406	1	31	0	0	0	0	0	0	0	0	0	0	0	0	0	0	0	0
ASV_611	0	0	0	0	0	0	4	2	1	0	33	5	42	0	17	10	0	12
ASV_395	0	0	0	0	0	0	40	24	0	0	0	0	0	0	31	1	1	0
ASV_428	2	27	2	0	7	0	0	0	0	0	0	0	0	0	0	0	0	0
ASV_643	0	0	0	0	0	0	6	0	1	0	0	0	13	15	29	20	49	6
ASV_716	0	0	0	0	0	0	13	7	0	0	0	107	0	0	0	6	0	0
ASV_532	0	0	0	0	0	0	12	12	16	0	0	21	2	2	2	2	3	3
ASV_624	0	0	0	0	0	0	1	27	3	20	2	9	2	11	7	10	1	3
ASV_931	0	0	0	0	0	0	3	0	0	0	0	0	31	0	0	0	97	0
ASV_740	0	1	0	0	1	1	1	0	0	0	0	10	1	12	6	71	14	0
ASV_497	0	39	0	0	0	0	0	0	0	0	0	0	0	0	0	0	0	0
ASV_416	0	0	0	0	0	0	13	0	4	30	0	39	0	2	2	10	2	1
ASV_509	0	0	0	0	0	0	21	58	0	0	0	10	0	0	0	2	0	1
ASV_498	0	35	0	0	0	0	0	0	0	0	0	0	0	0	0	0	0	0
ASV_381	0	38	0	0	0	1	0	0	0	0	0	0	0	0	0	0	0	0
ASV_450	0	0	0	7	1	19	0	0	0	0	0	0	0	0	0	0	0	0
ASV_714	0	0	0	0	0	0	27	10	0	7	7	32	0	5	3	5	0	5
ASV_693	0	42	0	0	0	0	0	0	0	0	0	0	0	0	0	0	0	0
ASV_791	0	0	0	0	0	0	1	1	2	0	0	12	53	0	0	19	20	3
ASV_1092	0	0	0	0	0	0	1	10	0	1	6	13	2	2	3	16	1	31
ASV_1391	0	0	182	0	0	0	0	0	0	0	0	0	0	0	0	0	0	0
ASV_510	0	0	0	0	0	0	1	0	0	0	1	0	0	0	133	0	0	0
ASV_554	0	0	0	0	0	0	1	43	0	0	3	0	26	0	14	0	0	3
ASV_724	1	1	40	14	0	0	0	0	0	0	0	0	0	0	0	0	0	0
ASV_715	0	0	0	0	0	0	6	1	0	2	0	0	35	33	12	0	24	11
ASV_1093	0	0	0	0	0	0	21	15	0	35	0	1	6	0	0	0	0	3
ASV_486	0	0	0	0	0	0	1	5	4	55	0	0	5	13	0	0	0	3
ASV_850	0	0	0	0	0	0	5	0	1	10	3	15	9	25	11	33	7	13
ASV_969	0	0	0	0	0	0	0	1	0	0	1	7	6	0	4	10	5	87
ASV_452	0	0	0	0	0	0	1	1	16	1	0	3	8	19	0	8	9	2
ASV_757	0	0	0	0	0	0	7	7	0	30	0	13	2	11	0	14	3	7
ASV_329	0	0	0	0	0	0	2	0	19	0	0	3	11	6	0	4	1	0
ASV_480	9	28	22	0	0	0	0	0	0	0	0	0	0	0	0	0	0	0
ASV_531	0	0	0	0	0	0	14	1	7	1	0	31	2	0	2	8	0	10
ASV_649	0	0	0	0	0	0	35	0	0	0	3	8	0	0	1	0	0	45
ASV_475	4	4	2	16	4	0	0	0	0	0	0	0	0	0	0	0	0	0
ASV_902	0	0	0	0	0	0	1	30	1	0	1	20	10	0	6	32	6	9
ASV_1096	0	0	0	0	0	0	0	0	0	0	68	0	0	0	51	0	0	0
ASV_435	0	0	0	0	0	0	0	80	0	0	0	0	0	0	0	1	0	0
ASV_719	0	0	0	0	0	0	2	0	1	0	0	1	88	0	0	4	10	6
ASV_1141	0	2	1	19	6	0	0	0	0	0	0	0	0	0	0	0	0	0
ASV_636	0	0	0	0	0	0	13	40	0	0	4	0	0	0	5	0	1	33
ASV_749	0	0	0	0	0	0	0	0	0	0	31	0	0	0	90	0	0	0
ASV_1307	0	0	0	0	0	0	1	0	0	1	0	18	4	1	0	108	3	7
ASV_434	0	0	0	0	0	0	60	0	0	0	0	0	0	0	0	0	0	28
ASV_1004	0	0	0	0	0	0	5	7	17	5	0	0	10	2	3	1	0	22
ASV_296	3	1	0	0	18	0	0	0	0	0	0	0	0	0	0	0	0	0
ASV_518	9	5	62	0	3	0	0	0	0	0	0	0	0	0	0	0	0	0
ASV_635	0	0	0	0	0	0	6	17	0	0	53	0	0	0	10	0	0	7
ASV_770	0	0	0	0	0	0	3	2	0	0	0	8	0	86	5	13	2	17
ASV_602	0	0	0	0	0	0	5	30	0	6	0	1	1	11	0	1	16	24
ASV_677	0	0	0	0	0	0	5	11	0	34	11	11	0	10	1	2	0	9
ASV_699	0	0	0	0	0	0	5	10	1	0	0	0	4	0	0	0	0	75
ASV_811	0	0	0	0	0	0	1	9	10	1	0	0	25	13	2	3	2	10
ASV_639	0	0	0	0	0	0	0	0	0	0	120	0	0	0	7	0	0	0
ASV_651	0	0	0	0	0	0	2	0	0	0	36	42	3	0	17	14	0	0
ASV_708	10	11	3	4	1	3	0	0	0	0	0	0	0	0	0	0	0	0
ASV_591	2	3	40	9	9	0	0	0	0	0	0	0	0	0	0	0	0	0
ASV_742	1	0	0	2	0	1	1	0	0	5	0	0	20	9	38	3	21	9
ASV_878	0	0	0	0	0	0	27	11	0	0	8	0	0	0	15	0	0	39
ASV_566	0	0	0	0	0	0	46	23	0	0	0	0	0	0	0	0	0	0
ASV_1240	0	0	0	0	0	0	1	1	1	0	10	16	5	21	9	14	0	17
ASV_455	0	0	0	0	0	0	2	1	0	70	0	0	0	12	0	0	0	1
ASV_1024	3	0	0	0	17	0	0	0	0	0	0	0	0	0	0	0	0	0
ASV_763	0	0	0	0	0	0	0	0	13	0	0	12	21	0	0	17	4	8
ASV_637	0	0	0	0	0	0	0	18	0	33	0	0	2	30	2	0	0	3
ASV_417	0	9	3	0	18	0	0	0	0	0	0	0	0	0	0	0	0	0
ASV_538	0	0	0	8	8	0	0	0	0	0	0	0	0	0	0	0	0	0
ASV_608	14	13	12	0	0	3	0	0	0	0	0	0	0	0	0	0	0	0
ASV_623	0	0	0	0	0	0	6	0	0	59	1	1	0	19	0	0	0	0
ASV_547	27	0	0	3	0	1	0	0	0	0	0	0	0	0	0	0	0	0
ASV_541	0	0	0	0	0	0	40	7	1	0	0	20	1	0	5	12	1	0
ASV_571	0	5	2	0	0	16	0	0	0	0	0	0	0	0	0	0	0	0
ASV_586	0	0	0	0	0	0	15	1	0	26	0	0	0	60	0	0	0	12
ASV_689	0	0	0	0	0	0	0	0	0	0	0	80	0	1	0	51	0	0
ASV_687	0	0	0	0	0	0	0	0	4	0	0	9	48	4	0	7	5	2
ASV_709	0	18	45	0	1	0	0	0	0	0	0	0	0	0	0	0	0	0
ASV_713	0	0	0	0	0	0	40	10	0	1	11	0	1	4	2	5	1	3
ASV_814	0	0	0	0	0	0	0	0	0	0	0	0	0	0	0	0	0	108
ASV_974	0	0	0	0	0	0	1	37	0	0	0	16	2	0	7	11	0	13
ASV_750	0	0	0	0	0	0	0	0	0	0	0	94	0	0	13	10	0	0
ASV_505	0	1	0	0	18	1	0	0	0	0	0	0	0	0	0	0	0	0
ASV_592	0	20	1	4	4	1	0	0	0	0	0	0	0	0	0	0	0	0
ASV_826	0	0	0	0	0	0	0	0	0	21	0	22	0	54	0	5	0	2
ASV_605	0	1	42	7	1	7	0	0	0	0	0	0	0	0	0	0	0	0
ASV_1163	0	0	0	0	1	1	9	1	10	0	0	7	23	2	8	22	3	2
ASV_807	0	0	0	0	0	0	1	23	0	3	0	0	16	2	0	0	3	26
ASV_647	0	0	0	0	0	0	2	0	7	22	2	6	10	20	6	6	0	1
ASV_683	20	0	14	1	0	0	0	0	0	0	0	0	0	0	0	0	0	0
ASV_744	0	0	0	0	0	0	42	4	0	0	6	0	0	0	6	0	0	17
ASV_411	0	1	1	0	6	16	0	0	0	0	0	0	0	0	0	0	0	0
ASV_781	0	1	1	16	0	0	0	0	0	0	0	0	0	0	0	0	0	0
ASV_1161	0	0	0	0	0	0	0	18	0	0	28	0	3	0	75	0	0	2
ASV_698	0	0	0	0	0	0	9	4	0	47	7	0	0	12	2	1	0	2
ASV_745	0	0	0	0	0	0	0	3	0	0	49	0	0	0	47	0	0	7
ASV_458	0	0	0	11	2	1	0	0	0	0	0	0	0	0	0	0	0	0
ASV_764	0	0	0	0	0	0	2	6	10	0	0	1	12	0	11	9	39	3
ASV_797	3	25	2	1	0	0	0	2	0	0	0	0	0	0	0	0	0	0
ASV_453	37	0	0	0	0	0	0	0	0	0	0	0	0	0	0	0	0	0
ASV_386	0	0	0	19	0	0	0	0	0	0	0	0	0	0	0	0	0	0
ASV_1353	0	0	0	0	0	2	14	4	1	18	0	1	5	9	2	6	1	12
ASV_697	0	0	0	0	0	0	8	0	0	35	0	49	1	0	0	7	1	0
ASV_851	0	0	0	0	0	0	6	44	4	0	1	2	0	0	0	2	36	2
ASV_523	0	0	0	0	0	0	0	10	0	9	6	12	4	13	8	7	0	20
ASV_1008	0	0	0	0	0	0	3	0	0	0	0	16	5	0	19	45	9	15
ASV_427	0	0	0	0	5	10	0	0	0	0	0	0	0	0	0	0	0	0
ASV_654	0	0	0	0	0	0	12	0	16	0	0	0	16	0	0	0	0	7
ASV_975	0	0	0	0	0	0	0	9	0	0	0	43	1	3	2	38	0	6
ASV_1418	0	0	0	0	0	0	1	0	0	0	22	8	0	1	52	13	4	12
ASV_474	1	4	2	0	16	0	0	0	0	0	0	0	0	0	0	0	0	0
ASV_431	0	0	2	0	4	14	0	0	0	0	0	0	0	0	0	0	0	0
ASV_446	0	0	0	0	0	0	49	14	0	0	0	0	0	0	0	0	0	0
ASV_575	0	0	0	0	0	0	8	1	2	15	0	9	2	13	0	9	9	17
ASV_692	0	0	0	0	0	0	17	0	1	0	0	1	2	0	0	11	67	6
ASV_727	0	31	0	0	0	0	0	0	0	0	0	0	0	0	0	0	0	0
ASV_1034	0	0	0	0	0	0	1	7	3	2	0	14	11	7	0	17	3	2
ASV_701	0	0	0	0	0	0	0	70	0	0	0	0	0	0	0	0	0	0
ASV_769	0	0	0	0	0	0	37	0	0	0	0	26	0	0	0	15	0	0
ASV_995	0	0	0	0	0	0	0	14	12	20	0	3	3	3	2	2	0	10
ASV_1097	0	0	0	0	0	0	0	0	0	0	0	86	0	0	0	16	0	0
ASV_389	9	0	5	0	9	1	0	0	0	0	0	0	0	0	0	0	0	0
ASV_513	0	0	0	0	0	0	48	12	0	0	0	0	0	0	0	0	0	0
ASV_612	0	0	0	0	0	0	48	18	0	0	0	0	0	0	0	0	0	0
ASV_1337	0	0	0	0	0	1	12	0	0	3	0	9	0	9	0	47	14	19
ASV_1235	0	2	0	15	5	4	0	0	0	0	0	0	0	0	0	0	0	0
ASV_1001	0	0	0	0	0	0	1	0	0	0	0	0	15	0	0	0	103	0
ASV_328	0	0	0	0	0	13	0	0	0	0	0	0	0	0	0	0	0	0
ASV_552	9	0	1	2	1	11	0	0	0	0	0	0	0	0	0	0	0	0
ASV_617	0	0	0	0	0	0	3	10	0	0	0	9	3	0	28	40	1	3
ASV_782	0	0	0	2	1	0	0	0	0	0	2	0	3	8	62	17	15	0
ASV_599	0	0	0	0	0	0	0	13	7	0	0	0	38	0	0	0	0	0
ASV_1352	0	0	0	0	0	0	28	35	0	0	0	0	0	0	0	0	1	10
ASV_527	0	29	8	0	5	0	0	0	0	0	0	0	0	0	0	0	0	0
ASV_886	0	0	0	0	0	0	0	24	0	0	38	0	9	0	24	0	0	0
ASV_970	0	0	0	0	0	0	32	13	0	0	4	0	0	0	1	0	0	27
ASV_994	0	0	0	0	0	3	0	0	1	1	0	0	14	0	0	5	70	1
ASV_664	0	0	0	0	0	0	1	3	0	22	1	3	7	24	2	19	0	3
ASV_735	0	0	0	0	0	0	0	61	0	0	0	0	0	0	0	0	3	9
ASV_804	0	0	0	0	0	0	0	0	0	0	0	0	0	0	0	0	115	0
ASV_1261	0	0	0	0	0	0	0	0	0	0	0	0	0	0	12	2	94	2
ASV_1292	0	0	0	0	0	0	8	0	0	0	0	0	5	0	0	0	0	71
ASV_795	28	1	0	0	0	2	0	0	0	0	0	0	0	0	0	0	0	0
ASV_952	0	0	0	0	0	0	1	0	0	0	0	67	0	0	0	14	16	7
ASV_502	0	0	0	0	0	0	1	17	4	34	0	0	2	4	3	7	0	3
ASV_906	0	0	0	0	0	0	1	1	15	0	4	1	17	0	6	3	1	0
ASV_1301	0	0	0	0	0	0	4	22	0	0	0	8	1	0	12	17	1	22
ASV_525	16	4	33	1	0	0	0	0	0	0	0	0	0	0	0	0	0	0
ASV_914	0	32	33	0	0	0	0	0	0	0	0	0	0	0	0	0	0	0
ASV_916	0	2	13	4	8	2	0	0	0	0	0	0	0	0	0	0	0	0
ASV_484	0	0	0	0	0	0	62	1	0	0	0	0	0	0	0	0	0	0
ASV_459	7	1	0	0	21	0	0	0	0	0	0	0	0	0	0	0	0	0
ASV_751	8	5	55	0	1	0	0	0	0	0	0	0	0	0	0	0	0	0
ASV_772	0	0	0	0	0	0	0	34	4	0	0	0	5	0	3	0	0	2
ASV_1190	0	0	0	0	0	0	22	23	0	0	0	10	4	0	5	15	0	2
ASV_1196	0	0	0	0	0	0	4	0	0	20	0	2	0	32	0	27	5	0
ASV_516	0	0	0	0	0	0	0	0	0	70	0	0	0	1	0	0	0	0
ASV_581	4	1	8	13	0	4	0	0	0	0	0	0	0	0	0	0	0	0
ASV_464	0	0	0	0	0	0	0	0	0	61	0	0	0	6	0	0	0	0
ASV_640	9	1	1	8	0	0	0	0	0	0	0	0	0	0	0	0	0	0
ASV_663	0	1	0	13	0	0	0	0	0	0	0	0	0	0	0	0	0	0
ASV_671	22	2	50	0	0	0	0	0	0	0	0	0	0	0	0	0	0	0
ASV_696	0	0	0	0	0	0	42	12	0	1	5	6	0	1	1	0	0	2
ASV_614	0	0	0	0	0	0	8	8	0	18	11	0	0	1	1	0	0	0
ASV_903	0	0	0	0	0	0	0	24	0	15	9	1	0	10	12	0	0	0
ASV_1246	0	0	0	0	0	0	3	2	0	0	1	19	2	0	1	14	0	55
ASV_1500	0	0	0	0	0	0	9	4	0	0	16	0	0	0	27	0	4	19
ASV_869	0	0	0	0	0	0	14	17	6	0	0	2	6	0	7	2	0	2
ASV_573	0	0	8	11	0	4	0	0	0	0	0	0	0	0	0	0	0	0
ASV_489	2	5	0	0	0	12	0	0	0	0	0	0	0	0	0	0	0	0
ASV_572	0	0	3	0	0	18	0	0	0	0	0	0	0	0	0	0	0	0
ASV_736	0	0	0	0	0	0	0	0	17	0	0	0	20	0	0	0	0	0
ASV_704	3	11	1	1	6	0	0	1	0	0	0	0	0	0	0	0	0	0
ASV_1229	1	1	0	2	1	4	4	0	0	0	0	0	0	0	15	2	35	1
ASV_567	0	0	0	0	0	0	3	0	2	47	2	1	4	20	0	0	0	1
ASV_859	0	0	0	0	0	0	13	0	0	37	9	20	0	1	4	0	0	0
ASV_711	3	22	0	0	2	0	0	0	0	0	0	0	0	0	0	0	0	0
ASV_884	0	0	0	0	0	0	8	2	3	5	1	15	12	8	0	4	8	6
ASV_490	7	0	50	0	4	0	0	0	0	0	0	0	0	0	0	0	0	0
ASV_582	26	0	0	4	0	1	0	0	0	0	0	0	0	0	0	0	0	0
ASV_1498	0	0	0	0	0	0	8	20	0	0	0	0	10	0	0	0	1	30
ASV_579	0	0	0	5	0	0	0	0	0	0	2	0	0	0	59	0	1	0
ASV_725	0	22	41	0	0	0	0	0	0	0	0	0	0	0	0	0	0	0
ASV_741	0	1	35	1	18	0	0	0	0	0	0	0	0	0	0	0	0	0
ASV_790	0	0	0	0	0	0	4	0	14	0	0	1	6	0	0	0	0	0
ASV_1348	0	0	0	0	0	0	25	12	0	0	0	1	4	0	0	29	3	8
ASV_895	0	0	0	0	0	0	7	0	1	0	0	1	5	5	3	32	22	3
ASV_506	0	0	0	0	0	0	18	27	0	0	0	0	0	0	0	0	0	24
ASV_747	0	0	0	0	0	0	3	29	0	1	0	0	7	3	1	0	1	17
ASV_488	22	0	0	0	0	0	0	0	0	0	0	0	0	0	0	0	0	0
ASV_1139	0	35	0	0	0	0	0	0	0	0	0	0	0	0	0	0	0	0
ASV_932	0	0	0	0	0	0	0	0	0	0	0	0	0	0	0	5	100	0
ASV_533	0	0	0	0	0	0	53	0	0	0	0	0	1	0	0	0	4	0
ASV_684	0	0	0	0	0	0	20	18	5	0	0	1	1	0	7	1	3	2
ASV_808	0	0	0	0	0	0	7	2	4	32	0	1	8	13	0	4	3	0
ASV_729	0	0	0	0	0	20	0	0	0	0	0	0	0	0	0	0	0	0
ASV_999	0	0	0	0	0	0	5	9	2	2	0	4	5	0	7	13	3	20
ASV_560	0	0	0	0	0	0	45	8	0	0	0	0	0	0	0	0	0	0
ASV_585	0	0	0	0	0	23	0	0	0	0	0	0	0	0	0	0	0	0
ASV_600	0	0	0	0	0	0	27	27	0	0	0	0	0	0	0	0	3	14
ASV_629	0	10	0	0	4	4	0	0	0	0	0	0	0	0	0	0	0	0
ASV_1251	0	0	0	0	0	0	19	13	0	0	14	0	0	0	21	0	0	19
ASV_477	0	0	0	0	0	0	0	0	22	0	1	0	3	0	0	0	0	0
ASV_577	0	0	0	0	0	0	0	0	19	0	0	0	11	0	0	0	0	0
ASV_1065	0	0	0	0	0	0	2	13	0	0	0	50	0	0	0	10	0	3
ASV_1106	1	0	0	0	0	2	7	0	0	0	0	13	2	0	0	28	25	0
ASV_650	0	0	0	0	0	0	16	6	0	0	8	23	0	0	7	8	0	9
ASV_813	0	0	0	0	0	0	0	24	0	0	38	0	0	0	9	0	0	0
ASV_1143	0	0	0	0	0	0	33	17	0	0	0	0	0	0	1	0	0	16
ASV_694	0	12	11	6	0	0	0	0	0	0	0	0	0	0	0	0	0	0
ASV_800	0	17	16	0	0	0	0	0	0	0	0	0	0	0	0	0	0	0
ASV_825	0	0	0	0	0	0	3	26	2	0	0	1	5	6	0	1	4	1
ASV_471	0	0	0	0	0	0	60	0	0	0	0	0	0	0	0	0	0	0
ASV_820	0	0	0	11	0	0	0	0	0	0	0	0	0	0	0	0	0	0
ASV_943	0	0	0	0	0	0	2	0	0	1	0	0	19	11	19	9	26	0
ASV_786	0	0	0	0	0	0	21	11	0	0	5	0	8	0	12	0	0	19
ASV_793	15	8	0	2	0	0	0	0	0	0	0	0	0	0	0	0	0	0
ASV_821	0	2	0	0	18	0	0	0	0	0	0	0	0	0	0	0	0	0
ASV_913	0	5	1	0	0	12	0	0	0	0	0	0	0	0	0	0	0	0
ASV_1295	0	0	0	0	0	0	4	0	0	1	0	0	0	75	0	4	8	1
ASV_422	15	8	0	0	0	0	0	0	0	0	0	0	0	0	0	0	0	0
ASV_545	0	0	0	0	0	0	25	3	2	14	0	4	0	2	0	0	0	5
ASV_546	0	0	0	0	0	0	0	0	12	0	0	0	11	0	0	1	0	0
ASV_992	1	1	0	4	0	8	0	0	0	0	0	0	0	0	0	0	0	0
ASV_954	0	0	0	0	0	0	14	18	0	0	15	2	5	0	18	3	0	10
ASV_609	21	8	5	0	0	0	0	0	0	0	0	0	0	0	0	0	0	0
ASV_628	1	1	0	18	0	0	0	0	0	0	0	0	0	0	0	0	0	0
ASV_672	0	31	2	0	0	0	0	0	0	0	0	0	0	0	0	0	0	0
ASV_695	0	0	0	0	0	0	18	21	3	0	0	3	1	0	0	0	4	2
ASV_517	12	0	1	5	0	0	0	0	0	0	0	0	0	0	0	0	0	0
ASV_548	0	0	0	3	0	12	0	0	0	0	0	0	0	0	0	0	0	0
ASV_828	0	0	0	0	0	0	0	0	0	0	65	2	0	0	26	0	0	0
ASV_678	0	0	0	0	0	0	26	3	0	0	0	7	0	0	0	25	3	1
ASV_1028	0	0	0	0	0	0	1	0	3	1	2	6	0	6	1	26	8	30
ASV_519	20	1	0	0	0	0	0	0	0	0	0	0	0	0	0	0	0	0
ASV_544	0	0	0	0	0	0	50	0	0	0	0	0	0	0	0	0	1	0
ASV_988	0	2	15	0	6	7	0	0	0	0	0	0	0	0	0	0	0	0
ASV_1021	0	0	45	0	0	7	0	0	0	0	0	0	0	0	0	0	0	0
ASV_676	0	0	0	1	0	0	0	0	0	0	0	0	0	0	67	0	0	0
ASV_491	0	1	0	0	0	25	0	0	0	0	0	0	0	0	0	0	0	0
ASV_534	0	0	0	0	0	0	1	1	2	50	0	0	2	3	0	0	0	0
ASV_1150	0	0	0	0	0	0	7	12	7	0	0	0	6	0	8	0	0	17
ASV_553	5	0	0	17	0	0	0	0	0	0	0	0	0	0	0	0	0	0
ASV_730	0	0	0	0	0	0	10	8	0	22	0	5	5	2	0	1	0	0
ASV_842	21	2	2	0	3	0	0	0	0	0	0	0	0	0	0	0	0	0
ASV_556	0	1	1	0	0	25	0	0	0	0	0	0	0	0	0	0	0	0
ASV_809	0	0	0	0	0	0	0	10	9	0	0	0	15	0	0	0	1	1
ASV_822	0	0	0	0	0	0	7	5	1	0	10	0	21	0	34	0	2	5
ASV_1031	0	0	0	0	0	0	0	0	0	0	1	0	17	0	50	1	4	2
ASV_679	0	0	0	0	0	0	11	0	0	2	0	57	0	6	0	16	0	0
ASV_888	0	0	0	0	0	0	0	0	0	0	0	0	0	0	1	0	106	0
ASV_551	0	0	0	0	0	0	0	0	24	0	0	0	0	0	0	0	0	0
ASV_574	0	0	0	0	0	0	23	0	0	0	0	17	0	0	5	3	4	3
ASV_827	0	0	0	0	0	0	1	0	0	43	0	2	0	5	0	20	0	10
ASV_1090	0	0	0	0	0	1	0	0	0	0	0	3	7	13	9	35	6	0
ASV_948	0	0	0	0	0	0	5	11	1	0	0	8	3	0	0	38	10	8
ASV_588	0	0	0	0	0	0	0	2	19	0	0	1	1	0	0	1	0	0
ASV_858	0	0	0	0	0	0	1	0	23	0	0	4	1	0	0	0	1	0
ASV_928	0	0	0	0	0	0	4	11	0	18	0	3	3	8	14	2	1	2
ASV_1117	0	0	0	0	0	0	47	3	0	0	0	0	0	0	0	0	0	5
ASV_1007	0	0	0	0	0	0	0	0	0	0	12	9	0	0	38	8	1	13
ASV_503	0	0	0	0	0	0	0	0	21	0	0	0	0	0	0	0	0	0
ASV_1135	2	0	0	0	0	0	4	0	0	14	0	0	0	23	0	6	40	0
ASV_454	0	0	0	0	15	0	0	0	0	0	0	0	0	0	0	0	0	0
ASV_706	6	3	13	0	6	0	0	0	0	0	0	0	0	0	0	0	0	0
ASV_876	0	0	0	0	0	0	0	0	0	1	0	0	24	8	16	0	30	4
ASV_1060	0	0	0	0	0	0	0	0	0	1	0	0	21	27	5	0	11	7
ASV_1360	0	0	0	0	0	0	0	42	0	3	0	1	6	2	0	2	1	2
ASV_550	0	0	0	0	0	0	0	12	12	0	0	0	12	0	2	0	0	0
ASV_787	0	0	0	0	0	0	14	1	0	26	3	7	1	6	0	0	2	5
ASV_1452	0	0	0	0	0	0	4	0	0	0	0	0	0	3	0	0	73	13
ASV_1509	0	0	0	0	0	0	2	7	0	0	17	0	7	0	30	0	0	1
ASV_562	0	0	0	0	0	0	1	31	0	0	0	3	3	0	0	1	0	0
ASV_1148	0	0	0	0	0	0	2	9	1	22	21	13	0	10	1	1	0	2
ASV_631	0	0	0	0	16	0	0	0	0	0	0	0	0	0	0	0	0	0
ASV_662	0	1	1	8	0	0	0	0	0	0	0	0	0	0	0	0	0	0
ASV_521	0	1	0	0	0	17	0	0	0	0	0	0	0	0	0	0	0	0
ASV_866	8	2	5	8	2	0	0	0	0	0	0	0	0	0	0	0	0	0
ASV_900	0	0	0	0	0	0	38	0	0	0	23	0	0	0	1	0	0	0
ASV_1113	0	0	0	0	0	0	0	2	1	0	0	2	7	0	14	3	1	44
ASV_448	5	0	0	0	12	0	0	0	0	0	0	0	0	0	0	0	0	0
ASV_686	0	0	0	0	0	0	0	37	0	0	0	0	0	0	0	0	0	0
ASV_924	0	0	0	0	0	0	4	0	0	0	0	0	5	4	15	9	34	2
ASV_1212	0	0	0	0	0	0	0	0	17	1	0	0	5	2	13	1	0	0
ASV_960	0	1	1	0	2	11	0	0	0	0	0	0	0	0	0	0	0	0
ASV_615	0	0	0	0	0	0	9	19	2	1	1	0	2	0	0	0	0	1
ASV_717	0	0	0	0	0	0	0	33	0	0	0	0	0	0	0	0	0	17
ASV_1005	0	0	0	0	0	0	0	5	5	5	17	0	2	22	8	0	0	0
ASV_641	7	2	0	0	0	8	0	0	0	0	0	0	0	0	0	0	0	0
ASV_824	0	0	0	0	0	0	5	16	0	1	0	32	0	3	0	3	0	0
ASV_645	0	20	11	0	0	0	0	0	0	0	0	0	0	0	0	0	0	0
ASV_1294	0	0	0	0	0	0	9	0	1	0	0	4	1	0	0	26	34	8
ASV_246	0	0	0	15	0	0	0	0	0	0	0	0	0	0	0	0	0	0
ASV_512	5	9	5	0	3	5	0	0	0	0	0	0	0	0	0	0	0	0
ASV_1035	0	0	0	0	0	0	0	22	0	0	0	34	0	0	0	7	0	0
ASV_526	15	10	0	0	0	0	0	0	0	0	0	0	0	0	0	0	0	0
ASV_737	0	0	0	0	0	0	0	0	7	4	0	0	16	19	1	0	3	9
ASV_766	0	20	0	0	0	0	0	0	0	0	0	0	0	0	0	0	0	0
ASV_1036	0	0	0	0	0	0	2	7	0	0	54	0	0	0	6	0	0	0
ASV_1168	0	0	0	0	0	0	5	0	0	0	0	15	1	0	0	56	4	2
ASV_583	0	0	0	13	0	0	0	0	0	0	0	0	0	0	18	0	0	0
ASV_665	0	0	0	0	0	0	9	5	0	0	1	0	0	0	9	10	1	24
ASV_776	6	5	0	2	4	1	0	0	0	0	0	0	0	0	0	0	0	0
ASV_702	0	0	0	0	0	0	0	0	19	0	0	3	5	0	0	0	0	0
ASV_841	13	10	20	0	0	0	0	0	0	0	0	0	0	0	0	0	0	0
ASV_1019	0	2	0	0	0	16	0	0	0	0	0	0	0	0	0	0	0	0
ASV_1074	0	0	0	0	0	0	0	0	0	0	0	0	0	0	0	0	73	3
ASV_595	0	2	0	0	0	11	0	0	0	0	0	0	0	0	0	0	0	0
ASV_565	0	1	2	0	5	5	0	0	0	0	0	0	0	0	0	0	0	0
ASV_569	0	0	0	0	0	0	28	0	0	4	0	0	0	17	0	0	0	0
ASV_675	0	0	2	27	0	0	0	0	0	0	0	0	0	0	0	0	0	0
ASV_756	0	1	1	10	2	0	0	0	0	0	0	0	0	0	0	0	0	0
ASV_925	0	0	1	0	0	0	7	0	0	0	0	8	6	2	11	29	10	0
ASV_892	1	3	14	5	0	2	0	0	0	0	0	0	0	0	0	0	0	0
ASV_982	6	4	9	3	3	9	0	0	0	0	0	0	0	0	0	0	0	0
ASV_621	0	1	0	0	0	12	0	0	0	0	0	0	0	0	0	0	0	0
ASV_627	26	0	0	0	0	0	0	0	0	0	0	0	0	0	0	0	0	0
ASV_644	0	0	0	0	0	0	0	1	27	0	0	0	5	0	0	0	0	1
ASV_710	0	0	1	0	0	16	0	0	0	0	0	0	0	0	0	0	0	0
ASV_882	0	0	0	0	0	0	3	7	0	24	0	2	0	7	1	1	0	3
ASV_564	0	0	0	0	0	0	0	0	12	0	0	0	2	0	0	0	0	0
ASV_658	14	0	5	0	0	5	0	0	0	0	0	0	0	0	0	0	0	0
ASV_670	0	0	0	0	0	0	0	0	15	0	0	0	4	0	0	0	0	0
ASV_979	0	0	0	0	0	0	0	0	0	0	0	0	0	0	0	0	83	0
ASV_998	0	0	0	0	0	0	13	12	1	0	11	0	2	0	7	5	0	0
ASV_816	12	0	2	8	0	0	0	0	0	0	0	0	0	0	0	0	0	0
ASV_1506	0	0	0	0	0	0	1	29	0	0	0	1	5	0	0	9	0	7
ASV_880	0	0	0	0	0	0	9	0	1	1	0	0	0	0	9	25	7	0
ASV_904	0	0	0	0	0	0	0	4	1	0	0	0	28	0	0	0	41	4
ASV_839	0	0	0	0	0	0	0	7	3	0	0	0	14	0	18	0	7	11
ASV_875	0	0	0	0	0	0	5	2	8	3	0	8	2	2	0	4	13	2
ASV_997	0	0	0	0	0	0	4	3	1	7	0	1	3	16	20	16	1	0
ASV_1057	0	0	0	0	0	0	14	1	0	7	0	25	0	1	0	0	5	7
ASV_1116	0	0	0	0	0	0	7	0	2	0	0	1	28	0	0	12	0	8
ASV_1121	0	0	0	0	0	0	3	10	0	1	0	6	4	0	2	9	0	13
ASV_594	0	27	5	0	1	0	0	0	0	0	0	0	0	0	0	0	0	0
ASV_1025	0	0	0	0	0	0	3	30	0	0	0	15	1	0	0	9	1	6
ASV_1287	0	0	0	0	0	0	5	5	0	10	0	11	4	16	0	4	0	0
ASV_680	0	0	0	0	0	0	0	36	1	0	0	1	0	0	0	0	1	1
ASV_893	1	2	10	1	3	1	0	0	0	0	0	0	0	0	0	0	0	0
ASV_1164	0	0	0	0	0	0	0	0	0	0	0	8	18	0	0	39	6	4
ASV_613	0	0	0	0	0	0	32	0	0	13	0	0	0	4	0	0	6	0
ASV_833	0	1	0	0	0	13	0	0	0	0	0	0	0	0	0	0	0	0
ASV_838	0	0	0	0	0	0	12	0	0	0	0	3	0	0	0	0	66	0
ASV_865	28	0	0	0	0	0	0	0	0	0	0	0	0	0	0	0	0	0
ASV_1124	5	1	1	0	1	5	0	0	0	0	0	0	0	0	0	0	0	0
ASV_1331	0	6	67	0	0	0	0	0	0	0	0	0	0	0	0	0	0	0
ASV_669	0	0	0	0	0	0	2	5	1	0	4	0	18	0	3	0	0	12
ASV_835	0	0	0	0	0	0	1	0	2	32	0	0	1	7	2	1	1	3
ASV_1083	0	7	76	0	0	0	0	0	0	0	0	0	0	0	0	0	0	0
ASV_1160	0	0	0	0	0	0	12	27	1	0	0	0	1	0	0	5	1	7
ASV_1191	0	0	0	0	0	0	1	1	4	6	0	0	16	22	2	0	0	1
ASV_732	0	0	0	0	0	0	2	0	0	0	0	1	4	1	0	71	0	0
ASV_857	0	0	0	0	0	0	1	0	9	0	0	1	8	1	0	2	0	1
ASV_899	0	0	0	0	0	0	30	4	0	0	1	0	0	0	0	0	0	7
ASV_1037	0	0	0	0	0	0	1	1	4	0	0	21	3	0	0	9	0	0
ASV_844	4	0	0	0	0	0	3	0	0	1	0	0	6	0	4	0	39	12
ASV_930	0	0	0	0	0	0	0	0	1	0	0	0	49	0	0	1	0	0
ASV_1145	0	0	0	0	0	0	9	4	0	0	0	5	0	0	20	10	14	0
ASV_1521	0	0	0	0	0	0	0	0	0	1	0	0	17	6	8	1	22	21
ASV_796	5	0	9	2	0	4	0	0	0	0	0	0	0	0	0	0	0	0
ASV_1446	0	0	0	0	0	0	0	0	0	0	1	0	0	1	64	1	3	5
ASV_625	0	0	0	0	0	0	1	19	2	0	0	0	8	0	0	0	1	8
ASV_504	4	0	0	13	0	0	0	0	0	0	0	0	0	0	0	0	0	0
ASV_834	0	0	0	0	0	0	31	0	0	0	0	0	0	0	0	0	0	6
ASV_973	0	1	0	0	0	0	0	2	2	0	0	0	23	0	6	1	1	11
ASV_619	22	0	0	0	0	0	0	0	0	0	0	0	0	0	0	0	0	0
ASV_831	2	4	0	0	7	7	0	0	0	0	0	0	0	0	0	0	0	0
ASV_604	19	2	2	0	0	0	0	0	0	0	0	0	0	0	0	0	0	0
ASV_734	0	0	0	0	0	0	0	21	2	0	0	8	3	0	10	1	2	4
ASV_934	12	1	14	0	1	0	0	0	0	0	0	0	0	0	0	0	0	0
ASV_1297	0	0	0	0	0	0	25	4	0	0	0	6	0	0	2	2	1	9
ASV_1340	0	0	0	0	0	0	18	6	0	0	0	0	0	0	0	0	0	22
ASV_690	0	23	2	0	0	0	0	0	0	0	0	0	0	0	0	0	0	0
ASV_765	7	3	0	11	1	1	0	0	0	0	0	0	0	0	0	0	0	0
ASV_777	0	21	0	0	0	0	0	0	0	0	0	0	0	0	0	0	0	0
ASV_922	0	0	0	0	0	0	6	0	0	0	3	0	21	0	33	0	0	0
ASV_1490	0	0	0	0	0	0	22	12	0	0	1	0	0	0	4	0	0	11
ASV_543	0	0	0	0	0	0	4	1	3	0	0	1	1	0	3	1	12	3
ASV_722	2	19	0	1	0	1	0	0	0	0	0	0	0	0	0	0	0	0
ASV_905	0	0	0	0	0	0	0	1	3	1	0	16	8	0	0	8	2	6
ASV_1040	0	0	0	0	0	0	1	0	0	0	0	2	0	3	0	32	4	38
ASV_1233	8	2	14	7	0	2	0	0	0	0	0	0	0	0	0	0	0	0
ASV_578	0	0	0	0	0	0	0	0	17	0	0	0	3	0	0	0	0	6
ASV_738	4	15	2	0	0	0	0	0	0	0	0	0	0	0	0	0	0	0
ASV_799	0	6	0	0	9	0	0	0	0	0	0	0	0	0	0	0	0	0
ASV_1363	0	0	0	0	0	0	0	0	1	0	0	1	28	0	0	15	5	0
ASV_885	0	0	0	0	0	0	0	23	1	2	0	6	5	9	1	7	0	5
ASV_890	0	0	0	0	0	0	0	0	0	0	0	0	0	0	0	0	81	0
ASV_910	18	0	0	0	0	0	0	0	0	0	0	0	0	0	0	0	0	0
ASV_1206	0	0	0	0	0	0	0	41	0	0	0	0	0	0	0	0	0	0
ASV_868	0	18	0	0	0	0	0	0	0	0	0	0	0	0	0	0	0	0
ASV_753	0	8	8	7	0	0	0	0	0	0	0	0	0	0	0	0	0	0
ASV_823	0	0	0	0	0	0	24	5	3	9	0	0	3	1	0	3	6	0
ASV_915	0	23	0	0	0	0	0	0	0	0	0	0	0	0	0	0	0	0
ASV_731	0	0	0	0	0	0	8	0	4	0	0	8	2	0	1	2	14	3
ASV_1039	0	0	0	0	0	0	2	0	0	0	0	56	3	0	0	3	0	0
ASV_1122	0	0	0	0	0	0	0	9	0	19	0	2	0	5	0	3	0	4
ASV_590	1	0	0	0	0	8	0	0	0	0	0	0	0	0	0	0	0	0
ASV_610	0	24	0	0	0	0	0	0	0	0	0	0	0	0	0	0	0	0
ASV_748	0	0	0	0	0	0	28	1	0	0	0	3	0	0	0	3	3	2
ASV_1000	0	0	0	0	0	0	9	13	0	1	0	0	0	0	0	5	0	8
ASV_1010	2	0	1	0	12	0	0	0	0	0	0	0	0	0	0	0	0	0
ASV_1221	0	0	7	9	1	0	0	0	0	0	0	0	0	0	0	0	0	0
ASV_661	0	0	2	0	0	9	0	0	0	0	0	0	0	0	0	0	0	0
ASV_1016	14	0	25	0	0	0	0	0	0	0	0	0	0	0	0	0	0	0
ASV_1091	0	0	0	0	0	0	20	2	0	0	0	0	0	0	0	0	1	9
ASV_1516	0	0	0	0	0	0	3	0	0	29	0	0	0	16	0	5	0	7
ASV_929	0	0	0	0	0	0	2	15	0	1	0	1	3	1	0	0	1	9
ASV_1296	0	0	0	0	0	0	3	4	2	3	4	10	4	18	2	2	2	10
ASV_700	0	0	0	0	0	0	0	35	0	0	0	0	0	0	0	0	0	0
ASV_1052	0	0	0	0	0	0	1	0	0	0	0	0	13	13	13	2	20	3
ASV_1330	0	1	0	4	0	0	0	0	0	0	0	0	0	0	0	0	0	0
ASV_593	0	0	1	0	0	13	0	0	0	0	0	0	0	0	0	0	0	0
ASV_856	0	0	0	0	0	0	1	19	0	10	0	0	0	18	0	0	0	0
ASV_1033	0	0	0	0	0	0	0	1	0	0	0	0	0	0	0	5	0	45
ASV_1042	0	0	0	0	0	0	3	0	0	0	0	0	0	0	1	0	54	7
ASV_1344	0	0	0	0	0	0	26	2	0	0	0	1	2	2	0	12	4	0
ASV_642	0	0	0	0	0	9	0	0	0	0	0	0	0	0	0	0	0	0
ASV_767	0	0	7	8	0	0	0	0	0	0	0	0	0	0	0	0	0	0
ASV_794	2	4	0	0	6	1	0	0	0	0	0	0	0	0	0	0	0	0
ASV_801	0	19	20	0	0	0	0	0	0	0	0	0	0	0	0	0	0	0
ASV_775	1	0	0	0	13	0	0	0	0	0	0	0	0	0	0	0	0	0
ASV_792	1	1	0	0	0	9	0	0	0	0	0	0	0	0	0	0	0	0
ASV_990	1	1	20	0	5	0	0	0	0	0	0	0	0	0	0	0	0	0
ASV_1009	0	0	0	0	0	0	0	0	0	0	0	3	3	1	14	34	4	7
ASV_1018	2	0	34	2	0	0	0	0	0	0	0	0	0	0	0	0	0	0
ASV_656	0	0	0	0	0	0	0	41	0	0	0	0	0	0	0	0	0	1
ASV_972	0	0	0	0	0	0	2	28	2	0	0	0	2	0	2	0	0	11
ASV_1029	0	0	0	0	0	0	29	7	0	0	0	0	0	0	0	0	0	2
ASV_785	0	0	0	0	0	0	32	0	0	0	0	0	0	0	0	0	0	0
ASV_1063	0	0	0	0	0	0	0	11	0	24	0	1	0	3	3	0	0	0
ASV_845	5	0	2	0	6	0	0	0	0	0	0	0	0	0	0	0	0	0
ASV_1067	0	0	0	0	0	0	2	0	4	1	0	11	4	4	0	9	4	11
ASV_798	0	26	0	0	0	0	0	0	0	0	0	0	0	0	0	0	0	0
ASV_854	0	0	0	0	0	0	9	0	2	9	0	10	3	6	1	10	0	4
ASV_951	0	0	0	0	0	0	26	0	0	0	0	0	0	0	0	16	2	0
ASV_1118	0	0	0	0	0	0	5	0	0	12	0	6	1	5	0	12	2	1
ASV_606	0	2	0	0	0	15	0	0	0	0	0	0	0	0	0	0	0	0
ASV_1364	0	0	0	0	0	0	5	0	0	0	0	40	6	0	0	1	13	0
ASV_723	21	0	1	0	0	0	0	0	0	0	0	0	0	0	0	0	0	0
ASV_864	15	0	0	0	0	0	0	0	0	0	0	0	0	0	0	0	0	0
ASV_933	28	0	0	0	0	0	0	0	0	0	0	0	0	0	0	0	0	0
ASV_632	0	0	0	0	0	0	13	19	2	0	0	2	0	0	1	1	0	1
ASV_739	11	2	0	0	0	0	0	0	0	0	0	0	0	0	0	0	0	0
ASV_1041	0	0	0	0	0	0	0	0	0	1	0	2	14	5	0	6	36	1
ASV_1239	0	0	0	0	0	0	2	0	0	0	0	7	4	0	7	15	11	5
ASV_1487	0	0	0	0	0	0	1	4	0	1	3	13	2	8	3	10	0	3
ASV_598	0	0	0	8	0	0	0	0	0	0	0	0	0	0	0	0	0	0
ASV_707	9	1	5	0	3	0	0	0	0	0	0	0	0	0	0	0	0	0
ASV_860	2	0	0	0	1	2	0	0	0	0	0	0	0	0	0	0	0	0
ASV_1038	0	0	0	0	0	0	1	0	0	8	0	11	2	15	0	15	0	0
ASV_1146	0	0	0	0	0	0	21	2	0	0	0	0	0	0	0	0	0	20
ASV_1519	0	0	0	0	0	0	0	0	0	0	1	17	1	0	0	36	3	4
ASV_935	22	0	0	0	0	0	0	0	0	0	0	0	0	0	0	0	0	0
ASV_981	0	6	0	0	10	0	0	0	0	0	0	0	0	0	0	0	0	0
ASV_1064	0	0	0	0	0	0	0	2	0	0	0	0	15	1	4	0	42	1
ASV_1130	17	0	2	0	0	0	0	0	0	0	0	0	0	0	0	0	0	0
ASV_1098	19	4	16	0	2	0	0	0	0	0	0	0	0	0	0	0	0	0
ASV_1380	3	18	7	0	0	0	0	0	0	0	0	0	0	0	0	0	0	0
ASV_889	0	0	0	0	0	0	0	37	0	0	0	0	0	0	0	0	0	0
ASV_985	0	13	0	0	2	0	0	0	0	0	0	0	0	0	0	0	0	0
ASV_1058	0	0	0	0	0	0	5	3	0	0	17	9	0	0	3	16	0	0
ASV_1073	0	0	0	0	0	0	0	0	0	0	0	0	0	0	0	0	78	0
ASV_1243	0	0	0	0	0	0	6	5	5	2	0	6	3	9	2	1	0	1
ASV_733	0	0	0	0	0	0	0	28	0	1	0	1	0	3	0	2	1	1
ASV_1230	0	15	25	0	0	0	0	0	0	0	0	0	0	0	0	0	0	0
ASV_788	0	0	0	0	0	0	10	11	0	0	0	0	0	0	1	0	0	11
ASV_805	0	2	0	0	10	0	0	0	0	0	0	0	0	0	0	0	0	0
ASV_941	0	23	0	0	0	0	0	0	0	0	0	0	0	0	0	0	0	0
ASV_535	18	0	0	0	0	0	0	0	0	0	0	0	0	0	0	0	0	0
ASV_728	0	23	0	0	0	0	0	0	0	0	0	0	0	0	0	0	0	0
ASV_976	0	0	0	0	0	0	0	32	0	0	0	0	0	0	0	0	1	9
ASV_415	0	0	0	0	0	0	14	0	0	6	1	10	1	0	11	7	3	2
ASV_1071	0	0	0	0	0	0	0	0	0	0	23	0	0	0	26	0	0	0
ASV_810	0	0	0	0	0	0	0	3	3	0	0	0	5	0	0	1	3	19
ASV_1159	0	0	0	0	0	0	0	2	12	0	0	0	12	0	0	6	1	1
ASV_660	4	0	0	0	0	4	0	0	0	0	0	0	0	0	0	0	0	0
ASV_726	0	22	0	0	0	0	0	0	0	0	0	0	0	0	0	0	0	0
ASV_846	0	15	0	0	0	0	0	0	0	0	0	0	0	0	0	0	0	0
ASV_863	6	0	3	6	0	0	0	0	0	0	0	0	0	0	0	0	0	0
ASV_947	0	0	0	0	0	0	1	6	0	2	3	2	5	5	4	9	1	8
ASV_1075	0	0	0	0	0	0	0	0	0	0	0	0	0	0	0	0	0	50
ASV_1120	0	0	0	0	0	0	0	2	0	1	14	7	1	12	6	3	0	0
ASV_1126	4	2	3	0	0	7	0	0	0	0	0	0	0	0	0	0	0	0
ASV_743	0	0	0	0	0	10	0	0	0	0	0	0	0	0	0	0	0	0
ASV_921	0	0	0	0	0	0	3	0	14	0	0	0	0	0	0	0	0	0
ASV_1390	0	11	0	0	0	0	0	0	0	0	0	0	0	0	0	0	0	0
ASV_1424	0	0	0	0	0	0	0	0	0	0	9	3	0	1	23	5	4	4
ASV_971	0	0	0	0	0	0	0	0	0	0	0	0	31	0	0	0	23	0
ASV_1215	0	0	0	0	0	0	0	0	0	0	0	0	0	7	5	2	33	4
ASV_1222	5	10	0	0	0	0	0	0	0	0	0	0	0	0	0	0	0	0
ASV_1372	0	0	0	0	0	0	0	0	1	0	0	19	8	0	0	13	0	23
ASV_940	0	18	8	0	0	0	0	0	0	0	0	0	0	0	0	0	0	0
ASV_1123	0	0	0	0	0	0	0	0	0	0	0	1	0	39	0	12	21	0
ASV_802	0	15	0	0	0	0	0	0	0	0	0	0	0	0	0	0	0	0
ASV_1011	6	5	30	0	1	0	0	0	0	0	0	0	0	0	0	0	0	0
ASV_1062	0	0	0	0	0	0	0	4	1	0	5	17	10	0	4	4	0	0
ASV_1114	0	0	0	0	0	0	4	0	0	1	0	0	2	9	11	8	25	8
ASV_896	0	0	0	0	0	0	7	2	0	0	0	2	7	0	0	2	13	1
ASV_1003	0	0	0	0	0	0	1	0	0	10	0	13	0	8	5	13	2	0
ASV_1169	0	0	0	0	0	0	4	0	0	0	0	1	1	21	0	15	19	1
ASV_1440	0	0	0	0	0	0	0	0	0	0	0	2	11	4	13	10	0	3
ASV_1464	0	0	0	0	2	0	0	0	0	0	0	0	3	5	2	32	5	1
ASV_1481	0	0	0	0	0	0	0	0	0	0	0	0	7	9	19	0	12	2
ASV_855	0	0	0	0	0	0	0	0	0	5	0	1	0	9	0	1	23	12
ASV_920	0	0	0	0	0	9	0	0	0	0	0	0	0	0	0	0	0	0
ASV_1115	0	0	0	0	0	0	7	8	1	1	0	2	7	0	2	4	0	1
ASV_1140	0	0	1	0	0	0	0	0	2	6	3	0	6	7	3	3	0	2
ASV_1401	1	0	0	0	2	3	0	0	0	0	0	0	0	0	0	0	0	0
ASV_812	0	0	0	0	0	0	2	23	0	0	0	10	0	0	0	0	0	2
ASV_978	0	0	0	0	0	0	0	32	0	0	0	0	1	0	0	0	0	6
ASV_1015	2	5	4	2	0	2	0	0	0	0	0	0	0	0	0	0	0	0
ASV_1155	0	0	0	0	0	0	0	6	0	11	1	0	0	30	0	0	0	1
ASV_1513	0	0	0	0	0	0	0	0	1	2	4	8	6	13	3	14	3	5
ASV_659	13	0	0	0	0	0	0	0	0	0	0	0	0	0	0	0	0	0
ASV_746	0	0	0	0	0	0	21	0	0	0	0	0	0	0	0	0	12	6
ASV_936	10	0	0	6	0	0	0	0	0	0	0	0	0	0	0	0	0	0
ASV_946	0	0	0	0	0	0	33	0	0	0	0	0	0	0	0	0	0	11
ASV_1412	0	0	0	0	0	0	4	1	0	0	0	0	8	0	0	18	25	0
ASV_655	0	0	0	0	0	0	1	8	12	0	0	0	2	0	4	1	0	0
ASV_705	4	0	11	0	3	1	0	0	0	0	0	0	0	0	0	0	0	0
ASV_1419	0	0	0	0	0	0	6	0	0	0	0	0	1	0	0	5	38	3
ASV_720	10	0	0	1	0	0	0	0	0	0	0	0	0	0	0	0	0	0
ASV_1013	4	2	2	2	0	1	0	0	0	0	0	0	0	0	0	0	0	0
ASV_1214	0	0	0	0	0	0	0	0	0	0	0	4	2	3	14	34	1	1
ASV_1351	0	0	0	0	0	0	1	9	0	6	0	1	2	4	6	3	1	3
ASV_681	0	0	0	0	0	0	0	0	15	0	0	0	1	0	0	0	0	0
ASV_832	0	0	0	0	14	0	0	0	0	0	0	0	0	0	0	0	0	0
ASV_848	0	0	0	0	9	0	0	0	0	0	0	0	0	0	0	0	0	0
ASV_883	0	0	0	0	0	0	3	0	0	29	0	0	0	2	1	0	0	0
ASV_907	0	0	0	0	0	0	0	1	0	14	0	0	0	21	0	0	10	0
ASV_917	2	1	0	1	1	10	0	0	0	0	0	0	0	0	0	0	0	0
ASV_980	0	0	0	0	0	0	0	0	0	0	0	0	0	0	0	0	1	48
ASV_1134	2	5	4	0	6	0	0	0	0	0	0	0	0	0	0	0	0	0
ASV_1204	0	0	0	0	0	0	1	8	1	3	0	0	1	1	1	2	0	6
ASV_912	0	21	0	0	0	0	0	0	0	0	0	0	0	0	0	0	0	0
ASV_1061	0	0	0	0	0	0	5	3	0	9	0	0	1	1	0	0	0	22
ASV_622	0	0	1	0	0	10	0	0	0	0	0	0	0	0	0	0	0	0
ASV_949	0	0	0	0	0	0	30	4	0	0	0	0	0	0	0	0	0	0
ASV_1300	0	0	0	0	0	0	4	11	0	0	1	0	0	0	2	0	20	10
ASV_1429	0	0	0	0	0	0	0	2	1	1	0	2	14	0	4	4	2	9
ASV_646	0	0	2	0	0	5	0	0	0	0	0	0	0	0	0	0	0	0
ASV_963	0	0	0	0	0	0	0	0	6	0	0	0	4	0	0	2	7	5
ASV_673	0	1	0	0	0	10	0	0	0	0	0	0	0	0	0	0	0	0
ASV_950	0	0	0	0	0	0	19	0	0	0	9	0	0	0	6	0	0	4
ASV_1154	0	0	0	0	0	0	3	1	0	0	0	2	1	1	1	5	30	2
ASV_1343	0	0	0	0	0	0	23	0	0	0	0	14	0	0	0	9	0	0
ASV_1407	0	0	0	0	0	9	0	0	0	0	0	0	0	0	0	0	0	0
ASV_1373	0	0	0	0	0	0	0	0	0	0	0	0	0	0	0	0	0	42
ASV_1409	0	0	0	0	0	0	8	12	0	0	0	0	1	0	0	15	0	0
ASV_1448	0	0	0	0	0	0	3	0	0	0	0	0	39	0	0	0	9	0
ASV_1468	0	4	0	4	0	0	0	0	0	0	0	0	0	0	0	0	0	0
ASV_1525	0	0	0	0	0	0	0	1	0	0	0	0	0	0	0	0	51	0
ASV_570	0	2	0	0	1	4	0	0	0	0	0	0	0	0	0	0	0	0
ASV_959	12	0	0	0	0	0	0	0	0	0	0	0	0	0	0	0	0	0
ASV_966	0	0	0	0	0	0	5	12	2	0	0	1	0	0	0	0	0	22
ASV_1217	6	9	0	0	0	0	0	0	0	0	0	0	0	0	0	0	0	0
ASV_1299	0	0	0	0	0	0	11	3	0	0	0	0	0	0	0	0	0	14
ASV_1496	0	0	0	0	0	0	11	2	0	0	0	1	0	1	0	2	19	0
ASV_1526	0	0	0	0	0	0	0	0	0	0	0	0	0	0	0	0	42	0
ASV_819	0	0	0	8	0	0	0	0	0	0	0	0	0	0	0	0	0	0
ASV_1110	0	0	0	0	0	0	2	0	0	0	0	0	0	0	0	0	0	50
ASV_1453	0	0	0	0	0	0	0	0	0	0	0	0	0	0	0	1	44	1
ASV_806	0	0	0	0	0	0	28	2	0	1	0	0	0	1	0	0	0	0
ASV_853	0	0	0	0	0	0	8	6	0	0	9	3	2	0	1	1	0	3
ASV_968	0	0	0	0	0	0	19	0	0	0	0	0	0	0	0	0	0	16
ASV_1048	0	0	1	6	0	0	0	0	0	0	0	0	0	0	0	0	0	0
ASV_1305	0	0	0	0	0	0	0	7	0	23	0	0	0	4	0	0	0	0
ASV_1441	0	0	0	0	0	0	0	0	9	0	0	1	3	0	0	3	1	0
ASV_1153	0	0	0	0	0	0	28	1	0	0	0	0	0	0	0	0	0	0
ASV_909	2	9	12	0	0	0	0	0	0	0	0	0	0	0	0	0	0	0
ASV_945	0	0	0	0	10	0	0	0	0	0	0	0	0	0	0	0	0	0
ASV_1125	4	9	7	1	0	0	0	0	0	0	0	0	0	0	0	0	0	0
ASV_877	0	0	0	0	0	0	5	4	0	4	1	2	1	9	3	1	0	7
ASV_962	0	0	2	0	0	7	0	0	0	0	0	0	0	0	0	0	0	0
ASV_1030	0	0	0	0	0	0	19	6	0	0	0	0	0	0	7	0	0	0
ASV_1158	0	0	0	0	0	0	1	2	0	1	0	2	3	0	1	4	0	0
ASV_1166	0	0	0	0	0	0	1	0	0	0	6	0	0	0	19	7	0	5
ASV_887	0	0	0	0	0	0	0	23	0	0	0	0	0	0	0	0	0	0
ASV_1105	0	3	1	0	0	0	0	0	0	0	0	0	0	0	0	0	0	0
ASV_1450	0	0	0	0	0	0	1	1	0	1	0	4	0	26	2	1	1	6
ASV_758	0	0	0	0	8	0	0	0	0	0	0	0	0	0	0	0	0	0
ASV_1184	0	1	0	0	1	0	0	0	0	0	0	0	0	0	5	14	20	1
ASV_1413	0	0	0	0	0	0	6	0	0	17	0	15	0	2	0	3	0	0
ASV_1443	0	0	0	0	0	0	5	0	1	0	0	5	4	13	0	3	0	2
ASV_1520	0	0	0	0	0	0	0	0	0	0	1	24	0	0	0	0	8	4
ASV_967	0	0	0	0	0	0	2	0	1	7	0	20	1	3	2	4	1	1
ASV_1194	0	0	0	0	0	0	2	0	0	0	0	4	18	0	0	7	13	8
ASV_1400	0	0	0	0	0	0	2	0	0	0	0	0	4	3	23	8	9	0
ASV_760	0	0	0	0	0	0	9	23	0	0	0	0	0	0	0	0	0	0
ASV_1185	0	1	0	0	4	1	0	0	0	0	0	0	0	0	0	0	0	0
ASV_1059	0	0	0	0	0	0	1	0	0	0	0	0	0	0	0	38	0	0
ASV_1109	0	0	0	0	0	0	2	21	0	0	0	0	8	0	0	2	0	1
ASV_1502	0	0	0	0	0	0	4	3	0	0	0	34	0	0	0	7	0	0
ASV_977	0	0	0	0	0	0	0	6	0	1	0	25	0	1	0	4	1	0
ASV_983	11	0	0	0	0	0	0	0	0	0	0	0	0	0	0	0	0	0
ASV_1298	0	0	0	0	0	0	1	0	0	1	0	2	12	6	2	7	3	2
ASV_1384	3	13	0	0	1	0	0	0	0	0	0	0	0	0	0	0	0	0
ASV_1442	0	0	0	0	0	0	0	0	11	0	0	0	5	0	0	0	0	0
ASV_852	0	0	0	0	0	0	32	1	0	0	0	0	0	0	0	1	0	0
ASV_923	0	0	0	0	0	0	2	6	0	0	0	6	0	0	0	17	1	13
ASV_937	1	15	0	0	0	0	0	0	0	0	0	0	0	0	0	0	0	0
ASV_1012	7	2	9	1	1	1	0	0	0	0	0	0	0	0	0	0	0	0
ASV_1027	0	0	0	0	0	0	0	0	6	0	0	0	4	0	0	3	3	6
ASV_1133	1	3	5	4	0	0	0	0	0	0	0	0	0	0	0	0	0	0
ASV_1197	0	0	0	0	0	0	1	0	0	0	17	15	2	0	2	9	0	1
ASV_1277	0	0	0	0	0	0	2	0	0	0	0	0	7	0	5	17	3	0
ASV_691	16	0	0	0	0	0	0	0	0	0	0	0	0	0	0	0	0	0
ASV_849	0	0	0	0	0	12	0	0	0	0	0	0	0	0	0	0	0	0
ASV_1022	0	0	0	0	0	6	0	0	0	0	0	0	0	0	0	0	0	0
ASV_1112	0	0	0	0	0	0	0	10	0	0	0	4	3	0	3	12	1	0
ASV_1232	0	0	0	5	0	0	0	0	0	0	0	0	0	0	0	0	0	0
ASV_1339	0	0	0	0	0	0	0	0	0	1	0	6	17	0	0	3	5	0
ASV_1157	0	0	0	0	0	0	2	25	0	0	0	0	0	3	0	0	0	0
ASV_1518	0	0	0	0	0	0	0	0	0	0	33	0	0	0	0	0	0	5
ASV_815	12	0	0	0	0	0	0	0	0	0	0	0	0	0	0	0	0	0
ASV_1078	1	8	2	0	4	0	0	0	0	0	0	0	0	0	0	0	0	0
ASV_1308	0	0	0	0	0	0	0	0	0	0	0	25	0	0	0	24	0	0
ASV_1312	3	3	0	0	6	2	0	0	0	0	0	0	0	0	0	0	0	0
ASV_1524	0	0	0	0	0	0	0	0	0	0	0	0	0	0	41	0	0	0
ASV_830	1	0	0	0	0	7	0	0	0	0	0	0	0	0	0	0	0	0
ASV_919	1	0	0	0	0	8	0	0	0	0	0	0	0	0	0	0	0	0
ASV_1046	1	4	19	2	0	0	0	0	0	0	0	0	0	0	0	0	0	0
ASV_1152	0	0	0	0	0	0	15	0	0	0	1	0	0	0	0	0	0	11
ASV_1302	0	0	0	0	0	0	3	4	0	16	0	0	0	4	0	2	0	2
ASV_1510	0	0	0	0	0	0	0	1	0	2	0	4	0	0	2	13	0	17
ASV_843	2	2	0	0	4	0	0	0	0	0	0	0	0	0	0	0	0	0
ASV_872	0	0	0	0	0	6	0	0	0	0	0	0	0	0	0	0	0	0
ASV_918	0	0	0	0	5	0	0	0	0	0	0	0	0	0	0	0	0	0
ASV_991	0	1	0	0	5	0	0	0	0	0	0	0	0	0	0	0	0	0
ASV_1267	8	5	19	0	0	0	0	0	0	0	0	0	0	0	0	0	0	0
ASV_1362	0	0	0	0	0	0	0	0	1	0	0	7	4	5	0	7	2	1
ASV_1381	3	13	0	0	0	0	0	0	0	0	0	0	0	0	0	0	0	0
ASV_1426	0	0	0	0	0	0	2	10	0	2	0	21	0	0	0	1	0	1
ASV_847	0	0	0	0	8	0	0	0	0	0	0	0	0	0	0	0	0	0
ASV_1050	0	7	0	0	0	0	0	0	0	0	0	0	0	0	0	0	0	0
ASV_1108	0	0	0	0	0	0	4	0	0	0	0	18	0	0	0	4	1	0
ASV_774	8	0	0	0	5	0	0	0	0	0	0	0	0	0	0	0	0	0
ASV_955	0	0	0	0	0	0	1	0	2	0	0	2	5	2	0	3	0	0
ASV_1080	1	11	0	0	1	0	0	0	0	0	0	0	0	0	0	0	0	0
ASV_1137	0	14	0	0	0	0	0	0	0	0	0	0	0	0	0	0	0	0
ASV_1167	0	0	0	0	0	0	1	0	0	0	36	0	0	0	0	0	0	0
ASV_1180	0	7	4	0	0	0	0	0	0	0	0	0	0	0	0	0	0	0
ASV_1085	0	16	0	0	0	0	0	0	0	0	0	0	0	0	0	0	0	0
ASV_1260	0	0	0	0	0	0	1	3	1	0	0	0	1	0	38	0	6	0
ASV_1469	0	1	2	3	2	3	0	0	0	0	0	0	0	0	0	0	0	0
ASV_1507	0	0	0	0	0	0	1	3	12	0	2	3	5	0	3	1	0	3
ASV_870	1	0	0	6	3	3	0	0	0	0	0	0	0	0	0	0	0	0
ASV_1020	0	15	0	0	0	0	0	0	0	0	0	0	0	0	0	0	0	0
ASV_1198	0	0	0	0	0	0	0	0	0	18	0	1	6	8	0	4	1	0
ASV_1269	0	1	0	0	0	3	0	0	0	0	0	0	0	0	0	0	0	0
ASV_1341	0	0	0	0	0	0	12	0	0	0	0	0	0	0	0	1	14	9
ASV_1361	0	0	0	0	0	0	0	11	0	0	16	0	0	0	3	0	0	0
ASV_891	11	0	0	0	1	0	0	0	0	0	0	0	0	0	0	0	0	0
ASV_1136	0	10	1	0	2	0	0	0	0	0	0	0	0	0	0	0	0	0
ASV_1309	0	0	0	0	0	0	0	0	0	1	0	0	0	6	2	7	27	1
ASV_1432	0	0	0	0	0	0	7	8	1	0	1	0	0	0	1	1	0	9
ASV_1517	0	0	0	0	0	0	0	0	0	0	40	0	0	0	2	0	0	0
ASV_1014	1	0	0	7	0	0	0	0	0	0	0	0	0	0	0	0	0	0
ASV_1195	0	0	0	0	0	0	11	5	0	0	1	0	0	0	14	0	0	1
ASV_1459	6	0	1	1	2	0	0	0	0	0	0	0	0	0	0	0	0	0
ASV_874	0	0	0	0	0	9	0	0	0	0	0	0	0	0	0	0	0	0
ASV_1026	0	0	0	0	0	0	15	8	0	0	0	0	0	0	0	0	0	0
ASV_1082	0	15	0	0	0	0	0	0	0	0	0	0	0	0	0	0	0	0
ASV_1289	0	0	0	0	0	0	0	6	0	5	0	0	1	9	2	1	0	8
ASV_1489	0	0	0	0	0	0	12	7	0	0	0	0	0	0	0	0	0	0
ASV_818	0	0	0	0	0	6	0	0	0	0	0	0	0	0	0	0	0	0
ASV_908	10	0	0	0	1	1	0	0	0	0	0	0	0	0	0	0	0	0
ASV_1376	11	1	15	0	0	0	0	0	0	0	0	0	0	0	0	0	0	0
ASV_754	0	1	0	0	0	8	0	0	0	0	0	0	0	0	0	0	0	0
ASV_778	0	2	0	0	0	7	0	0	0	0	0	0	0	0	0	0	0	0
ASV_1111	0	0	0	0	0	0	3	0	0	0	1	0	1	16	8	12	4	0
ASV_1334	0	0	0	5	0	0	0	0	0	0	0	0	0	0	0	0	0	0
ASV_1431	0	0	0	0	0	0	0	4	0	0	12	0	0	0	21	0	0	3
ASV_944	0	0	0	4	0	0	0	0	0	0	0	0	0	0	0	0	0	0
ASV_957	0	0	0	0	0	0	0	0	0	0	0	0	0	0	39	0	0	0
ASV_1210	0	0	0	0	0	0	2	4	0	0	0	0	1	0	0	0	0	35
ASV_1335	0	2	0	0	6	1	0	0	0	0	0	0	0	0	0	0	0	0
ASV_867	0	1	0	0	0	6	0	0	0	0	0	0	0	0	0	0	0	0
ASV_879	0	0	0	0	0	0	3	17	0	0	0	0	0	0	0	0	0	0
ASV_965	0	0	0	1	0	0	3	6	2	0	0	0	2	0	10	0	9	1
ASV_1006	0	0	0	0	0	0	0	25	0	0	0	0	2	0	0	0	0	0
ASV_1044	13	0	0	0	0	0	0	0	0	0	0	0	0	0	0	0	0	0
ASV_1094	0	0	0	0	0	0	0	0	3	0	0	0	3	1	0	0	1	0
ASV_1255	0	0	0	0	0	0	4	3	4	0	0	1	4	0	0	0	1	2
ASV_1471	0	8	0	0	0	0	0	0	0	0	0	0	0	0	0	0	0	0
ASV_1475	0	0	0	7	0	0	0	0	0	0	0	0	0	0	0	0	0	0
ASV_1374	11	0	0	0	0	0	0	0	0	0	0	0	0	0	0	0	0	0
ASV_1461	1	5	1	2	0	1	0	0	0	0	0	0	0	0	0	0	0	0
ASV_759	0	1	0	0	0	6	0	0	0	0	0	0	0	0	0	0	0	0
ASV_1087	0	0	0	3	0	0	0	0	0	0	0	0	0	0	0	0	0	0
ASV_1254	0	0	0	0	0	0	0	0	9	0	0	0	1	0	0	0	0	0
ASV_1470	0	0	0	0	0	0	1	0	0	0	0	0	0	0	1	37	1	0
ASV_1165	0	0	0	0	0	0	0	0	3	0	0	0	8	0	0	0	0	0
ASV_1263	0	0	0	0	0	0	0	0	0	0	0	0	0	1	0	0	39	2
ASV_1285	0	1	0	0	0	4	0	0	0	0	0	0	0	0	0	0	0	0
ASV_1259	0	0	0	0	0	0	0	0	0	0	25	0	0	0	13	0	0	0
ASV_1323	7	0	2	0	0	0	0	0	0	0	0	0	0	0	0	0	0	0
ASV_961	1	0	0	6	3	0	0	0	0	0	0	0	0	0	0	0	0	0
ASV_1017	11	0	0	0	0	0	0	0	0	0	0	0	0	0	0	0	0	0
ASV_1129	9	0	0	1	1	0	0	0	0	0	0	0	0	0	0	0	0	0
ASV_1369	0	0	0	0	0	0	0	0	1	0	0	0	12	1	8	0	15	0
ASV_1410	0	0	0	0	0	0	10	8	0	0	4	9	0	0	0	2	0	3
ASV_1476	0	0	0	8	0	0	0	0	0	0	0	0	0	0	0	0	0	0
ASV_1054	0	0	0	8	1	0	0	0	0	0	0	0	0	0	0	0	0	0
ASV_1104	0	0	0	0	0	5	0	0	0	0	0	0	0	0	0	0	0	0
ASV_1181	0	1	0	7	0	0	0	0	0	0	0	0	0	0	0	0	0	0
ASV_1237	0	2	0	0	0	3	0	0	0	0	0	0	0	0	0	0	0	0
ASV_1282	1	0	0	0	9	0	0	0	0	0	0	0	0	0	0	0	0	0
ASV_1495	0	0	0	0	0	0	3	1	0	5	0	0	0	19	0	0	0	2
ASV_1497	0	0	0	0	0	0	1	0	0	0	0	0	16	0	4	8	2	0
ASV_1213	0	0	0	0	0	0	0	0	0	14	0	2	0	9	2	0	0	0
ASV_1069	0	0	0	0	0	0	0	0	7	0	0	0	20	0	0	0	0	0
ASV_1250	0	0	0	0	0	0	0	0	0	0	0	0	6	2	4	6	15	0
ASV_1306	0	0	0	0	0	0	0	0	0	0	39	0	0	0	3	0	0	0
ASV_1451	0	0	0	0	0	0	0	0	0	0	0	6	0	0	0	38	0	0
ASV_958	11	0	1	0	0	0	0	0	0	0	0	0	0	0	0	0	0	0
ASV_1081	0	9	0	0	0	0	0	0	0	0	0	0	0	0	0	0	0	0
ASV_1386	0	10	0	0	0	0	0	0	0	0	0	0	0	0	0	0	0	0
ASV_1445	0	0	0	0	0	0	0	0	0	12	0	0	0	18	0	0	1	0
ASV_1192	0	0	0	0	0	0	5	5	0	0	8	0	0	0	4	0	0	4
ASV_1512	0	0	0	0	0	0	0	0	7	0	0	0	11	0	0	0	0	0
ASV_1527	0	0	0	0	0	0	2	0	0	0	0	0	0	0	0	0	38	0
ASV_1342	0	0	0	0	0	0	1	0	0	0	0	3	4	0	0	0	1	6
ASV_1405	0	0	18	0	0	0	0	0	0	0	0	0	0	0	0	0	0	0
ASV_1477	0	0	0	4	0	1	0	0	0	0	0	0	0	0	0	0	0	0
ASV_817	0	8	0	0	0	0	0	0	0	0	0	0	0	0	0	0	0	0
ASV_1253	0	0	0	0	0	0	0	2	0	13	0	0	1	4	1	0	0	0
ASV_1257	0	0	0	0	0	0	0	5	0	5	0	0	0	18	0	0	0	0
ASV_1382	0	7	16	0	0	0	0	0	0	0	0	0	0	0	0	0	0	0
ASV_1051	0	7	1	0	0	0	0	0	0	0	0	0	0	0	0	0	0	0
ASV_1131	5	0	0	1	0	0	0	0	0	0	0	0	0	0	0	0	0	0
ASV_1189	0	0	0	0	0	0	0	9	1	0	0	0	6	0	2	5	2	5
ASV_1228	0	4	3	0	0	0	0	0	0	0	0	0	0	0	0	0	0	0
ASV_1247	0	0	0	0	0	0	3	1	8	1	1	0	0	0	0	0	0	0
ASV_942	0	0	0	0	0	6	0	0	0	0	0	0	0	0	0	0	0	0
ASV_1480	0	1	1	0	0	4	0	0	0	0	0	0	0	0	0	0	0	0
ASV_1178	0	7	2	0	3	0	0	0	0	0	0	0	0	0	0	0	0	0
ASV_1242	0	0	0	0	0	0	1	0	0	0	0	6	2	11	0	2	1	8
ASV_1142	0	0	0	0	0	0	21	7	0	0	0	0	0	0	0	0	0	0
ASV_1223	1	3	1	0	3	0	0	0	0	0	0	0	0	0	0	0	0	0
ASV_1176	8	0	0	0	0	0	0	0	0	0	0	0	0	0	0	0	0	0
ASV_1047	0	2	0	0	0	7	0	0	0	0	0	0	0	0	0	0	0	0
ASV_1056	0	0	0	0	0	0	13	0	0	0	0	0	0	0	0	0	0	3
ASV_1102	0	5	0	0	3	0	0	0	0	0	0	0	0	0	0	0	0	0
ASV_1310	0	0	0	0	0	0	0	0	0	0	0	0	1	2	2	15	1	3
ASV_984	0	0	0	0	4	0	0	0	0	0	0	0	0	0	0	0	0	0
ASV_989	0	0	0	0	0	4	0	0	0	0	0	0	0	0	0	0	0	0
ASV_1358	0	0	0	0	0	0	0	0	0	0	15	1	4	5	9	1	1	0
ASV_1499	0	0	0	0	0	0	9	1	0	0	0	4	0	0	2	3	2	3
ASV_1119	0	0	0	0	0	0	0	12	0	0	0	6	3	0	0	7	0	3
ASV_1127	6	0	0	0	0	0	0	0	0	0	0	0	0	0	0	0	0	0
ASV_1256	0	0	0	0	0	0	0	0	5	0	0	1	0	0	0	0	0	0
ASV_1314	10	0	0	0	0	0	0	0	0	0	0	0	0	0	0	0	0	0
ASV_1162	0	0	0	0	0	0	0	0	8	0	0	0	2	0	0	0	0	0
ASV_1174	11	1	0	0	0	0	0	0	0	0	0	0	0	0	0	0	0	0
ASV_1320	2	0	0	2	0	0	0	0	0	0	0	0	0	0	0	0	0	0
ASV_1511	0	0	0	0	0	0	0	10	0	0	2	0	5	0	6	0	0	1
ASV_986	0	8	1	0	0	0	0	0	0	0	0	0	0	0	0	0	0	0
ASV_1366	0	0	0	0	0	0	0	0	0	10	0	2	0	4	1	7	0	0
ASV_1523	0	0	0	0	0	0	0	0	0	0	0	0	2	4	3	3	24	4
ASV_993	0	1	0	0	0	8	0	0	0	0	0	0	0	0	0	0	0	0
ASV_1045	12	0	0	0	0	0	0	0	0	0	0	0	0	0	0	0	0	0
ASV_1345	0	0	0	0	0	0	23	0	0	0	0	0	0	0	0	0	0	0
ASV_1354	0	0	0	0	0	0	1	0	0	0	11	3	0	0	1	8	0	2
ASV_1068	0	0	0	0	0	0	0	0	8	0	0	0	0	0	0	0	0	0
ASV_1079	1	3	0	0	2	0	0	0	0	0	0	0	0	0	0	0	0	0
ASV_1103	0	11	0	0	0	0	0	0	0	0	0	0	0	0	0	0	0	0
ASV_1258	0	0	0	0	0	0	0	0	0	4	0	0	0	20	0	0	0	0
ASV_1268	1	7	4	3	0	0	0	0	0	0	0	0	0	0	0	0	0	0
ASV_1053	0	0	3	1	0	0	0	0	0	0	0	0	0	0	0	0	0	0
ASV_1187	0	0	0	0	6	0	0	0	0	0	0	0	0	0	0	0	0	0
ASV_1417	0	0	0	0	0	0	0	0	0	0	0	0	0	0	0	5	23	0
ASV_1425	0	0	0	0	0	0	13	2	0	0	1	2	0	0	0	0	0	8
ASV_1023	0	0	0	0	3	0	0	0	0	0	0	0	0	0	0	0	0	0
ASV_1225	8	0	0	0	0	0	0	0	0	0	0	0	0	0	0	0	0	0
ASV_1238	0	0	0	0	0	0	14	5	0	0	0	0	0	0	0	0	0	0
ASV_1370	0	0	0	0	0	0	0	0	0	0	0	20	0	1	0	19	0	0
ASV_1175	3	0	0	2	0	0	0	0	0	0	0	0	0	0	0	0	0	0
ASV_1200	0	0	0	0	0	0	0	0	0	2	0	2	2	7	0	4	2	5
ASV_1218	1	0	0	0	0	5	0	0	0	0	0	0	0	0	0	0	0	0
ASV_1244	0	0	0	0	0	0	9	0	0	5	0	1	1	2	0	0	5	0
ASV_1415	0	0	0	0	0	0	8	10	0	0	0	0	0	0	0	0	0	2
ASV_964	0	0	0	0	0	5	0	0	0	0	0	0	0	0	0	0	0	0
ASV_1271	0	0	0	0	0	0	10	0	0	0	0	0	0	0	0	0	14	0
ASV_1392	0	0	16	0	4	0	0	0	0	0	0	0	0	0	0	0	0	0
ASV_1186	0	0	0	0	4	0	0	0	0	0	0	0	0	0	0	0	0	0
ASV_1322	7	0	0	2	0	0	0	0	0	0	0	0	0	0	0	0	0	0
ASV_1329	0	0	0	0	1	0	1	0	0	0	0	0	1	0	0	9	16	0
ASV_1503	0	0	0	0	0	0	0	8	0	0	0	17	0	0	0	0	0	0
ASV_956	0	0	0	0	0	0	0	0	0	13	0	0	1	4	0	1	0	0
ASV_1173	4	0	0	0	0	0	2	0	0	2	0	0	2	0	0	2	1	0
ASV_1286	0	0	0	0	0	2	0	0	0	0	0	0	0	0	0	0	0	0
ASV_1172	1	1	0	0	2	2	0	0	0	0	0	0	0	0	0	0	0	0
ASV_1266	1	0	0	0	1	0	0	0	0	0	0	0	0	0	0	0	0	0
ASV_1273	3	0	0	0	4	0	0	0	0	0	0	0	0	0	0	0	0	0
ASV_1357	0	0	0	0	0	0	8	0	0	0	0	0	0	0	0	0	0	16
ASV_1399	0	0	0	2	0	0	0	0	0	0	0	0	0	0	0	0	0	0
ASV_1403	0	0	0	0	7	0	0	0	0	0	0	0	0	0	0	0	0	0
ASV_911	5	0	1	0	0	0	0	0	0	0	0	0	0	0	0	0	0	0
ASV_1281	0	0	0	0	4	0	0	0	0	0	0	0	0	0	0	0	0	0
ASV_1304	0	0	0	0	0	0	1	0	0	9	0	0	0	0	0	0	0	0
ASV_1156	0	0	0	0	0	0	0	1	2	0	0	0	10	0	0	1	0	0
ASV_1188	0	0	0	0	0	9	0	0	0	0	0	0	0	0	0	0	0	0
ASV_1224	1	6	0	1	0	0	0	0	0	0	0	0	0	0	0	0	0	0
ASV_939	0	0	0	0	1	0	0	0	0	0	0	0	0	0	0	0	0	0
ASV_1049	0	1	1	0	2	4	0	0	0	0	0	0	0	0	0	0	0	0
ASV_1138	0	2	0	0	0	3	0	0	0	0	0	0	0	0	0	0	0	0
ASV_1179	0	1	0	0	1	0	0	0	0	0	0	0	0	0	0	0	0	0
ASV_1182	0	0	0	2	0	0	0	0	0	0	0	0	0	0	0	0	0	0
ASV_1231	0	0	0	3	0	0	0	0	0	0	0	0	0	0	0	0	0	0
ASV_1252	0	0	0	0	0	0	9	1	0	0	0	0	0	0	0	0	0	2
ASV_1371	0	0	0	0	0	0	1	1	0	0	0	14	0	0	0	4	1	0
ASV_1420	0	0	0	0	0	0	6	0	0	0	0	9	0	0	1	0	0	6
ASV_1395	0	0	0	2	0	0	0	0	0	0	0	0	0	0	0	0	0	0
ASV_1144	0	0	0	0	0	0	12	0	0	0	0	0	0	0	0	9	1	0
ASV_1270	0	2	0	0	5	0	0	0	0	0	0	0	0	0	0	0	0	0
ASV_1284	0	0	0	0	0	4	0	0	0	0	0	0	0	0	0	0	0	0
ASV_1350	0	0	0	0	0	0	5	7	0	0	5	3	0	0	0	1	0	0
ASV_1479	0	1	0	0	0	2	0	0	0	0	0	0	0	0	0	0	0	0
ASV_1205	0	0	0	0	0	0	0	11	0	0	0	1	0	0	0	18	1	3
ASV_1325	0	4	0	0	5	0	0	0	0	0	0	0	0	0	0	0	0	0
ASV_1338	0	0	1	0	0	2	0	0	0	0	0	0	0	0	0	0	0	0
ASV_1528	0	0	0	0	0	0	0	0	0	0	0	0	0	0	0	0	34	0
ASV_1149	0	0	0	0	0	0	7	3	0	0	0	0	0	0	0	0	0	1
ASV_1219	5	2	0	0	0	0	0	0	0	0	0	0	0	0	0	0	0	0
ASV_1326	0	13	6	0	0	0	0	0	0	0	0	0	0	0	0	0	0	0
ASV_1365	0	0	0	0	0	0	0	0	0	21	0	0	0	0	0	0	0	0
ASV_1414	0	0	0	0	0	0	6	2	0	2	0	2	0	1	0	0	0	2
ASV_926	0	0	0	0	0	0	19	0	0	0	0	0	0	0	0	0	0	0
ASV_1177	0	0	0	0	0	3	1	0	0	0	0	0	0	0	0	0	16	0
ASV_1234	0	0	0	1	0	0	0	0	0	0	0	0	0	0	0	0	0	0
ASV_1241	0	0	0	0	0	0	4	0	4	0	0	2	4	0	0	0	0	0
ASV_1249	0	0	0	0	0	0	0	4	0	4	0	0	0	3	1	0	0	11
ASV_1355	0	0	0	0	0	0	3	0	0	0	0	0	5	0	15	0	0	0
ASV_1379	5	0	3	0	1	0	0	0	0	0	0	0	0	0	0	0	0	0
ASV_1398	0	1	0	5	0	0	0	0	0	0	0	0	0	0	0	0	0	0
ASV_1505	0	0	0	0	0	0	0	4	0	4	0	1	0	2	0	4	0	0
ASV_1077	2	0	0	0	0	0	0	0	0	0	0	0	0	0	0	0	0	0
ASV_1099	10	0	1	0	0	0	0	0	0	0	0	0	0	0	0	0	0	0
ASV_1262	0	0	0	0	0	0	0	0	0	0	0	0	0	1	0	0	24	0
ASV_1291	0	0	0	0	0	0	0	1	1	0	3	0	5	0	3	0	0	9
ASV_1396	0	0	0	8	0	0	0	0	0	0	0	0	0	0	0	0	0	0
ASV_1488	0	0	0	0	0	0	20	0	0	0	0	0	0	0	0	0	0	0
ASV_1508	0	0	0	0	0	0	0	10	0	3	0	0	0	6	0	0	0	0
ASV_1514	0	0	0	0	0	0	0	0	3	0	0	0	13	0	0	0	0	0
ASV_1493	0	0	0	0	0	0	4	7	0	0	0	0	1	0	0	0	0	0
ASV_1207	0	0	0	0	0	0	0	21	0	0	0	0	0	0	0	0	0	0
ASV_1236	0	0	0	0	0	4	0	0	0	0	0	0	0	0	0	0	0	0
ASV_1288	0	0	0	0	0	0	13	0	0	0	0	0	0	0	0	0	0	0
ASV_1393	0	0	0	5	0	0	0	0	0	0	0	0	0	0	0	0	0	0
ASV_1428	0	0	0	0	0	0	4	7	0	0	2	1	2	0	1	0	0	3
ASV_1463	2	1	0	0	3	0	0	0	0	0	0	0	0	0	0	0	0	0
ASV_1272	0	1	1	0	2	1	0	0	0	0	0	0	0	0	0	0	0	0
ASV_1290	0	0	0	0	0	0	16	0	0	0	0	0	0	0	0	0	0	0
ASV_1293	0	0	0	0	0	0	3	7	0	0	0	0	0	0	0	0	1	7
ASV_1378	8	0	0	0	0	0	0	0	0	0	0	0	0	0	0	0	0	0
ASV_1486	0	0	0	0	0	0	3	11	1	0	0	0	1	0	1	0	0	1
ASV_1321	9	0	0	0	0	0	0	0	0	0	0	0	0	0	0	0	0	0
ASV_1427	0	0	0	0	0	0	1	0	1	0	0	1	7	0	0	6	0	0
ASV_1522	0	0	0	0	0	0	0	0	0	0	0	0	10	10	0	0	0	0
ASV_1147	0	0	0	0	0	0	19	0	0	0	0	0	0	0	0	0	0	0
ASV_1388	0	0	2	0	0	4	0	0	0	0	0	0	0	0	0	0	0	0
ASV_1043	4	0	0	0	0	0	0	0	0	0	0	0	0	0	0	0	0	0
ASV_1216	3	1	2	0	0	2	0	0	0	0	0	0	0	0	0	0	0	0
ASV_1227	0	3	0	0	0	0	0	0	0	0	0	0	0	0	0	0	0	0
ASV_1375	4	0	0	2	0	0	0	0	0	0	0	0	0	0	0	0	0	0
ASV_1438	0	0	0	0	0	0	0	0	4	0	0	0	0	0	0	0	0	0
ASV_1439	0	0	0	0	0	0	0	0	8	0	0	0	0	0	0	0	0	0
ASV_1359	0	0	0	0	0	0	0	9	1	0	0	1	1	0	3	0	0	3
ASV_1436	0	0	0	0	0	0	0	13	0	0	0	0	0	0	0	0	0	0
ASV_1437	0	0	0	0	0	0	1	0	1	4	0	1	1	3	0	1	1	0
ASV_1454	3	0	14	0	1	0	0	0	0	0	0	0	0	0	0	0	0	0
ASV_1456	8	0	0	0	0	0	0	0	0	0	0	0	0	0	0	0	0	0
ASV_1494	0	0	0	0	0	0	3	0	1	0	0	4	1	0	1	0	2	0
ASV_1303	0	0	0	0	0	0	0	0	9	0	0	0	0	0	0	0	0	1
ASV_1328	0	3	8	0	0	0	0	0	0	0	0	0	0	0	0	0	0	0
ASV_1088	0	0	0	7	0	0	0	0	0	0	0	0	0	0	0	0	0	0
ASV_1226	0	0	1	0	0	3	0	0	0	0	0	0	0	0	0	0	0	0
ASV_1311	0	9	0	0	2	0	0	0	0	0	0	0	0	0	0	0	0	0
ASV_1368	0	0	0	0	0	0	0	0	1	4	0	7	0	1	2	6	2	1
ASV_1248	0	0	0	0	0	0	16	0	0	0	0	0	0	0	0	0	0	0
ASV_1387	0	5	0	0	0	0	0	0	0	0	0	0	0	0	0	0	0	0
ASV_1422	0	0	0	0	0	0	1	1	0	0	0	1	5	0	3	9	0	2
ASV_1203	0	0	0	0	0	0	12	0	0	0	2	3	0	0	0	0	0	0
ASV_1278	0	0	0	2	0	0	0	0	0	0	0	0	0	0	0	0	0	0
ASV_1316	0	9	1	0	0	0	0	0	0	0	0	0	0	0	0	0	0	0
ASV_1319	2	6	0	0	0	0	0	0	0	0	0	0	0	0	0	0	0	0
ASV_1408	0	0	0	0	0	1	0	0	2	0	0	0	2	0	0	1	5	1
ASV_1421	0	0	0	0	0	0	16	0	0	0	0	0	0	0	0	0	0	0
ASV_1430	0	0	0	0	0	0	0	14	0	0	0	0	0	0	0	0	0	0
ASV_1406	0	0	0	0	0	2	0	0	0	0	0	0	0	0	0	0	0	0
ASV_1483	0	0	0	0	0	2	0	0	0	0	0	0	0	0	0	0	0	0
ASV_1283	0	0	0	0	0	2	0	0	0	0	0	0	0	0	0	0	0	0
ASV_1467	0	0	0	0	0	0	0	2	0	0	0	0	10	0	0	0	2	2
ASV_1485	0	0	1	0	0	2	0	0	0	0	0	0	0	0	0	0	0	0
ASV_1128	7	0	0	0	0	0	0	0	0	0	0	0	0	0	0	0	0	0
ASV_1313	0	4	0	0	0	0	0	0	0	0	0	0	0	0	0	0	0	0
ASV_1346	0	0	0	0	0	0	7	5	0	0	0	0	0	0	0	0	0	0
ASV_1107	0	0	0	0	0	1	0	0	0	0	0	0	0	0	0	0	0	0
ASV_1171	3	0	0	0	1	0	0	0	0	0	0	0	0	0	0	0	0	0
ASV_1383	0	0	0	0	0	2	0	0	0	0	0	0	0	0	0	0	0	0
ASV_1455	3	0	0	0	0	0	0	0	0	0	0	0	0	0	0	0	0	0
ASV_1274	0	0	0	0	0	5	0	0	0	0	0	0	0	0	0	0	0	0
ASV_1404	0	0	0	0	1	3	0	0	0	0	0	0	0	0	0	0	0	0
ASV_1423	0	0	0	0	0	0	0	11	0	0	0	2	1	0	1	0	0	0
ASV_1466	0	9	0	0	0	0	0	0	0	0	0	0	0	0	0	0	0	0
ASV_1220	1	0	1	0	1	1	0	0	0	0	0	0	0	0	0	0	0	0
ASV_1317	5	0	0	0	0	0	0	0	0	0	0	0	0	0	0	0	0	0
ASV_1265	0	0	0	3	0	0	0	0	0	0	0	0	0	0	0	0	0	0
ASV_1089	0	0	1	0	0	7	0	0	0	0	0	0	0	0	0	0	0	0
ASV_1245	0	0	0	0	0	0	13	0	0	0	0	0	0	0	0	0	0	0
ASV_1473	0	0	0	5	1	0	0	0	0	0	0	0	0	0	0	0	0	0
ASV_1504	0	0	0	0	0	0	0	8	0	0	0	0	0	0	0	0	0	0
ASV_1394	0	0	0	0	0	2	0	0	0	0	0	0	0	0	0	0	0	0
ASV_1132	3	0	0	0	0	0	0	0	0	0	0	0	0	0	0	0	0	0
ASV_1275	0	0	0	1	0	0	0	0	0	0	0	0	0	0	0	0	0	0
ASV_1411	0	0	0	0	0	0	0	0	0	0	0	1	1	0	0	7	1	0
ASV_1444	0	0	0	0	0	0	0	0	0	13	0	1	0	1	0	0	0	0
ASV_1478	0	0	0	0	3	0	0	0	0	0	0	0	0	0	0	0	0	0
ASV_1462	0	0	0	0	0	2	0	0	0	0	0	0	0	0	0	0	0	0
ASV_1332	0	2	0	0	0	0	0	0	0	0	0	0	0	0	0	0	0	0
ASV_1377	2	0	0	0	0	0	0	0	0	0	0	0	0	0	0	0	0	0
ASV_1402	0	0	0	0	4	0	0	0	0	0	0	0	0	0	0	0	0	0
ASV_1276	0	0	0	1	0	0	0	0	0	0	0	0	0	0	0	0	0	0
ASV_1434	0	0	0	0	0	0	1	0	0	0	0	0	0	0	0	0	1	13
ASV_1472	0	0	0	3	0	0	0	0	0	0	0	0	0	0	0	0	0	0
ASV_1389	0	0	0	0	0	1	0	0	0	0	0	0	0	0	0	0	0	0
ASV_1324	1	0	0	0	0	2	0	0	0	0	0	0	0	0	0	0	0	0
ASV_1347	0	0	0	0	0	0	0	8	0	0	1	0	0	0	1	0	0	0
ASV_1435	0	0	0	0	0	0	0	7	0	0	0	0	0	0	0	0	0	0
ASV_1460	5	0	0	0	0	0	0	0	0	0	0	0	0	0	0	0	0	0
ASV_1501	0	0	0	0	0	0	10	0	0	0	0	0	0	0	0	0	6	0
ASV_1385	0	5	0	0	0	0	0	0	0	0	0	0	0	0	0	0	0	0
ASV_1279	0	0	0	1	0	0	0	0	0	0	0	0	0	0	0	0	0	0
ASV_1484	0	1	0	0	0	1	0	0	0	0	0	0	0	0	0	0	0	0
ASV_1457	1	0	0	0	0	3	0	0	0	0	0	0	0	0	0	0	0	0
ASV_1491	0	0	0	0	0	0	2	4	0	0	0	0	0	0	0	0	0	0
ASV_1208	0	0	0	0	0	0	0	6	0	0	0	0	0	0	0	0	0	0
ASV_1336	0	0	2	0	2	0	0	0	0	0	0	0	0	0	0	0	0	0
ASV_1397	0	0	0	1	0	0	0	0	0	0	0	0	0	0	0	0	0	0
ASV_1474	0	0	0	2	0	0	0	0	0	0	0	0	0	0	0	0	0	0
ASV_1416	0	0	0	0	0	0	0	0	1	0	0	0	2	0	0	0	0	0
ASV_1458	2	0	0	1	0	0	0	0	0	0	0	0	0	0	0	0	0	0
ASV_1211	0	0	0	0	0	0	0	1	0	1	1	0	0	0	0	1	0	0
ASV_1465	0	3	1	0	0	0	0	0	0	0	0	0	0	0	0	0	0	0
