OTUID	All	feces	plaque	saliva
ASV_14	0.858254	2.574762	0.000000	0.000000
ASV_2	0.810434	2.431303	0.000000	0.000000
ASV_4	1.101436	2.4119585	0.4220127	0.4703365
ASV_3	0.97199	2.9150864995	0.0003424916	0.0005406691
ASV_5	0.647697	1.942120989	0.000000000	0.000970431
ASV_12	1.848228	0.000000	3.949030	1.595655
ASV_9	0.779178	2.337533	0.000000	0.000000
ASV_17	0.507811	1.5228908326	0.0000000000	0.0005406691
ASV_7	0.681181	0.001730898	1.765750042	0.276060769
ASV_6	0.639074	1.917221	0.000000	0.000000
ASV_70	0.597832	1.7925368138	0.0003424916	0.0006168270
ASV_13	0.428497	1.285491	0.000000	0.000000
ASV_10	0.495515	1.486544	0.000000	0.000000
ASV_8	1.216697	0.0003921554	2.5931245628	1.0565756702
ASV_19	1.772386	0.06315631	0.94669384	4.30730788
ASV_11	0.38966	1.16898	0.00000	0.00000
ASV_31	1.470159	0.000000	2.862120	1.548356
ASV_15	0.414918	1.244753	0.000000	0.000000
ASV_22	0.375478	1.125817264	0.000000000	0.000616827
ASV_20	1.518471	0.000000	1.834015	2.721398
ASV_18	0.321099	0.9632981	0.0000000	0.0000000
ASV_30	0.263777	0.7913296	0.0000000	0.0000000
ASV_21	0.256876	0.7706266	0.0000000	0.0000000
ASV_24	1.170908	0.000000	1.831652	1.681073
ASV_25	0.281152	0.842158862	0.001297936	0.000000000
ASV_33	0.392263	0.8231468	0.1393408	0.2143013
ASV_52	0.281346	0.838992002	0.000138838	0.004907608
ASV_34	0.32126	0.9637788	0.0000000	0.0000000
ASV_44	0.240819	0.722456	0.000000	0.000000
ASV_1	0.259869	0.7796063	0.0000000	0.0000000
ASV_26	0.588522	0.0000000	0.8099422	0.9556246
ASV_29	0.215591	0.644649485	0.000277676	0.001844640
ASV_100	0.208064	0.6241906	0.0000000	0.0000000
ASV_43	0.215326	0.6459781	0.0000000	0.0000000
ASV_27	0.348484	0.0000000	0.9289392	0.1165116
ASV_68	0.23578	0.7068278324	0.0005132469	0.0000000000
ASV_36	0.237065	0.7111963	0.0000000	0.0000000
ASV_28	0.387934	1.163803	0.000000	0.000000
ASV_35	0.251324	0.7539719	0.0000000	0.0000000
ASV_40	0.197646	0.5929387	0.0000000	0.0000000
ASV_42	0.181579	0.5447382	0.0000000	0.0000000
ASV_23	0.331595	0.994167595	0.000000000	0.000616827
ASV_39	0.625636	0.001671499	1.134593487	0.740641896
ASV_49	0.222235	0.6667064	0.0000000	0.0000000
ASV_55	0.333554	0.0000000	0.6168572	0.3838054
ASV_51	0.193596	0.5807891	0.0000000	0.0000000
ASV_41	0.300679	0.0000000	0.7222935	0.1797445
ASV_72	0.724926	0.0000000	1.4575467	0.7172324
ASV_37	0.626995	0.000105262	1.144609741	0.736269292
ASV_38	0.259403	0.7778655931	0.0003424916	0.0000000000
ASV_63	0.679501	9.893017e-05	1.199765e+00	8.386403e-01
ASV_50	0.564074	0.0001674453	0.8457976403	0.8462581184
ASV_32	0.255369	0.765830640	0.000277676	0.000000000
ASV_58	0.709337	0.0001674453	1.5902280916	0.5376144708
ASV_45	0.243419	0.7302581	0.0000000	0.0000000
ASV_54	0.452266	9.893017e-05	1.083750e+00	2.729485e-01
ASV_46	0.237239	0.0001816313	0.5692138586	0.1423215383
ASV_53	0.483694	0.0000000	0.9132804	0.5378030
ASV_76	0.168979	0.5069356	0.0000000	0.0000000
ASV_607	0.144563	0.4336895	0.0000000	0.0000000
ASV_93	0.73538	0.01841335	0.30159689	1.88613026
ASV_60	0.158496	0.4754874	0.0000000	0.0000000
ASV_48	0.217804	0.653413	0.000000	0.000000
ASV_47	0.150933	0.452407466	0.000390796	0.000000000
ASV_231	0.198879	0.5958130251	0.0003388843	0.0004852155
ASV_57	0.228674	0.6860213	0.0000000	0.0000000
ASV_59	0.218366	0.00000000	0.58155807	0.07353854
ASV_71	0.202142	0.0003858235	0.4949542322	0.1110855841
ASV_94	0.208557	0.6204026113	0.0004165139	0.0048521548
ASV_77	0.231415	0.693628093	0.000000000	0.000616827
ASV_88	0.557707	0.0000000	0.9710926	0.7020283
ASV_69	0.219836	0.6595084	0.0000000	0.0000000
ASV_89	0.497179	0.00000000	1.40406218	0.08747563
ASV_98	0.138348	0.4150447	0.0000000	0.0000000
ASV_111	0.138805	0.4159306419	0.0000000000	0.0004852155
ASV_61	0.212926	0.6387791	0.0000000	0.0000000
ASV_83	0.113038	0.3391144	0.0000000	0.0000000
ASV_66	0.173927	0.5217796	0.0000000	0.0000000
ASV_139	0.506216	0.0000000	0.9297642	0.5888833
ASV_65	0.103374	0.3101233	0.0000000	0.0000000
ASV_80	0.420382	0.0000000	0.5640922	0.6970523
ASV_67	0.306981	0.0000000	0.7826308	0.1383112
ASV_78	0.148736	0.4462088	0.0000000	0.0000000
ASV_56	0.143642	0.429899230	0.000000000	0.001025885
ASV_91	0.133386	0.4001583	0.0000000	0.0000000
ASV_75	0.104672	0.3140146	0.0000000	0.0000000
ASV_440	0.097116	0.2913493	0.0000000	0.0000000
ASV_95	0.113375	0.3389954445	0.0004777222	0.0006509654
ASV_82	0.373019	0.0000000	0.6895126	0.4295430
ASV_84	0.110567	0.3316998	0.0000000	0.0000000
ASV_114	0.095847	0.2875415	0.0000000	0.0000000
ASV_109	0.510739	0.0000000	0.5371326	0.9950853
ASV_79	0.414998	0.0000000	0.9857515	0.2592418
ASV_101	0.174344	0.0000000	0.4318232	0.0912079
ASV_103	0.112227	0.3366809	0.0000000	0.0000000
ASV_236	0.097323	0.2919692	0.0000000	0.0000000
ASV_74	0.232993	0.008423254	0.295901791	0.394652587
ASV_81	0.113975	0.3419252	0.0000000	0.0000000
ASV_90	0.270094	0.003000633	0.449780046	0.357501235
ASV_110	0.396556	0.0000000	0.9704981	0.2191688
ASV_86	0.322908	9.893017e-05	9.195180e-01	4.910737e-02
ASV_64	0.105112	0.3153353	0.0000000	0.0000000
ASV_164	0.090048	0.2701454	0.0000000	0.0000000
ASV_123	0.086012	0.2580356	0.0000000	0.0000000
ASV_194	0.478373	1.435119	0.000000	0.000000
ASV_120	0.254067	0.16390052	0.03331399	0.56498549
ASV_87	0.225042	0.6745846121	0.0000000000	0.0005406691
ASV_118	0.08999	0.2699709	0.0000000	0.0000000
ASV_135	0.111862	0.3350448155	0.0000000000	0.0005406691
ASV_102	0.303976	0.000105262	0.505341600	0.406482321
ASV_122	0.379922	0.01425824	0.03494396	1.09056425
ASV_104	0.09847	0.2954092	0.0000000	0.0000000
ASV_62	0.083718	0.2511537	0.0000000	0.0000000
ASV_92	0.145619	0.436240895	0.000000000	0.000616827
ASV_108	0.074778	0.2243348	0.0000000	0.0000000
ASV_119	0.286007	0.09357481	0.03689721	0.72755036
ASV_105	0.068609	0.2058267	0.0000000	0.0000000
ASV_134	0.089586	0.2687571	0.0000000	0.0000000
ASV_96	0.111824	0.0000000	0.2770121	0.0584591
ASV_145	0.136507	0.0000000	0.2343585	0.1751628
ASV_179	0.34709	0.01904010	0.07261778	0.94961246
ASV_116	0.204527	0.0000000	0.2290564	0.3845246
ASV_112	0.087292	0.2618754	0.0000000	0.0000000
ASV_99	0.121617	0.3648506	0.0000000	0.0000000
ASV_133	0.086323	0.2589702	0.0000000	0.0000000
ASV_202	0.355129	0.00000000	0.96806245	0.09732519
ASV_174	0.343319	0.0000000	0.3770480	0.6529086
ASV_121	0.393226	0.0006282787	0.0578346287	1.1212140019
ASV_155	0.065737	0.196108265	0.000000000	0.001102043
ASV_171	0.063519	0.1905559	0.0000000	0.0000000
ASV_124	0.23388	0.00000000	0.60661481	0.09502467
ASV_138	0.307411	0.0000000	0.4475091	0.4747228
ASV_106	0.118418	0.3552539	0.0000000	0.0000000
ASV_127	0.068164	0.2044925	0.0000000	0.0000000
ASV_212	0.127788	0.3833633	0.0000000	0.0000000
ASV_126	0.266138	0.000105262	0.432248238	0.366060306
ASV_243	0.33367	0.0008392824	0.0257750805	0.9743948283
ASV_165	0.393612	0.0000000000	0.0005132469	1.1803230867
ASV_153	0.231572	0.0003004038	0.3359376766	0.3584783120
ASV_136	0.07264	0.2179201	0.0000000	0.0000000
ASV_143	0.086593	0.000000000	0.251198304	0.008581385
ASV_149	0.082785	0.2483535	0.0000000	0.0000000
ASV_137	0.059455	0.178365	0.000000	0.000000
ASV_168	0.11932	0.0000000	0.1949285	0.1630324
ASV_230	0.298465	0.0000000	0.5171742	0.3782217
ASV_129	0.112568	0.3377036	0.0000000	0.0000000
ASV_147	0.062031	0.186092	0.000000	0.000000
ASV_206	0.097626	0.290450974	0.000000000	0.002426077
ASV_216	0.238764	0.00000000	0.68196917	0.03432137
ASV_233	0.060907	0.1827218	0.0000000	0.0000000
ASV_97	0.088719	0.265447190	0.000709126	0.000000000
ASV_125	0.239968	0.0000000	0.5042493	0.2156533
ASV_215	0.241914	0.0000000	0.3844384	0.3413049
ASV_107	0.077084	0.230859883	0.000390796	0.000000000
ASV_146	0.096083	0.2882488	0.0000000	0.0000000
ASV_369	0.056023	0.1680679	0.0000000	0.0000000
ASV_140	0.08522	0.2556601	0.0000000	0.0000000
ASV_196	0.096515	0.2895443	0.0000000	0.0000000
ASV_141	0.199324	0.07297982	0.01138106	0.51361024
ASV_130	0.120247	0.3607398	0.0000000	0.0000000
ASV_172	0.208572	0.000105262	0.332846143	0.292764022
ASV_150	0.075496	0.2264885	0.0000000	0.0000000
ASV_144	0.084882	0.2546472	0.0000000	0.0000000
ASV_128	0.094647	0.2839398	0.0000000	0.0000000
ASV_117	0.171123	0.0001816313	0.5131872092	0.0000000000
ASV_235	0.175476	0.0000000	0.1915465	0.3348827
ASV_169	0.085649	0.0000000	0.2249228	0.0320254
ASV_175	0.134142	0.0000000	0.1781577	0.2242688
ASV_156	0.064963	0.1948902	0.0000000	0.0000000
ASV_115	0.195728	0.005045439	0.458579259	0.123558759
ASV_167	0.218905	0.0000000	0.1928771	0.4638387
ASV_183	0.184068	0.00000000	0.54132978	0.01087409
ASV_190	0.078691	0.2360727	0.0000000	0.0000000
ASV_148	0.085064	0.2551919	0.0000000	0.0000000
ASV_154	0.11274	0.00000000	0.30547194	0.03274901
ASV_209	0.221637	0.000000	0.304427	0.360485
ASV_152	0.081971	0.00000000	0.20502562	0.04088816
ASV_177	0.184744	0.00000000	0.45616488	0.09806792
ASV_157	0.075476	0.2264291	0.0000000	0.0000000
ASV_170	0.070214	0.2106418	0.0000000	0.0000000
ASV_201	0.048392	0.1451764	0.0000000	0.0000000
ASV_113	0.047254	0.141763	0.000000	0.000000
ASV_163	0.04641	0.1392294	0.0000000	0.0000000
ASV_160	0.090126	0.2703783	0.0000000	0.0000000
ASV_131	0.079746	0.00000000	0.16384346	0.07539547
ASV_225	0.156599	0.01269808	0.12336958	0.33372957
ASV_265	0.131133	0.3933999	0.0000000	0.0000000
ASV_207	0.168885	0.5066547	0.0000000	0.0000000
ASV_132	0.056853	0.1705589	0.0000000	0.0000000
ASV_184	0.154036	0.4621078	0.0000000	0.0000000
ASV_162	0.041794	0.1253826	0.0000000	0.0000000
ASV_248	0.263014	9.757088e-05	2.486608e-02	7.640786e-01
ASV_173	0.044067	0.1322014	0.0000000	0.0000000
ASV_195	0.158621	0.0000000	0.2582731	0.2175906
ASV_299	0.218868	0.009402612	0.026436374	0.620764014
ASV_250	0.164837	0.0000000	0.2631328	0.2313795
ASV_188	0.048733	0.1462004	0.0000000	0.0000000
ASV_161	0.154252	0.00000000	0.37378019	0.08897702
ASV_270	0.197643	0.0000000	0.3357071	0.2572213
ASV_151	0.041179	0.1235357	0.0000000	0.0000000
ASV_197	0.177309	0.0000000	0.2096042	0.3223230
ASV_203	0.066793	0.2003781	0.0000000	0.0000000
ASV_275	0.196299	0.00000000	0.49485342	0.09404405
ASV_182	0.125791	0.3773737	0.0000000	0.0000000
ASV_239	0.148366	0.0000000	0.2667743	0.1783237
ASV_180	0.177553	0.0000000	0.2151547	0.3175052
ASV_166	0.037237	0.1113706799	0.0003388843	0.0000000000
ASV_192	0.055048	0.1651438	0.0000000	0.0000000
ASV_300	0.039988	0.1199629	0.0000000	0.0000000
ASV_142	0.038982	0.1169461	0.0000000	0.0000000
ASV_213	0.151698	0.002117586	0.169315305	0.283660226
ASV_159	0.090943	0.00000000	0.21963616	0.05319294
ASV_205	0.041264	0.1237918	0.0000000	0.0000000
ASV_220	0.174859	0.005864489	0.158792806	0.359919503
ASV_287	0.173773	0.0000000	0.3528887	0.1684290
ASV_193	0.13165	0.00000000	0.37178503	0.02316563
ASV_158	0.069957	0.2098701	0.0000000	0.0000000
ASV_331	0.057712	0.1731359	0.0000000	0.0000000
ASV_345	0.040695	0.1220861	0.0000000	0.0000000
ASV_241	0.119282	0.001354384	0.179339528	0.177152833
ASV_292	0.159228	0.0000000	0.3622882	0.1153954
ASV_256	0.064628	0.1938846	0.0000000	0.0000000
ASV_330	0.199139	0.0000000	0.1775544	0.4198628
ASV_324	0.116266	0.00000000	0.06342203	0.28537567
ASV_178	0.039124	0.1173713	0.0000000	0.0000000
ASV_187	0.119892	0.3596749	0.0000000	0.0000000
ASV_259	0.048516	0.1455481	0.0000000	0.0000000
ASV_288	0.133048	0.00000000	0.34726194	0.05188205
ASV_228	0.064182	0.00000000	0.15099939	0.04154793
ASV_210	0.131936	0.0000000	0.2796017	0.1162055
ASV_200	0.032879	0.09863656	0.00000000	0.00000000
ASV_293	0.18738	0.0000000	0.2564351	0.3057050
ASV_445	0.213434	0.6403034	0.0000000	0.0000000
ASV_297	0.164584	0.00000000	0.03004167	0.46370916
ASV_304	0.133364	0.0000000	0.1402797	0.2598124
ASV_229	0.062455	0.00000000	0.13950137	0.04786357
ASV_881	0.139258	0.00000000	0.31802586	0.09974781
ASV_198	0.057139	0.00000000	0.12752643	0.04388949
ASV_271	0.115302	0.00000000	0.26740579	0.07849896
ASV_247	0.034891	0.1046729	0.0000000	0.0000000
ASV_313	0.147049	0.00000000	0.34854439	0.09260323
ASV_278	0.139407	0.00000000	0.35537815	0.06284179
ASV_284	0.178613	9.757088e-05	4.362777e-02	4.921127e-01
ASV_261	0.13166	0.00000000	0.34741138	0.04756885
ASV_176	0.113586	0.00000000	0.28669008	0.05406691
ASV_245	0.168092	0.00000000	0.06209952	0.44217731
ASV_337	0.139221	0.01240338	0.13991826	0.26534078
ASV_524	0.188385	0.00000000	0.04190763	0.52324807
ASV_255	0.052261	0.1567835	0.0000000	0.0000000
ASV_222	0.049276	0.1478291	0.0000000	0.0000000
ASV_387	0.181233	0.003591476	0.016768905	0.523338239
ASV_308	0.156712	0.003047514	0.006137179	0.460950852
ASV_199	0.056023	0.1680689	0.0000000	0.0000000
ASV_254	0.116343	0.000000000	0.345523277	0.003506557
ASV_253	0.031604	0.09481191	0.00000000	0.00000000
ASV_267	0.044154	0.1324631	0.0000000	0.0000000
ASV_291	0.055946	0.1678388	0.0000000	0.0000000
ASV_356	0.031951	0.09585332	0.00000000	0.00000000
ASV_186	0.111997	0.0000000	0.2514521	0.0845390
ASV_189	0.054957	0.00000000	0.11641906	0.04845312
ASV_237	0.028622	0.08586675	0.00000000	0.00000000
ASV_251	0.028493	0.08547752	0.00000000	0.00000000
ASV_289	0.059361	0.00000000	0.09899148	0.07909012
ASV_211	0.047864	0.00000000	0.12520193	0.01838962
ASV_217	0.034518	0.1035527	0.0000000	0.0000000
ASV_340	0.12601	0.0000000	0.1874006	0.1906283
ASV_242	0.083524	0.002663597	0.080130627	0.167776325
ASV_281	0.106076	0.00000000	0.29110611	0.02712331
ASV_542	0.157966	0.000105262	0.006594570	0.467198348
ASV_262	0.028771	0.086312	0.000000	0.000000
ASV_268	0.032224	0.09667245	0.00000000	0.00000000
ASV_482	0.042767	0.128301	0.000000	0.000000
ASV_208	0.098106	0.042425149	0.007524341	0.244367661
ASV_285	0.124972	0.0000000	0.1628344	0.2120812
ASV_238	0.035419	0.1062576	0.0000000	0.0000000
ASV_321	0.128781	0.00000000	0.29474310	0.09159943
ASV_309	0.029608	0.0888243	0.0000000	0.0000000
ASV_377	0.148689	0.00000000	0.38404112	0.06202694
ASV_252	0.02984	0.08952145	0.00000000	0.00000000
ASV_274	0.134909	0.0000000	0.1790785	0.2256476
ASV_418	0.147641	0.006131422	0.016703116	0.420088534
ASV_276	0.028421	0.08526189	0.00000000	0.00000000
ASV_780	0.2032	0.6096002	0.0000000	0.0000000
ASV_185	0.047297	0.00000000	0.11096019	0.03093028
ASV_1264	0.137774	0.002106914	0.020568627	0.390647665
ASV_836	0.114014	0.008380739	0.168416813	0.165244091
ASV_226	0.097087	0.00000000	0.25179100	0.03946885
ASV_1101	0.028852	0.08655609	0.00000000	0.00000000
ASV_224	0.03358	0.1007398	0.0000000	0.0000000
ASV_272	0.029024	0.08707122	0.00000000	0.00000000
ASV_305	0.11159	0.0000000	0.1711539	0.1636146
ASV_269	0.10665	0.000000	0.184601	0.135348
ASV_295	0.094637	0.0000000	0.2429429	0.0409690
ASV_392	0.106063	0.0009410266	0.2179423962	0.0993049092
ASV_357	0.132712	0.007748532	0.053485861	0.336902432
ASV_279	0.068868	0.2066044	0.0000000	0.0000000
ASV_376	0.026538	0.07961287	0.00000000	0.00000000
ASV_249	0.024816	0.07444658	0.00000000	0.00000000
ASV_373	0.098006	0.041779299	0.009912045	0.242326765
ASV_218	0.045774	0.1373207	0.0000000	0.0000000
ASV_344	0.129285	0.00000000	0.37243305	0.01542068
ASV_530	0.130688	0.0000000	0.2181384	0.1739247
ASV_260	0.031991	0.09597201	0.00000000	0.00000000
ASV_257	0.103518	0.0000000	0.1462379	0.1643169
ASV_326	0.114682	0.023530659	0.008980357	0.311534635
ASV_244	0.083608	0.000000000	0.247248402	0.003574904
ASV_322	0.105369	0.00000000	0.26815107	0.04795599
ASV_181	0.081795	0.00000000	0.19754516	0.04783887
ASV_204	0.046706	0.1401192	0.0000000	0.0000000
ASV_334	0.155714	0.0000000000	0.0009040429	0.4662394512
ASV_1315	0.140483	0.001170764	0.011381200	0.408898469
ASV_221	0.034116	0.1023488	0.0000000	0.0000000
ASV_399	0.12875	0.0000000	0.1287081	0.2575431
ASV_227	0.080772	0.0000000	0.2423167	0.0000000
ASV_232	0.02628	0.07884015	0.00000000	0.00000000
ASV_311	0.047644	0.1429316	0.0000000	0.0000000
ASV_492	0.105004	0.004457146	0.178639796	0.131915787
ASV_219	0.02587	0.07761055	0.00000000	0.00000000
ASV_587	0.12836	0.00000000	0.35018330	0.03489785
ASV_410	0.023844	0.07153292	0.00000000	0.00000000
ASV_282	0.042854	0.1285607	0.0000000	0.0000000
ASV_315	0.023281	0.06984337	0.00000000	0.00000000
ASV_303	0.093924	0.00000000	0.21895922	0.06281393
ASV_302	0.042078	0.1262337	0.0000000	0.0000000
ASV_240	0.026703	0.08010945	0.00000000	0.00000000
ASV_191	0.039579	0.1187383	0.0000000	0.0000000
ASV_342	0.033751	0.1012542	0.0000000	0.0000000
ASV_353	0.102951	0.0000000	0.1290042	0.1798477
ASV_266	0.105926	0.0000000	0.1459258	0.1718528
ASV_301	0.02333	0.06999024	0.00000000	0.00000000
ASV_264	0.02248	0.06743996	0.00000000	0.00000000
ASV_404	0.031628	0.09488351	0.00000000	0.00000000
ASV_370	0.080302	9.893017e-05	2.321067e-01	8.699924e-03
ASV_1201	0.131274	0.00000000	0.02335447	0.37046687
ASV_319	0.098705	0.0000000	0.1643936	0.1317204
ASV_323	0.081537	0.00000000	0.20776918	0.03684166
ASV_485	0.121336	0.0000000	0.2171603	0.1468482
ASV_294	0.045834	0.1375013	0.0000000	0.0000000
ASV_390	0.10025	0.023170905	0.004938424	0.272640345
ASV_371	0.090859	0.0000000	0.1690608	0.1035153
ASV_263	0.03029	0.09086868	0.00000000	0.00000000
ASV_421	0.046468	0.00000000	0.08334283	0.05606131
ASV_314	0.078901	0.000780567	0.055604468	0.180319046
ASV_283	0.046903	0.1407084	0.0000000	0.0000000
ASV_280	0.040262	0.1207848	0.0000000	0.0000000
ASV_365	0.067034	0.00000000	0.08435921	0.11674427
ASV_495	0.114406	0.003163814	0.041387981	0.298666122
ASV_307	0.092608	0.0000000	0.1394815	0.1383418
ASV_338	0.032001	0.000000000	0.091955552	0.004048085
ASV_223	0.050184	0.1505524	0.0000000	0.0000000
ASV_290	0.040024	0.1200733	0.0000000	0.0000000
ASV_341	0.083143	0.000000000	0.246962093	0.002467308
ASV_555	0.109482	0.00000000	0.27448530	0.05396183
ASV_638	0.098855	0.00000000	0.02445863	0.27210745
ASV_396	0.096287	0.0008329505	0.0503912093	0.2376375632
ASV_437	0.022895	0.06868529	0.00000000	0.00000000
ASV_298	0.03309	0.09927041	0.00000000	0.00000000
ASV_286	0.038679	0.1160382	0.0000000	0.0000000
ASV_347	0.083831	0.00000000	0.04715166	0.20434205
ASV_1086	0.150035	0.4501061	0.0000000	0.0000000
ASV_1070	0.080497	0.00000000	0.06423269	0.17725910
ASV_320	0.021614	0.06484142	0.00000000	0.00000000
ASV_953	0.098891	0.0000000	0.1712229	0.1254487
ASV_409	0.021577	0.06473215	0.00000000	0.00000000
ASV_479	0.027424	0.08227321	0.00000000	0.00000000
ASV_335	0.0217	0.06509882	0.00000000	0.00000000
ASV_327	0.036568	0.1097053	0.0000000	0.0000000
ASV_378	0.021231	0.06369416	0.00000000	0.00000000
ASV_277	0.080023	0.00000000	0.20236462	0.03770576
ASV_358	0.061206	0.00000000	0.14854538	0.03507342
ASV_439	0.020861	0.06258221	0.00000000	0.00000000
ASV_405	0.033504	0.1005127	0.0000000	0.0000000
ASV_350	0.02296	0.06888042	0.00000000	0.00000000
ASV_762	0.09749	0.0009014657	0.0651356648	0.2264328455
ASV_508	0.102915	0.005843212	0.086289151	0.216611519
ASV_620	0.067394	0.2021809	0.0000000	0.0000000
ASV_429	0.092963	0.0000000	0.0692560	0.2096328
ASV_366	0.077703	0.00000000	0.19437730	0.03873146
ASV_339	0.073009	0.000000000	0.210420997	0.008606372
ASV_363	0.019685	0.05905379	0.00000000	0.00000000
ASV_367	0.088272	0.0000000	0.1531920	0.1116254
ASV_368	0.024211	0.0722949351	0.0003388843	0.0000000000
ASV_483	0.020949	0.0628457	0.0000000	0.0000000
ASV_351	0.039636	0.1189077	0.0000000	0.0000000
ASV_413	0.080663	0.00000000	0.17805175	0.06393683
ASV_273	0.032038	0.09611359	0.00000000	0.00000000
ASV_372	0.091364	0.00000000	0.25321404	0.02087895
ASV_718	0.060545	0.0000000	0.1454741	0.0361599
ASV_317	0.034631	0.1038931	0.0000000	0.0000000
ASV_443	0.093547	0.0000000	0.2442480	0.0363928
ASV_529	0.096761	0.0000000	0.0716041	0.2186788
ASV_500	0.085511	0.0000000	0.1499134	0.1066182
ASV_520	0.097917	0.003842854	0.022553023	0.267354408
ASV_540	0.087046	0.00000000	0.09471758	0.16642131
ASV_234	0.020814	0.06244115	0.00000000	0.00000000
ASV_473	0.103186	0.00000000	0.05786178	0.25169661
ASV_343	0.066698	0.00000000	0.15450999	0.04558266
ASV_408	0.020928	0.06278257	0.00000000	0.00000000
ASV_496	0.098725	0.003786108	0.006235873	0.286153059
ASV_938	0.019847	0.05954241	0.00000000	0.00000000
ASV_755	0.102733	0.0009102619	0.1053890781	0.2018985119
ASV_400	0.094371	9.893017e-05	1.678209e-02	2.662317e-01
ASV_652	0.074233	0.0000000	0.1075527	0.1151457
ASV_384	0.029843	0.08952911	0.00000000	0.00000000
ASV_771	0.088805	0.0000000	0.1220320	0.1443839
ASV_425	0.102816	0.00000000	0.03090849	0.27754067
ASV_310	0.019602	0.05880649	0.00000000	0.00000000
ASV_383	0.096991	0.00000000	0.09679215	0.19417938
ASV_478	0.098948	0.0000000	0.1518892	0.1449544
ASV_761	0.075298	0.00000000	0.13490779	0.09098527
ASV_398	0.0223	0.06689905	0.00000000	0.00000000
ASV_352	0.030125	0.09037519	0.00000000	0.00000000
ASV_412	0.082037	0.00000000	0.17051023	0.07560096
ASV_674	0.055172	0.1655173	0.0000000	0.0000000
ASV_391	0.058002	0.0009486878	0.1202290953	0.0528280052
ASV_467	0.018717	0.05615051	0.00000000	0.00000000
ASV_332	0.029257	0.08777156	0.00000000	0.00000000
ASV_374	0.031422	0.09426663	0.00000000	0.00000000
ASV_584	0.06977	0.004680236	0.040801606	0.163826900
ASV_354	0.024986	0.000000000	0.070590903	0.004366939
ASV_444	0.047471	0.1424136	0.0000000	0.0000000
ASV_463	0.028815	0.08644433	0.00000000	0.00000000
ASV_466	0.031553	0.09465985	0.00000000	0.00000000
ASV_522	0.019228	0.05768423	0.00000000	0.00000000
ASV_634	0.072649	0.00000000	0.17694569	0.04100209
ASV_576	0.094932	0.0000000	0.1148568	0.1699390
ASV_385	0.017581	0.0527435	0.0000000	0.0000000
ASV_316	0.059404	0.00000000	0.09324015	0.08497237
ASV_1199	0.099366	0.0000000	0.1037102	0.1943879
ASV_779	0.017564	0.05269285	0.00000000	0.00000000
ASV_469	0.098672	0.0000000	0.0791041	0.2169129
ASV_1095	0.070741	0.00000000	0.17356758	0.03865508
ASV_494	0.108946	0.0000000	0.0000000	0.3268377
ASV_657	0.027099	0.08129571	0.00000000	0.00000000
ASV_355	0.022298	0.06689481	0.00000000	0.00000000
ASV_616	0.100586	0.000000000	0.006627033	0.295130383
ASV_306	0.017393	0.05217921	0.00000000	0.00000000
ASV_361	0.027684	0.08305286	0.00000000	0.00000000
ASV_901	0.091062	0.00000000	0.07911933	0.19406784
ASV_312	0.025775	0.07732474	0.00000000	0.00000000
ASV_388	0.016929	0.05078785	0.00000000	0.00000000
ASV_476	0.084925	0.000105262	0.060353166	0.194316436
ASV_336	0.024435	0.07330492	0.00000000	0.00000000
ASV_325	0.063316	0.000000000	0.183417747	0.006528874
ASV_333	0.028015	0.00000000	0.06301403	0.02103002
ASV_559	0.102214	0.000000000	0.009612682	0.297030143
ASV_380	0.01674	0.05022	0.00000	0.00000
ASV_433	0.095751	0.000105262	0.012074719	0.275073227
ASV_382	0.024508	0.000000000	0.071582180	0.001940862
ASV_561	0.085365	0.0000000	0.1034965	0.1525998
ASV_460	0.017896	0.05368786	0.00000000	0.00000000
ASV_468	0.076924	9.893017e-05	1.110704e-03	2.295624e-01
ASV_927	0.087217	0.000105262	0.077387476	0.184159638
ASV_470	0.062444	9.757088e-05	1.847646e-01	2.469046e-03
ASV_493	0.05633	0.00000000	0.10040085	0.06858891
ASV_601	0.089547	0.0000000	0.0235212	0.2451212
ASV_537	0.029364	0.08809197	0.00000000	0.00000000
ASV_426	0.021561	0.06468314	0.00000000	0.00000000
ASV_465	0.019279	0.05783829	0.00000000	0.00000000
ASV_499	0.067567	0.0006884333	0.0726214829	0.1293917592
ASV_589	0.10149	0.000000000	0.000138838	0.304332195
ASV_549	0.050996	0.00000000	0.10529369	0.04769339
ASV_449	0.017524	0.05257311	0.00000000	0.00000000
ASV_456	0.048156	0.1444684	0.0000000	0.0000000
ASV_685	0.077702	0.00000000	0.09649283	0.13661378
ASV_258	0.02099	0.06297132	0.00000000	0.00000000
ASV_688	0.082313	0.00000000	0.21710439	0.02983467
ASV_349	0.055725	0.00000000	0.14284342	0.02433011
ASV_451	0.073984	0.0000000	0.0494771	0.1724735
ASV_430	0.069433	0.01426421	0.01631836	0.17771756
ASV_603	0.052712	0.00000000	0.11893929	0.03919779
ASV_633	0.065182	0.0000000	0.0946443	0.1009028
ASV_987	0.017129	0.05138615	0.00000000	0.00000000
ASV_1100	0.025731	0.07719228	0.00000000	0.00000000
ASV_364	0.02143	0.063898431	0.000390796	0.000000000
ASV_442	0.018162	0.05448528	0.00000000	0.00000000
ASV_1066	0.065586	0.00000000	0.09587799	0.10087855
ASV_401	0.021922	0.06576649	0.00000000	0.00000000
ASV_441	0.034683	0.1040476	0.0000000	0.0000000
ASV_568	0.062156	0.00000000	0.10136247	0.08510565
ASV_318	0.015965	0.04789423	0.00000000	0.00000000
ASV_424	0.026939	0.08081705	0.00000000	0.00000000
ASV_375	0.027459	0.08237789	0.00000000	0.00000000
ASV_394	0.075679	0.00000000	0.08695135	0.14008701
ASV_597	0.018461	0.05538208	0.00000000	0.00000000
ASV_359	0.062078	0.00000000	0.14109162	0.04514235
ASV_528	0.015754	0.04726266	0.00000000	0.00000000
ASV_558	0.015809	0.04742655	0.00000000	0.00000000
ASV_1202	0.080539	0.0000000	0.0789537	0.1626625
ASV_397	0.033808	0.00000000	0.04973358	0.05169022
ASV_420	0.044508	0.0008967034	0.0422590002	0.0903674889
ASV_461	0.046028	0.1380853	0.0000000	0.0000000
ASV_789	0.070794	0.00000000	0.01957071	0.19281180
ASV_897	0.069947	0.00000000	0.14019045	0.06965145
ASV_457	0.031411	0.09423173	0.00000000	0.00000000
ASV_515	0.079337	0.0007340204	0.0101442807	0.2271323629
ASV_511	0.075362	0.002489606	0.053872511	0.169723132
ASV_419	0.078623	0.0000000000	0.0006777685	0.2351910725
ASV_563	0.057016	0.00000000	0.09516491	0.07588323
ASV_626	0.05088	0.00000000	0.02493952	0.12770152
ASV_379	0.036257	0.1087702	0.0000000	0.0000000
ASV_432	0.014412	0.04323666	0.00000000	0.00000000
ASV_666	0.068949	0.00000000	0.15563058	0.05121769
ASV_414	0.061165	0.001483953	0.125558152	0.056451733
ASV_393	0.058495	0.00000000	0.16132825	0.01415572
ASV_630	0.080864	0.0006276032	0.0036572220	0.2383058418
ASV_829	0.02043	0.06129099	0.00000000	0.00000000
ASV_668	0.055569	0.000000000	0.162076518	0.004631653
ASV_712	0.08657	0.001178542	0.005072956	0.253458961
ASV_438	0.056019	0.00000000	0.14009765	0.02795845
ASV_557	0.016125	0.04837355	0.00000000	0.00000000
ASV_596	0.025332	0.07599702	0.00000000	0.00000000
ASV_871	0.06677	0.0005327509	0.0270845182	0.1726936789
ASV_403	0.085921	0.0000000000	0.0005132469	0.2572510147
ASV_481	0.022758	0.06827467	0.00000000	0.00000000
ASV_536	0.014707	0.0441219	0.0000000	0.0000000
ASV_653	0.058832	0.0001816313	0.0566509062	0.1196641793
ASV_898	0.056409	0.00000000	0.10392425	0.06530301
ASV_501	0.079279	0.0000000	0.0300599	0.2077773
ASV_507	0.06687	0.00000000	0.12892164	0.07168938
ASV_1002	0.057121	0.00000000	0.08814882	0.08321387
ASV_1447	0.077142	0.000000000	0.009062326	0.222363244
ASV_402	0.07623	0.00000000	0.03513459	0.19355687
ASV_407	0.070152	0.00000000	0.09703486	0.11342037
ASV_837	0.069539	0.00000000	0.02543396	0.18318274
ASV_1151	0.071956	0.00000000	0.16024201	0.05562536
ASV_360	0.013945	0.041219620	0.000000000	0.000616827
ASV_472	0.07463	0.00000000	0.01164838	0.21224290
ASV_487	0.014291	0.04287228	0.00000000	0.00000000
ASV_462	0.014311	0.04293318	0.00000000	0.00000000
ASV_348	0.024762	0.07428719	0.00000000	0.00000000
ASV_514	0.069084	0.00000000	0.01313232	0.19411996
ASV_721	0.042334	0.1270027	0.0000000	0.0000000
ASV_783	0.074543	0.003283691	0.017843077	0.202503121
ASV_539	0.073164	0.00000000	0.05122752	0.16826319
ASV_648	0.082785	0.0001052620	0.0008238211	0.2474269817
ASV_406	0.023878	0.0716351	0.0000000	0.0000000
ASV_611	0.065587	0.00000000	0.08140375	0.11535792
ASV_395	0.053734	0.00000000	0.10599235	0.05521097
ASV_428	0.021737	0.06520954	0.00000000	0.00000000
ASV_643	0.076726	0.00000000	0.01229532	0.21788376
ASV_716	0.068717	0.00000000	0.18980516	0.01634497
ASV_532	0.039297	0.00000000	0.09239838	0.02549185
ASV_624	0.058128	0.00000000	0.10927954	0.06510297
ASV_931	0.078005	0.000000000	0.006916523	0.227098950
ASV_740	0.066887	0.01015803	0.01944232	0.17106155
ASV_497	0.023854	0.07156272	0.00000000	0.00000000
ASV_416	0.059898	0.00000000	0.14038666	0.03930765
ASV_509	0.04874	0.000000000	0.139832343	0.006386784
ASV_498	0.023733	0.07119946	0.00000000	0.00000000
ASV_381	0.023401	0.07020399	0.00000000	0.00000000
ASV_450	0.013011	0.03903392	0.00000000	0.00000000
ASV_714	0.057411	0.00000000	0.14223232	0.02999961
ASV_693	0.024084	0.07225275	0.00000000	0.00000000
ASV_791	0.064995	0.00000000	0.03069257	0.16429325
ASV_1092	0.061977	0.00000000	0.06213009	0.12379943
ASV_1391	0.093465	0.2803958	0.0000000	0.0000000
ASV_510	0.077567	9.757088e-05	1.843100e-03	2.307616e-01
ASV_554	0.055426	0.00000000	0.07174200	0.09453548
ASV_724	0.031607	0.09482202	0.00000000	0.00000000
ASV_715	0.068011	0.0002927126	0.0100425049	0.1936974142
ASV_1093	0.046795	0.00000000	0.13023659	0.01014794
ASV_486	0.049526	0.00000000	0.10933327	0.03924585
ASV_850	0.068948	0.00000000	0.04770267	0.15914276
ASV_969	0.067954	0.00000000	0.01985806	0.18400531
ASV_452	0.040314	0.00000000	0.03915153	0.08178916
ASV_757	0.05849	0.001808837	0.088268036	0.085392245
ASV_329	0.026059	0.00000000	0.05038196	0.02779507
ASV_480	0.033288	0.09986485	0.00000000	0.00000000
ASV_531	0.049477	0.00000000	0.10346392	0.04496563
ASV_649	0.052356	0.00000000	0.09141857	0.06564944
ASV_475	0.015434	0.04630229	0.00000000	0.00000000
ASV_902	0.060455	0.0000000	0.0837193	0.0976458
ASV_1096	0.066904	0.0000000	0.1322443	0.0684678
ASV_435	0.042356	0.0000000000	0.1263793847	0.0006871435
ASV_719	0.056244	0.00000000	0.01587686	0.15285365
ASV_1141	0.013519	0.0405578	0.0000000	0.0000000
ASV_636	0.04949	0.00000000	0.09337868	0.05509110
ASV_749	0.071317	0.00000000	0.05851015	0.15544041
ASV_1307	0.077034	0.00000000	0.03443922	0.19666318
ASV_434	0.047059	0.00000000	0.09251540	0.04866022
ASV_1004	0.036724	0.00000000	0.05538844	0.05478425
ASV_296	0.013381	0.0398033944	0.0003388843	0.0000000000
ASV_518	0.046168	0.1385034	0.0000000	0.0000000
ASV_635	0.05396	0.00000000	0.13417747	0.02770375
ASV_770	0.067443	0.00000000	0.01975539	0.18257341
ASV_602	0.052921	0.00000000	0.07256327	0.08619923
ASV_677	0.052642	0.0000000	0.1274872	0.0304400
ASV_699	0.05806	0.00000000	0.02893514	0.14524590
ASV_811	0.045258	0.00000000	0.03672594	0.09904736
ASV_639	0.060875	0.000000000	0.173990700	0.008635579
ASV_651	0.065023	0.00000000	0.13326887	0.06180114
ASV_708	0.018817	0.05645208	0.00000000	0.00000000
ASV_591	0.037519	0.1125571	0.0000000	0.0000000
ASV_742	0.061789	0.002427887	0.007844554	0.175093650
ASV_878	0.05303	0.00000000	0.06806711	0.09102307
ASV_566	0.039547	0.0000000	0.1186422	0.0000000
ASV_1240	0.064169	0.00000000	0.06168491	0.13082301
ASV_455	0.047366	0.00000000	0.11421936	0.02787743
ASV_1024	0.013279	0.03983553	0.00000000	0.00000000
ASV_763	0.040459	0.00000000	0.04807855	0.07329792
ASV_637	0.04818	0.00000000	0.09575340	0.04878704
ASV_417	0.01521	0.04562965	0.00000000	0.00000000
ASV_538	0.01169	0.03506856	0.00000000	0.00000000
ASV_608	0.023665	0.07099569	0.00000000	0.00000000
ASV_623	0.047674	0.00000000	0.11263059	0.03039016
ASV_547	0.017642	0.05292486	0.00000000	0.00000000
ASV_541	0.046191	0.00000000	0.10493518	0.03363812
ASV_571	0.012622	0.03786465	0.00000000	0.00000000
ASV_586	0.054762	0.00000000	0.05488013	0.10940638
ASV_689	0.06784	0.00000000	0.12495232	0.07856688
ASV_687	0.051882	0.00000000	0.02451376	0.13113260
ASV_709	0.03633	0.1089901	0.0000000	0.0000000
ASV_713	0.043833	0.0001674453	0.1027509618	0.0285807188
ASV_814	0.060555	0.0000000	0.0000000	0.1816648
ASV_974	0.052694	0.00000000	0.08602614	0.07205548
ASV_750	0.065977	0.0000000	0.1420017	0.0559301
ASV_505	0.011828	0.03548363	0.00000000	0.00000000
ASV_592	0.016422	0.04926647	0.00000000	0.00000000
ASV_826	0.058805	0.00000000	0.07813805	0.09827777
ASV_605	0.030669	0.09200743	0.00000000	0.00000000
ASV_1163	0.047421	0.0008217415	0.0325621107	0.1088777755
ASV_807	0.047871	0.00000000	0.06237656	0.08123696
ASV_647	0.045102	0.0001951418	0.0565480013	0.0785621666
ASV_683	0.022321	0.0666196640	0.0003424916	0.0000000000
ASV_744	0.04348	0.00000000	0.09247728	0.03796271
ASV_411	0.012007	0.03602013	0.00000000	0.00000000
ASV_781	0.011193	0.03357787	0.00000000	0.00000000
ASV_1161	0.058596	0.00000000	0.06039035	0.11539671
ASV_698	0.045647	0.00000000	0.11467402	0.02226549
ASV_745	0.058315	0.00000000	0.08467783	0.09026589
ASV_458	0.011202	0.03360562	0.00000000	0.00000000
ASV_764	0.04619	0.0001951418	0.0280012568	0.1103741638
ASV_797	0.020884	0.059816478	0.002836541	0.000000000
ASV_453	0.018084	0.05425227	0.00000000	0.00000000
ASV_386	0.010515	0.03154616	0.00000000	0.00000000
ASV_1353	0.044051	0.002103693	0.069796950	0.060251859
ASV_697	0.051299	0.00000000	0.13255835	0.02133754
ASV_851	0.042751	0.000105262	0.074524646	0.053621885
ASV_523	0.052191	0.00000000	0.06131344	0.09526000
ASV_1008	0.064424	0.00000000	0.03737319	0.15589900
ASV_427	0.011266	0.03379763	0.00000000	0.00000000
ASV_654	0.027161	0.00000000	0.04583446	0.03564879
ASV_975	0.058756	0.00000000	0.10595275	0.07031379
ASV_1418	0.061031	0.0004020526	0.0539322599	0.1287576432
ASV_474	0.013836	0.04150653	0.00000000	0.00000000
ASV_431	0.011919	0.0357572	0.0000000	0.0000000
ASV_446	0.035564	0.000000	0.106691	0.000000
ASV_575	0.05191	9.893017e-05	5.188258e-02	1.037498e-01
ASV_692	0.057594	0.00128388	0.02539008	0.14610662
ASV_727	0.019195	0.05758461	0.00000000	0.00000000
ASV_1034	0.038752	0.00000000	0.05428252	0.06197355
ASV_701	0.035733	0.0000000	0.1071999	0.0000000
ASV_769	0.045232	0.00000000	0.11459599	0.02109952
ASV_995	0.034245	0.00000000	0.06598491	0.03675011
ASV_1097	0.061067	0.00000000	0.14884517	0.03435718
ASV_389	0.015618	0.0463134802	0.0000000000	0.0005406691
ASV_513	0.035231	0.0000000	0.1056924	0.0000000
ASV_612	0.035204	0.000000	0.105613	0.000000
ASV_1337	0.058578	0.0008676415	0.0336825648	0.1411833647
ASV_1235	0.01102	0.03306053	0.00000000	0.00000000
ASV_1001	0.062825	0.000000000	0.001355537	0.187119733
ASV_328	0.010801	0.03240228	0.00000000	0.00000000
ASV_552	0.012167	0.03650207	0.00000000	0.00000000
ASV_617	0.055922	0.00000000	0.03664038	0.13112523
ASV_782	0.058421	0.002437530	0.004589699	0.168236036
ASV_599	0.034602	0.0006559752	0.0327948562	0.0703562452
ASV_1352	0.03659	0.00000000	0.09543590	0.01433283
ASV_527	0.02086	0.06257938	0.00000000	0.00000000
ASV_886	0.048432	0.00000000	0.08676388	0.05853195
ASV_970	0.041616	0.00000000	0.07535048	0.04949796
ASV_994	0.052875	0.002374324	0.006209177	0.150042183
ASV_664	0.049534	0.0005667793	0.0598536705	0.0881824914
ASV_735	0.036904	0.00000000	0.09350020	0.01721274
ASV_804	0.065137	0.0002868933	0.0000000000	0.1951238646
ASV_1261	0.064529	0.0000000	0.0000000	0.1935856
ASV_1292	0.050482	0.000000000	0.009263955	0.142182114
ASV_795	0.016324	0.0489734	0.0000000	0.0000000
ASV_952	0.056984	0.00000000	0.11568625	0.05526569
ASV_502	0.037159	0.00000000	0.08927221	0.02220368
ASV_906	0.028869	0.00000000	0.04249894	0.04410941
ASV_1301	0.049202	0.00000000	0.06050008	0.08710678
ASV_525	0.029717	0.08915149	0.00000000	0.00000000
ASV_914	0.031423	0.09426889	0.00000000	0.00000000
ASV_916	0.014991	0.04497198	0.00000000	0.00000000
ASV_484	0.033325	0.00000000	0.09997446	0.00000000
ASV_459	0.011271	0.03381409	0.00000000	0.00000000
ASV_751	0.040364	0.1210914	0.0000000	0.0000000
ASV_772	0.030115	0.00000000	0.07487528	0.01547030
ASV_1190	0.042158	0.0004147163	0.0756238911	0.0504358913
ASV_1196	0.049605	0.00000000	0.04438719	0.10442891
ASV_516	0.038361	0.000000000	0.113330832	0.001753279
ASV_581	0.013339	0.04001578	0.00000000	0.00000000
ASV_464	0.038791	0.000000000	0.108641281	0.007730619
ASV_640	0.012551	0.03765354	0.00000000	0.00000000
ASV_663	0.009689	0.02906561	0.00000000	0.00000000
ASV_671	0.037076	0.1112288	0.0000000	0.0000000
ASV_696	0.03712	0.000000000	0.105043028	0.006318462
ASV_614	0.034599	0.000000000	0.099177071	0.004620296
ASV_903	0.042743	0.00000000	0.08140716	0.04682199
ASV_1246	0.05264	0.00000000	0.03610882	0.12181209
ASV_1500	0.04811	0.00000000	0.06227082	0.08205974
ASV_869	0.032347	0.0003632625	0.0668194751	0.0298570905
ASV_573	0.012689	0.03806711	0.00000000	0.00000000
ASV_489	0.011307	0.03391982	0.00000000	0.00000000
ASV_572	0.010821	0.03246189	0.00000000	0.00000000
ASV_736	0.023512	0.00000000	0.02735108	0.04318418
ASV_704	0.013789	0.0406828761	0.0006849831	0.0000000000
ASV_1229	0.03759	0.012378736	0.005761032	0.094630312
ASV_567	0.039834	0.00000000	0.08084008	0.03866136
ASV_859	0.041483	0.0000000	0.1135659	0.0108816
ASV_711	0.015634	0.04690341	0.00000000	0.00000000
ASV_884	0.041404	0.00000000	0.05675685	0.06745455
ASV_490	0.037413	0.1122376	0.0000000	0.0000000
ASV_582	0.014124	0.04237109	0.00000000	0.00000000
ASV_1498	0.039256	0.00000000	0.05417851	0.06358916
ASV_579	0.039606	0.010122393	0.003079481	0.105615715
ASV_725	0.035549	0.1066481	0.0000000	0.0000000
ASV_741	0.023815	0.07144527	0.00000000	0.00000000
ASV_790	0.017804	0.00000000	0.04069745	0.01271481
ASV_1348	0.043518	0.00000000	0.05837423	0.07217992
ASV_895	0.046157	0.003253439	0.019817186	0.115400654
ASV_506	0.035988	0.00000000	0.07227995	0.03568416
ASV_747	0.039087	0.00000000	0.06129215	0.05596979
ASV_488	0.015461	0.04638234	0.00000000	0.00000000
ASV_1139	0.016894	0.05068262	0.00000000	0.00000000
ASV_932	0.060046	0.0000000	0.0000000	0.1801368
ASV_533	0.031841	0.000000000	0.090482097	0.005041973
ASV_684	0.032126	0.00000000	0.06990356	0.02647527
ASV_808	0.036492	0.00000000	0.06808659	0.04138900
ASV_729	0.00931	0.0279313	0.0000000	0.0000000
ASV_999	0.044175	0.00000000	0.04202855	0.09049536
ASV_560	0.03127	0.000000000	0.090666069	0.003144531
ASV_585	0.00897	0.02690901	0.00000000	0.00000000
ASV_600	0.035055	0.00000000	0.07120197	0.03396267
ASV_629	0.012829	0.03848799	0.00000000	0.00000000
ASV_1251	0.042059	0.00000000	0.06272271	0.06345283
ASV_477	0.013909	0.000000000	0.036333446	0.005392824
ASV_577	0.017085	0.00000000	0.03281777	0.01843819
ASV_1065	0.04492	0.00000000	0.10539362	0.02936626
ASV_1106	0.047635	0.002723401	0.042607173	0.097573370
ASV_650	0.044072	0.00000000	0.08851001	0.04370642
ASV_813	0.039923	0.0000000	0.1093598	0.0104099
ASV_1143	0.034118	0.00000000	0.07328338	0.02906978
ASV_694	0.017672	0.05301523	0.00000000	0.00000000
ASV_800	0.022118	0.06635363	0.00000000	0.00000000
ASV_825	0.032962	0.0001816313	0.0688296271	0.0298752081
ASV_471	0.029937	0.00000000	0.08981154	0.00000000
ASV_820	0.008587	0.02576007	0.00000000	0.00000000
ASV_943	0.046376	0.001958214	0.005586515	0.131583719
ASV_786	0.038804	0.00000000	0.04969848	0.06671455
ASV_793	0.014018	0.04205376	0.00000000	0.00000000
ASV_821	0.010035	0.03010466	0.00000000	0.00000000
ASV_913	0.011155	0.03346488	0.00000000	0.00000000
ASV_1295	0.04826	0.00000000	0.01605543	0.12872510
ASV_422	0.014747	0.0442395	0.0000000	0.0000000
ASV_545	0.032454	0.00000000	0.08584525	0.01151738
ASV_546	0.017223	0.00000000	0.03302916	0.01864012
ASV_992	0.008895	0.0266858	0.0000000	0.0000000
ASV_954	0.041046	0.00000000	0.06027398	0.06286421
ASV_609	0.017043	0.05113015	0.00000000	0.00000000
ASV_628	0.009272	0.02781614	0.00000000	0.00000000
ASV_672	0.016343	0.04902877	0.00000000	0.00000000
ASV_695	0.029324	0.00000000	0.07306672	0.01490594
ASV_517	0.011361	0.03408426	0.00000000	0.00000000
ASV_548	0.008483	0.02544922	0.00000000	0.00000000
ASV_828	0.046479	0.00000000	0.09865749	0.04078090
ASV_678	0.037673	0.00000000	0.06815068	0.04486940
ASV_1028	0.047261	0.001013264	0.015696000	0.125072793
ASV_519	0.01444	0.04331994	0.00000000	0.00000000
ASV_544	0.029022	0.0000000000	0.0864154857	0.0006509654
ASV_988	0.014707	0.04412141	0.00000000	0.00000000
ASV_1021	0.027243	0.0811879353	0.0000000000	0.0005406691
ASV_676	0.047054	0.0030246971	0.0005132469	0.1376227468
ASV_491	0.008597	0.02578987	0.00000000	0.00000000
ASV_534	0.033303	0.00000000	0.08739243	0.01251599
ASV_1150	0.033095	0.00000000	0.03949958	0.05978426
ASV_553	0.00942	0.02825886	0.00000000	0.00000000
ASV_730	0.033319	0.00000000	0.07786596	0.02209002
ASV_842	0.013961	0.0418825	0.0000000	0.0000000
ASV_556	0.009469	0.02840699	0.00000000	0.00000000
ASV_809	0.019855	0.00000000	0.03490468	0.02466159
ASV_822	0.043081	0.0000000	0.0215437	0.1076992
ASV_1031	0.048823	0.000000000	0.003408525	0.143059707
ASV_679	0.046343	0.00000000	0.10246913	0.03656081
ASV_888	0.05435	0.0000000000	0.0003424916	0.1627072071
ASV_551	0.012147	0.000000000	0.034015305	0.002426077
ASV_574	0.038454	0.00000000	0.07770195	0.03765934
ASV_827	0.040572	0.00000000	0.05756657	0.06414802
ASV_1090	0.044682	0.004187329	0.010454474	0.119405168
ASV_948	0.042918	0.0003157861	0.0442120064	0.0842267524
ASV_588	0.014862	0.000000000	0.037156007	0.007428687
ASV_858	0.015198	0.000000000	0.038108407	0.007485213
ASV_928	0.037776	0.00000000	0.05848905	0.05483750
ASV_1117	0.029058	0.000000000	0.077983060	0.009191375
ASV_1007	0.047628	0.00000000	0.04540918	0.09747447
ASV_503	0.012424	0.000000000	0.032904602	0.004366939
ASV_1135	0.044792	0.001172117	0.025612301	0.107591118
ASV_454	0.008526	0.02557868	0.00000000	0.00000000
ASV_706	0.015295	0.04588441	0.00000000	0.00000000
ASV_876	0.045831	0.000000000	0.002657466	0.134835653
ASV_1060	0.044131	0.0001674453	0.0036870230	0.1285393604
ASV_1360	0.02984	0.00000000	0.07695889	0.01256123
ASV_550	0.020788	0.00000000	0.04250468	0.01985891
ASV_787	0.033668	0.00000000	0.07525629	0.02574855
ASV_1452	0.049236	0.000000000	0.006155436	0.141552553
ASV_1509	0.041024	0.00000000	0.04703119	0.07603932
ASV_562	0.026508	0.000000000	0.074268543	0.005256011
ASV_1148	0.03677	0.00000000	0.08877900	0.02153225
ASV_631	0.008421	0.02526289	0.00000000	0.00000000
ASV_662	0.008998	0.0266556215	0.0003388843	0.0000000000
ASV_521	0.00813	0.02438862	0.00000000	0.00000000
ASV_866	0.011852	0.03555605	0.00000000	0.00000000
ASV_900	0.031231	0.000000000	0.091843186	0.001850481
ASV_1113	0.040095	0.0000000	0.0124276	0.1078581
ASV_448	0.009095	0.02728609	0.00000000	0.00000000
ASV_686	0.026829	0.00000000	0.08048552	0.00000000
ASV_924	0.04433	9.757088e-05	7.627134e-03	1.252661e-01
ASV_1212	0.018732	0.00000000	0.02708220	0.02911455
ASV_960	0.008684	0.02605177	0.00000000	0.00000000
ASV_615	0.02416	0.00000000	0.06242902	0.01005172
ASV_717	0.028945	0.00000000	0.06574756	0.02108610
ASV_1005	0.032087	0.00000000	0.05187750	0.04438377
ASV_641	0.009887	0.02966045	0.00000000	0.00000000
ASV_824	0.033524	0.00000000	0.08894013	0.01163289
ASV_645	0.020064	0.06019316	0.00000000	0.00000000
ASV_1294	0.04451	0.00000000	0.01862675	0.11490308
ASV_246	0.007383	0.02214859	0.00000000	0.00000000
ASV_512	0.013408	0.04022451	0.00000000	0.00000000
ASV_1035	0.03531	0.00000000	0.09218671	0.01374287
ASV_526	0.012884	0.03865124	0.00000000	0.00000000
ASV_737	0.033158	0.00000000	0.01598436	0.08348928
ASV_766	0.013683	0.04104867	0.00000000	0.00000000
ASV_1036	0.037625	0.00000000	0.09868790	0.01418702
ASV_1168	0.045343	0.00000000	0.03593697	0.10009099
ASV_583	0.015603	0.0172700450	0.0005132469	0.0290250093
ASV_665	0.035836	0.00000000	0.03881487	0.06869425
ASV_776	0.010852	0.03255579	0.00000000	0.00000000
ASV_702	0.014163	0.00000000	0.03177455	0.01071395
ASV_841	0.02121	0.06362973	0.00000000	0.00000000
ASV_1019	0.008089	0.02426725	0.00000000	0.00000000
ASV_1074	0.047436	0.0000000	0.0000000	0.1423084
ASV_595	0.008029	0.02408621	0.00000000	0.00000000
ASV_565	0.008545	0.02563403	0.00000000	0.00000000
ASV_569	0.029286	0.00000000	0.05922250	0.02863688
ASV_675	0.008036	0.02410896	0.00000000	0.00000000
ASV_756	0.007512	0.02253694	0.00000000	0.00000000
ASV_925	0.044221	0.0007340204	0.0223292138	0.1095988846
ASV_892	0.018945	0.05683412	0.00000000	0.00000000
ASV_982	0.012983	0.03894792	0.00000000	0.00000000
ASV_621	0.007727	0.02318069	0.00000000	0.00000000
ASV_627	0.012114	0.03634213	0.00000000	0.00000000
ASV_644	0.013362	0.00000000	0.02884909	0.01123767
ASV_710	0.007792	0.02337591	0.00000000	0.00000000
ASV_882	0.029601	0.00000000	0.06566563	0.02313740
ASV_564	0.010782	0.000000000	0.029433652	0.002911293
ASV_658	0.011497	0.03448974	0.00000000	0.00000000
ASV_670	0.010782	0.000000000	0.029433652	0.002911293
ASV_979	0.047304	0.0000000	0.0000000	0.1419125
ASV_998	0.029933	0.00000000	0.06256650	0.02723263
ASV_816	0.010457	0.03136997	0.00000000	0.00000000
ASV_1506	0.029565	0.00000000	0.05514136	0.03355410
ASV_880	0.038628	0.00000000	0.02131355	0.09456975
ASV_904	0.039181	0.000000000	0.005489072	0.112053366
ASV_839	0.029246	0.00000000	0.01758676	0.07015091
ASV_875	0.026926	0.0001816313	0.0406480583	0.0399478776
ASV_997	0.037657	0.00000000	0.02646619	0.08650462
ASV_1057	0.034193	9.893017e-05	7.671200e-02	2.576935e-02
ASV_1116	0.033514	0.00000000	0.01895369	0.08158693
ASV_1121	0.03229	0.00000000	0.04170206	0.05516734
ASV_594	0.013932	0.04179643	0.00000000	0.00000000
ASV_1025	0.030343	0.00000000	0.06628748	0.02474006
ASV_1287	0.033749	0.00000000	0.05202384	0.04922225
ASV_680	0.024661	0.000000000	0.069063377	0.004920865
ASV_893	0.012027	0.03608058	0.00000000	0.00000000
ASV_1164	0.040262	0.00000000	0.01760276	0.10318376
ASV_613	0.02725	0.00000000	0.06523726	0.01651144
ASV_833	0.00761	0.02282951	0.00000000	0.00000000
ASV_838	0.040882	0.00000000	0.01982292	0.10282217
ASV_865	0.011791	0.03537351	0.00000000	0.00000000
ASV_1124	0.008841	0.02652339	0.00000000	0.00000000
ASV_1331	0.040518	0.1215533	0.0000000	0.0000000
ASV_669	0.031552	0.00000000	0.02531922	0.06933536
ASV_835	0.027461	0.0002927126	0.0640219496	0.0180689520
ASV_1083	0.040457	0.1213717	0.0000000	0.0000000
ASV_1160	0.026145	0.00000000	0.05811910	0.02031724
ASV_1191	0.030157	0.00000000	0.02621786	0.06425247
ASV_732	0.044901	0.000000000	0.006670205	0.128031419
ASV_857	0.014997	0.00000000	0.02621530	0.01877517
ASV_899	0.025344	0.00000000	0.06398463	0.01204704
ASV_1037	0.025668	0.00000000	0.05295247	0.02405296
ASV_844	0.033585	0.005243624	0.004735083	0.090775632
ASV_930	0.033247	0.0000000000	0.0005553519	0.0991858868
ASV_1145	0.037394	0.00000000	0.02943107	0.08275154
ASV_1521	0.037723	0.0001674453	0.0044481105	0.1085521697
ASV_796	0.011645	0.03493454	0.00000000	0.00000000
ASV_1446	0.042134	0.0000000000	0.0008557385	0.1255458319
ASV_625	0.025662	0.00000000	0.04310880	0.03387589
ASV_504	0.006913	0.02073803	0.00000000	0.00000000
ASV_834	0.024771	0.00000000	0.06133805	0.01297606
ASV_973	0.029053	0.000376773	0.011714760	0.075067769
ASV_619	0.011386	0.03415884	0.00000000	0.00000000
ASV_831	0.008307	0.02492035	0.00000000	0.00000000
ASV_604	0.013209	0.03962639	0.00000000	0.00000000
ASV_734	0.0266	0.00000000	0.05450796	0.02529062
ASV_934	0.019687	0.05905957	0.00000000	0.00000000
ASV_1297	0.028612	0.00000000	0.05305478	0.03277981
ASV_1340	0.028111	0.00000000	0.04108075	0.04325353
ASV_690	0.01282	0.03845996	0.00000000	0.00000000
ASV_765	0.008853	0.02655828	0.00000000	0.00000000
ASV_777	0.012169	0.03650788	0.00000000	0.00000000
ASV_922	0.035243	0.00000000	0.01465436	0.09107469
ASV_1490	0.026729	0.00000000	0.04986069	0.03032682
ASV_543	0.021577	0.00000000	0.02334731	0.04138243
ASV_722	0.011814	0.0354434	0.0000000	0.0000000
ASV_905	0.025123	0.00000000	0.03197825	0.04339085
ASV_1040	0.038944	0.000000000	0.007608605	0.109223807
ASV_1233	0.0135	0.0405009	0.0000000	0.0000000
ASV_578	0.011482	0.000000000	0.024990837	0.009454776
ASV_738	0.012197	0.03659091	0.00000000	0.00000000
ASV_799	0.008678	0.02603499	0.00000000	0.00000000
ASV_1363	0.03395	0.000000000	0.003932272	0.097916903
ASV_885	0.029822	0.00000000	0.04486183	0.04460427
ASV_890	0.042747	0.0000000	0.0000000	0.1282402
ASV_910	0.010996	0.03298672	0.00000000	0.00000000
ASV_1206	0.022375	0.00000000	0.06712474	0.00000000
ASV_868	0.011867	0.03559973	0.00000000	0.00000000
ASV_753	0.01367	0.0410114	0.0000000	0.0000000
ASV_823	0.023906	0.00000000	0.04854435	0.02317273
ASV_915	0.011745	0.03523647	0.00000000	0.00000000
ASV_731	0.026388	0.00000000	0.04196815	0.03719708
ASV_1039	0.036066	0.00000000	0.09593078	0.01226602
ASV_1122	0.027058	0.00000000	0.05820478	0.02297056
ASV_590	0.007052	0.02115666	0.00000000	0.00000000
ASV_610	0.011564	0.03469157	0.00000000	0.00000000
ASV_748	0.024438	0.00000000	0.05987349	0.01344055
ASV_1000	0.026515	0.00000000	0.04784849	0.03169581
ASV_1010	0.007938	0.02381374	0.00000000	0.00000000
ASV_1221	0.010737	0.03221195	0.00000000	0.00000000
ASV_661	0.007471	0.02241221	0.00000000	0.00000000
ASV_1016	0.019624	0.05887114	0.00000000	0.00000000
ASV_1091	0.024525	0.00000000	0.04851817	0.02505723
ASV_1516	0.028869	0.00000000	0.04509373	0.04151290
ASV_929	0.025023	0.00000000	0.04638780	0.02868147
ASV_1296	0.029612	0.00000000	0.03278930	0.05604776
ASV_700	0.021463	0.00000000	0.06438841	0.00000000
ASV_1052	0.035527	0.0001951418	0.0014331667	0.1049533128
ASV_1330	0.00686	0.02058028	0.00000000	0.00000000
ASV_593	0.006538	0.01961501	0.00000000	0.00000000
ASV_856	0.025084	0.00000000	0.05304484	0.02220820
ASV_1033	0.033057	0.000000000	0.003082424	0.096087861
ASV_1042	0.037854	0.000000000	0.005422148	0.108140153
ASV_1344	0.025934	9.893017e-05	4.739244e-02	3.031153e-02
ASV_642	0.00613	0.01838959	0.00000000	0.00000000
ASV_767	0.011533	0.0345983	0.0000000	0.0000000
ASV_794	0.008373	0.02511933	0.00000000	0.00000000
ASV_801	0.018198	0.05459257	0.00000000	0.00000000
ASV_775	0.006808	0.02042533	0.00000000	0.00000000
ASV_792	0.006713	0.02013788	0.00000000	0.00000000
ASV_990	0.017468	0.05240294	0.00000000	0.00000000
ASV_1009	0.038772	0.000000000	0.003560566	0.112754714
ASV_1018	0.025302	0.07590454	0.00000000	0.00000000
ASV_656	0.020958	0.0000000000	0.0623334635	0.0005406691
ASV_972	0.023115	0.00000000	0.04542263	0.02392268
ASV_1029	0.020912	0.000000000	0.059492325	0.003244015
ASV_785	0.020446	0.00000000	0.06133805	0.00000000
ASV_1063	0.023916	0.00000000	0.05901327	0.01273413
ASV_845	0.009305	0.02791525	0.00000000	0.00000000
ASV_1067	0.026815	0.00000000	0.03126060	0.04918572
ASV_798	0.010837	0.032512	0.000000	0.000000
ASV_854	0.029484	0.00000000	0.03659651	0.05185480
ASV_951	0.024479	0.00000000	0.04812156	0.02531578
ASV_1118	0.028503	0.00000000	0.04784947	0.03766058
ASV_606	0.006762	0.02028567	0.00000000	0.00000000
ASV_1364	0.03279	0.00000000	0.06920545	0.02916395
ASV_723	0.010031	0.03009301	0.00000000	0.00000000
ASV_864	0.009884	0.029652	0.000000	0.000000
ASV_933	0.009879	0.02963782	0.00000000	0.00000000
ASV_632	0.019701	0.00000000	0.05440859	0.00469446
ASV_739	0.009858	0.02957284	0.00000000	0.00000000
ASV_1041	0.034711	0.00000000	0.00614406	0.09798941
ASV_1239	0.033324	9.893017e-05	1.728259e-02	8.259126e-02
ASV_1487	0.029372	0.00000000	0.05338031	0.03473636
ASV_598	0.005693	0.01707898	0.00000000	0.00000000
ASV_707	0.011483	0.03444763	0.00000000	0.00000000
ASV_860	0.008606	0.02581899	0.00000000	0.00000000
ASV_1038	0.032773	0.00000000	0.02966968	0.06865006
ASV_1146	0.024636	0.00000000	0.03389925	0.04000952
ASV_1519	0.036907	0.0007340204	0.0290276467	0.0809586285
ASV_935	0.009599	0.02879652	0.00000000	0.00000000
ASV_981	0.007523	0.02256934	0.00000000	0.00000000
ASV_1064	0.032697	9.757088e-05	3.017608e-03	9.497541e-02
ASV_1130	0.0104	0.03120041	0.00000000	0.00000000
ASV_1098	0.014978	0.04493313	0.00000000	0.00000000
ASV_1380	0.012797	0.0383924	0.0000000	0.0000000
ASV_889	0.019634	0.00000000	0.05890133	0.00000000
ASV_985	0.009599	0.02879676	0.00000000	0.00000000
ASV_1058	0.029279	0.00000000	0.05484787	0.03298814
ASV_1073	0.037117	0.0000000	0.0000000	0.1113513
ASV_1243	0.022432	0.00000000	0.03087990	0.03641692
ASV_733	0.023411	0.00000000	0.04957202	0.02065976
ASV_1230	0.019683	0.05904916	0.00000000	0.00000000
ASV_788	0.021574	0.00000000	0.04951435	0.01520733
ASV_805	0.006372	0.01911646	0.00000000	0.00000000
ASV_941	0.010292	0.03087732	0.00000000	0.00000000
ASV_535	0.009316	0.02794888	0.00000000	0.00000000
ASV_728	0.010232	0.03069568	0.00000000	0.00000000
ASV_976	0.021022	0.00000000	0.04875100	0.01431417
ASV_415	0.027411	9.893017e-05	4.139276e-02	4.074134e-02
ASV_1071	0.031367	0.00000000	0.04413923	0.04996299
ASV_810	0.021551	0.00000000	0.01266797	0.05198374
ASV_1159	0.015608	0.00000000	0.01715335	0.02967169
ASV_660	0.007029	0.02108777	0.00000000	0.00000000
ASV_726	0.01005	0.03015079	0.00000000	0.00000000
ASV_846	0.01005	0.03015079	0.00000000	0.00000000
ASV_863	0.007411	0.02223437	0.00000000	0.00000000
ASV_947	0.027088	0.00000000	0.02953845	0.05172507
ASV_1075	0.029737	0.00000000	0.00000000	0.08921041
ASV_1120	0.030236	0.00000000	0.04936992	0.04133769
ASV_1126	0.008347	0.02504172	0.00000000	0.00000000
ASV_743	0.005441	0.01632348	0.00000000	0.00000000
ASV_921	0.008752	0.0000000000	0.0257701231	0.0004852155
ASV_1390	0.009929	0.02978753	0.00000000	0.00000000
ASV_1424	0.032133	9.893017e-05	2.668572e-02	6.961442e-02
ASV_971	0.029291	0.0000000000	0.0009554445	0.0869164717
ASV_1215	0.033886	0.000000000	0.001359144	0.100297590
ASV_1222	0.009643	0.02892814	0.00000000	0.00000000
ASV_1372	0.030673	0.00000000	0.02808295	0.06393714
ASV_940	0.012343	0.03702831	0.00000000	0.00000000
ASV_1123	0.033511	0.00000000	0.00135188	0.09918044
ASV_802	0.01036	0.03108143	0.00000000	0.00000000
ASV_1011	0.021238	0.06371404	0.00000000	0.00000000
ASV_1062	0.027097	0.00000000	0.05264362	0.02864640
ASV_1114	0.031507	0.000000000	0.004274258	0.090246909
ASV_896	0.025253	0.0009730726	0.0195848792	0.0552014861
ASV_1003	0.029885	0.00000000	0.03341019	0.05624547
ASV_1169	0.031995	0.000000000	0.007807124	0.088178557
ASV_1440	0.028054	0.000000000	0.004893356	0.079269184
ASV_1464	0.029316	0.002717514	0.006371420	0.078859515
ASV_1481	0.02866	0.001235370	0.002459066	0.082285147
ASV_855	0.029653	0.0000000	0.0156311	0.0733276
ASV_920	0.005276	0.01582883	0.00000000	0.00000000
ASV_1115	0.018158	0.0002028329	0.0340108463	0.0202605509
ASV_1140	0.023459	0.001224593	0.020021571	0.049131540
ASV_1401	0.005443	0.01632957	0.00000000	0.00000000
ASV_812	0.021076	0.000000000	0.059073511	0.004153791
ASV_978	0.019612	0.00000000	0.04602549	0.01280970
ASV_1015	0.008604	0.02581141	0.00000000	0.00000000
ASV_1155	0.024172	0.00000000	0.03528907	0.03722825
ASV_1513	0.028426	0.00000000	0.02083521	0.06444336
ASV_659	0.008819	0.02645636	0.00000000	0.00000000
ASV_746	0.020473	0.00000000	0.04202165	0.01939704
ASV_936	0.006914	0.02074114	0.00000000	0.00000000
ASV_946	0.019511	0.00000000	0.04339522	0.01513874
ASV_1412	0.030361	9.757088e-05	8.628981e-03	8.235680e-02
ASV_655	0.011462	0.000000000	0.025428622	0.008956973
ASV_705	0.009253	0.02775952	0.00000000	0.00000000
ASV_1419	0.030354	0.000000000	0.008472106	0.082589629
ASV_720	0.007735	0.0232063	0.0000000	0.0000000
ASV_1013	0.006513	0.01953825	0.00000000	0.00000000
ASV_1214	0.032076	0.000000000	0.007110329	0.089118143
ASV_1351	0.023603	0.00000000	0.03603655	0.03477245
ASV_681	0.007427	0.000000000	0.020825697	0.001455646
ASV_832	0.005368	0.01610509	0.00000000	0.00000000
ASV_848	0.005368	0.01610509	0.00000000	0.00000000
ASV_883	0.020526	0.00000000	0.05508495	0.00649349
ASV_907	0.02591	0.00000000	0.02605862	0.05167240
ASV_917	0.005275	0.01582401	0.00000000	0.00000000
ASV_980	0.027673	0.0000000000	0.0003424916	0.0826777357
ASV_1134	0.009934	0.02980239	0.00000000	0.00000000
ASV_1204	0.01852	0.00000000	0.03322983	0.02232928
ASV_912	0.009203	0.02760795	0.00000000	0.00000000
ASV_1061	0.021353	0.00000000	0.02957051	0.03448984
ASV_622	0.005453	0.01635781	0.00000000	0.00000000
ASV_949	0.017188	0.000000000	0.049942241	0.001622007
ASV_1300	0.024539	0.00000000	0.02174192	0.05187580
ASV_1429	0.023049	0.0001816313	0.0143121331	0.0546534914
ASV_646	0.006165	0.01849495	0.00000000	0.00000000
ASV_963	0.014244	0.0004946508	0.0150676544	0.0271696104
ASV_673	0.005313	0.01593836	0.00000000	0.00000000
ASV_950	0.021649	0.00000000	0.04543032	0.01951756
ASV_1154	0.027153	0.00000000	0.01846377	0.06299647
ASV_1343	0.021599	0.00000000	0.05194273	0.01285380
ASV_1407	0.004852	0.01455493	0.00000000	0.00000000
ASV_1373	0.026313	0.00000000	0.00000000	0.07893769
ASV_1409	0.020977	0.0003348906	0.0362909509	0.0263037213
ASV_1448	0.024605	0.000000000	0.002711074	0.071103484
ASV_1468	0.007607	0.02281951	0.00000000	0.00000000
ASV_1525	0.030795	0.0001674453	0.0023830117	0.0898332227
ASV_570	0.005319	0.01595775	0.00000000	0.00000000
ASV_959	0.008102	0.02430726	0.00000000	0.00000000
ASV_966	0.021393	0.00000000	0.02326145	0.04091725
ASV_1217	0.008285	0.02485575	0.00000000	0.00000000
ASV_1299	0.020508	0.00000000	0.02854203	0.03298082
ASV_1496	0.024287	0.00000000	0.02631363	0.04654702
ASV_1526	0.031463	0.00000000	0.00000000	0.09438998
ASV_819	0.004716	0.01414778	0.00000000	0.00000000
ASV_1110	0.025222	0.000000000	0.004298015	0.071368325
ASV_1453	0.030524	0.000000000	0.001712458	0.089858589
ASV_806	0.016636	0.000000000	0.045430940	0.004476988
ASV_853	0.020302	0.000000000	0.053453064	0.007454077
ASV_968	0.020369	0.00000000	0.02812739	0.03298082
ASV_1048	0.006112	0.01833577	0.00000000	0.00000000
ASV_1305	0.019292	0.000000000	0.048568391	0.009307062
ASV_1441	0.011034	0.00000000	0.01816989	0.01493082
ASV_1153	0.016044	0.00000000	0.04813239	0.00000000
ASV_909	0.012413	0.03723769	0.00000000	0.00000000
ASV_945	0.004947	0.01484195	0.00000000	0.00000000
ASV_1125	0.009518	0.02855418	0.00000000	0.00000000
ASV_877	0.021624	0.00000000	0.02897926	0.03589140
ASV_962	0.005206	0.01561661	0.00000000	0.00000000
ASV_1030	0.018831	0.00000000	0.03626857	0.02022368
ASV_1158	0.013391	0.00000000	0.02368689	0.01648489
ASV_1166	0.026956	0.00000000	0.02404937	0.05681771
ASV_887	0.016216	0.000000000	0.046229146	0.002419447
ASV_1105	0.010522	0.031428092	0.000138838	0.000000000
ASV_1450	0.026053	0.00000000	0.00861598	0.06954267
ASV_758	0.004839	0.01451847	0.00000000	0.00000000
ASV_1184	0.025848	0.0025579711	0.0006777685	0.0743087523
ASV_1413	0.021579	0.00000000	0.05445720	0.01027878
ASV_1443	0.024285	0.00000000	0.01893244	0.05392406
ASV_1520	0.026569	0.00000000	0.05137484	0.02833198
ASV_967	0.020807	0.00000000	0.04117263	0.02124736
ASV_1194	0.025371	0.000000000	0.007767543	0.068344767
ASV_1400	0.026462	0.0006829961	0.0020431466	0.0766594484
ASV_760	0.015497	0.00000000	0.04649228	0.00000000
ASV_1185	0.005168	0.01550525	0.00000000	0.00000000
ASV_1059	0.029609	0.0007340204	0.0028884841	0.0852057995
ASV_1109	0.016275	0.00000000	0.03466907	0.01415625
ASV_1502	0.022409	0.000000000	0.060356653	0.006871435
ASV_977	0.022068	0.00000000	0.05947080	0.00673254
ASV_983	0.007479	0.02243767	0.00000000	0.00000000
ASV_1298	0.024532	0.000000000	0.002857058	0.070738298
ASV_1384	0.007936	0.02380698	0.00000000	0.00000000
ASV_1442	0.007792	0.000000000	0.017067865	0.006307801
ASV_852	0.015683	0.000000000	0.043612196	0.003435718
ASV_923	0.022831	0.00000000	0.02345674	0.04503664
ASV_937	0.007987	0.02396183	0.00000000	0.00000000
ASV_1012	0.010547	0.0316424	0.0000000	0.0000000
ASV_1027	0.013427	0.0003957207	0.0137240615	0.0261600175
ASV_1133	0.007137	0.02141158	0.00000000	0.00000000
ASV_1197	0.024188	0.00000000	0.04921618	0.02334824
ASV_1277	0.025013	9.757088e-05	3.199618e-03	7.174306e-02
ASV_691	0.007368	0.02210278	0.00000000	0.00000000
ASV_849	0.004758	0.01427278	0.00000000	0.00000000
ASV_1022	0.004321	0.01296347	0.00000000	0.00000000
ASV_1112	0.023641	0.00000000	0.02910715	0.04181565
ASV_1232	0.004298	0.0128949	0.0000000	0.0000000
ASV_1339	0.022445	0.00000000	0.00836551	0.05897037
ASV_1157	0.015555	0.000000000	0.040865336	0.005800505
ASV_1518	0.022062	0.00000000	0.06124451	0.00494218
ASV_815	0.0072	0.02160044	0.00000000	0.00000000
ASV_1078	0.006701	0.02010197	0.00000000	0.00000000
ASV_1308	0.026475	0.00000000	0.04163102	0.03779289
ASV_1312	0.005501	0.01650359	0.00000000	0.00000000
ASV_1524	0.024553	0.0009757088	0.0005132469	0.0721687639
ASV_830	0.004449	0.01334639	0.00000000	0.00000000
ASV_919	0.004629	0.01388698	0.00000000	0.00000000
ASV_1046	0.013606	0.04081851	0.00000000	0.00000000
ASV_1152	0.016982	0.00000000	0.02931841	0.02162677
ASV_1302	0.017765	0.00000000	0.03543352	0.01785999
ASV_1510	0.022223	9.757088e-05	1.665825e-02	4.991280e-02
ASV_843	0.005073	0.01521766	0.00000000	0.00000000
ASV_872	0.004183	0.0125479	0.0000000	0.0000000
ASV_918	0.004421	0.01326302	0.00000000	0.00000000
ASV_991	0.004561	0.01368169	0.00000000	0.00000000
ASV_1267	0.014102	0.04230533	0.00000000	0.00000000
ASV_1362	0.015944	0.00000000	0.01938595	0.02844571
ASV_1381	0.00719	0.02156899	0.00000000	0.00000000
ASV_1426	0.019391	0.000000000	0.050443794	0.007730664
ASV_847	0.004383	0.01315007	0.00000000	0.00000000
ASV_1050	0.007507	0.02252228	0.00000000	0.00000000
ASV_1108	0.0221	0.00000000	0.04322679	0.02307346
ASV_774	0.005528	0.016443679	0.000138838	0.000000000
ASV_955	0.010715	0.00000000	0.01750973	0.01463606
ASV_1080	0.006938	0.02081357	0.00000000	0.00000000
ASV_1137	0.007447	0.02234065	0.00000000	0.00000000
ASV_1167	0.02102	0.000000000	0.062441759	0.000616827
ASV_1180	0.009468	0.02840274	0.00000000	0.00000000
ASV_1085	0.007386	0.02215901	0.00000000	0.00000000
ASV_1260	0.023611	0.000000000	0.004519198	0.066312680
ASV_1469	0.004696	0.0140893	0.0000000	0.0000000
ASV_1507	0.014195	0.0000000	0.0251468	0.0174396
ASV_870	0.004193	0.01257826	0.00000000	0.00000000
ASV_1020	0.007326	0.02197738	0.00000000	0.00000000
ASV_1198	0.017693	0.00000000	0.02390720	0.02917087
ASV_1269	0.004156	0.01246676	0.00000000	0.00000000
ASV_1341	0.020061	0.00000000	0.01626644	0.04391626
ASV_1361	0.018393	0.000000000	0.049628907	0.005551443
ASV_891	0.005945	0.01783573	0.00000000	0.00000000
ASV_1136	0.007467	0.02240155	0.00000000	0.00000000
ASV_1309	0.02474	0.000000000	0.002424102	0.071795256
ASV_1432	0.015875	0.00000000	0.02991014	0.01771575
ASV_1517	0.020668	0.000000000	0.059536641	0.002467308
ASV_1014	0.004033	0.01210006	0.00000000	0.00000000
ASV_1195	0.016778	0.00000000	0.02871639	0.02161724
ASV_1459	0.006514	0.0195428	0.0000000	0.0000000
ASV_874	0.003952	0.01185539	0.00000000	0.00000000
ASV_1026	0.013373	0.00000000	0.04011821	0.00000000
ASV_1082	0.007144	0.02143249	0.00000000	0.00000000
ASV_1289	0.01926	0.00000000	0.01741786	0.04036097
ASV_1489	0.013376	0.00000000	0.04012903	0.00000000
ASV_818	0.004029	0.01208727	0.00000000	0.00000000
ASV_908	0.006177	0.01853211	0.00000000	0.00000000
ASV_1376	0.011705	0.0351156	0.0000000	0.0000000
ASV_754	0.004051	0.01215374	0.00000000	0.00000000
ASV_778	0.004024	0.01207104	0.00000000	0.00000000
ASV_1111	0.022587	0.000000000	0.004292885	0.063468601
ASV_1334	0.004418	0.01325347	0.00000000	0.00000000
ASV_1431	0.020963	0.00000000	0.02463715	0.03825084
ASV_944	0.003773	0.01131822	0.00000000	0.00000000
ASV_957	0.023851	0.00000000	0.00000000	0.07155194
ASV_1210	0.019406	0.000000000	0.005600666	0.052618104
ASV_1335	0.004768	0.01430363	0.00000000	0.00000000
ASV_867	0.00393	0.01179047	0.00000000	0.00000000
ASV_879	0.013112	0.00000000	0.03933603	0.00000000
ASV_965	0.017947	0.000196501	0.013443836	0.040200780
ASV_1006	0.013145	0.000000000	0.037812909	0.001621396
ASV_1044	0.006363	0.01908876	0.00000000	0.00000000
ASV_1094	0.008353	0.00000000	0.01363449	0.01142492
ASV_1255	0.011424	0.00000000	0.02040385	0.01386809
ASV_1471	0.00657	0.0193724630	0.0003388843	0.0000000000
ASV_1475	0.003708	0.01112308	0.00000000	0.00000000
ASV_1374	0.005937	0.01781148	0.00000000	0.00000000
ASV_1461	0.005606	0.01681876	0.00000000	0.00000000
ASV_759	0.003809	0.01142721	0.00000000	0.00000000
ASV_1087	0.003645	0.01093563	0.00000000	0.00000000
ASV_1254	0.006107	0.000000000	0.014439150	0.003881724
ASV_1470	0.024225	0.0005448938	0.0020405201	0.0700889561
ASV_1165	0.010448	0.000000000	0.009024469	0.022319912
ASV_1263	0.023586	0.00000000	0.00000000	0.07075677
ASV_1285	0.003771	0.01131205	0.00000000	0.00000000
ASV_1259	0.019962	0.00000000	0.04014734	0.01973847
ASV_1323	0.005798	0.0173936	0.0000000	0.0000000
ASV_961	0.003826	0.01147684	0.00000000	0.00000000
ASV_1017	0.006084	0.01825154	0.00000000	0.00000000
ASV_1129	0.005806	0.01741888	0.00000000	0.00000000
ASV_1369	0.021094	0.000000000	0.000529634	0.062752553
ASV_1410	0.016655	0.00000000	0.03710905	0.01285557
ASV_1476	0.003545	0.01063523	0.00000000	0.00000000
ASV_1054	0.003515	0.01054535	0.00000000	0.00000000
ASV_1104	0.003699	0.01109796	0.00000000	0.00000000
ASV_1181	0.003849	0.01154638	0.00000000	0.00000000
ASV_1237	0.003911	0.01173305	0.00000000	0.00000000
ASV_1282	0.004819	0.01445717	0.00000000	0.00000000
ASV_1495	0.0185	0.0000000	0.0125156	0.0429850
ASV_1497	0.020216	0.0000000000	0.0003388843	0.0603090615
ASV_1213	0.016182	0.00000000	0.03023897	0.01830578
ASV_1069	0.01114	0.000000000	0.007219575	0.026201636
ASV_1250	0.020591	0.000000000	0.003127588	0.058644851
ASV_1306	0.01848	0.00000000	0.04927170	0.00616827
ASV_1451	0.023734	0.000000000	0.007984032	0.063217206
ASV_958	0.006105	0.01831578	0.00000000	0.00000000
ASV_1081	0.006332	0.01899491	0.00000000	0.00000000
ASV_1386	0.006357	0.01907128	0.00000000	0.00000000
ASV_1445	0.017508	0.00000000	0.01797661	0.03454769
ASV_1192	0.015051	0.00000000	0.03399876	0.01115421
ASV_1512	0.0092	0.000000000	0.009163307	0.018438188
ASV_1527	0.022211	0.0000000000	0.0006777685	0.0659566729
ASV_1342	0.011693	9.757088e-05	1.492495e-02	2.005655e-02
ASV_1405	0.013284	0.0393099994	0.0000000000	0.0005406691
ASV_1477	0.003452	0.01035635	0.00000000	0.00000000
ASV_817	0.006098	0.01829451	0.00000000	0.00000000
ASV_1253	0.013242	0.00000000	0.02836199	0.01136384
ASV_1257	0.015271	0.00000000	0.02068181	0.02513033
ASV_1382	0.012559	0.03767838	0.00000000	0.00000000
ASV_1051	0.006331	0.01899399	0.00000000	0.00000000
ASV_1131	0.003858	0.01157382	0.00000000	0.00000000
ASV_1189	0.014373	0.00000000	0.01671926	0.02640060
ASV_1228	0.006542	0.0196268	0.0000000	0.0000000
ASV_1247	0.008165	0.000000000	0.022579384	0.001914956
ASV_942	0.00373	0.01118972	0.00000000	0.00000000
ASV_1480	0.004406	0.01321764	0.00000000	0.00000000
ASV_1178	0.005172	0.01551602	0.00000000	0.00000000
ASV_1242	0.01662	0.00000000	0.01484571	0.03501456
ASV_1142	0.010993	0.00000000	0.03297999	0.00000000
ASV_1223	0.005544	0.01663207	0.00000000	0.00000000
ASV_1176	0.005244	0.01573217	0.00000000	0.00000000
ASV_1047	0.003243	0.00972917	0.00000000	0.00000000
ASV_1056	0.01152	0.000000000	0.028127393	0.006432576
ASV_1102	0.004886	0.01465842	0.00000000	0.00000000
ASV_1310	0.019843	0.000000000	0.002866355	0.056663755
ASV_984	0.003483	0.01044936	0.00000000	0.00000000
ASV_989	0.003271	0.009811872	0.000000000	0.000000000
ASV_1358	0.016981	0.00000000	0.02717868	0.02376475
ASV_1499	0.015316	0.00000000	0.02576643	0.02018046
ASV_1119	0.015117	0.00000000	0.02579041	0.01955944
ASV_1127	0.005191	0.01557241	0.00000000	0.00000000
ASV_1256	0.004679	0.000000000	0.013065706	0.000970431
ASV_1314	0.005191	0.01557241	0.00000000	0.00000000
ASV_1162	0.00472	0.000000000	0.012217742	0.001940862
ASV_1174	0.005211	0.01563194	0.00000000	0.00000000
ASV_1320	0.003577	0.01073042	0.00000000	0.00000000
ASV_1511	0.014045	0.00000000	0.01455442	0.02757933
ASV_986	0.006491	0.01947202	0.00000000	0.00000000
ASV_1366	0.01476	0.00000000	0.02432022	0.01996113
ASV_1523	0.019045	0.0000000000	0.0006813758	0.0564537413
ASV_993	0.003323	0.00996854	0.00000000	0.00000000
ASV_1045	0.005023	0.01507008	0.00000000	0.00000000
ASV_1345	0.010167	0.00000000	0.03049958	0.00000000
ASV_1354	0.015921	0.00000000	0.02807811	0.01968585
ASV_1068	0.00435	0.000000000	0.012078904	0.000970431
ASV_1079	0.004515	0.01354574	0.00000000	0.00000000
ASV_1103	0.005388	0.01616518	0.00000000	0.00000000
ASV_1258	0.015724	0.000000000	0.009769899	0.037403277
ASV_1268	0.008029	0.0235729464	0.0005132469	0.0000000000
ASV_1053	0.004135	0.01240493	0.00000000	0.00000000
ASV_1187	0.003088	0.00926306	0.00000000	0.00000000
ASV_1417	0.019057	0.0000000000	0.0003388843	0.0568311976
ASV_1425	0.012041	0.00000000	0.02098465	0.01513874
ASV_1023	0.003053	0.009157798	0.000000000	0.000000000
ASV_1225	0.004856	0.01456774	0.00000000	0.00000000
ASV_1238	0.009849	0.00000000	0.02954786	0.00000000
ASV_1370	0.017945	0.00000000	0.02851440	0.02532159
ASV_1175	0.003286	0.009858458	0.000000000	0.000000000
ASV_1200	0.014592	0.00000000	0.01383880	0.02993847
ASV_1218	0.003552	0.01065626	0.00000000	0.00000000
ASV_1244	0.01176	0.00000000	0.02426186	0.01101931
ASV_1415	0.011186	0.00000000	0.02248179	0.01107742
ASV_964	0.003315	0.009943577	0.000000000	0.000000000
ASV_1271	0.014126	0.0001816313	0.0135553703	0.0286424768
ASV_1392	0.009505	0.02851515	0.00000000	0.00000000
ASV_1186	0.002947	0.008842012	0.000000000	0.000000000
ASV_1322	0.004248	0.01274548	0.00000000	0.00000000
ASV_1329	0.015578	0.0016824214	0.0007296802	0.0443233076
ASV_1503	0.012627	0.00000000	0.03788115	0.00000000
ASV_956	0.012117	0.00000000	0.02298246	0.01336888
ASV_1173	0.007228	0.007930759	0.007559277	0.006193252
ASV_1286	0.002943	0.008830065	0.000000000	0.000000000
ASV_1172	0.003217	0.00965046	0.00000000	0.00000000
ASV_1266	0.003607	0.01082127	0.00000000	0.00000000
ASV_1273	0.003778	0.01133437	0.00000000	0.00000000
ASV_1357	0.011504	0.00000000	0.01558868	0.01892342
ASV_1399	0.002634	0.007903241	0.000000000	0.000000000
ASV_1403	0.002842	0.008526226	0.000000000	0.000000000
ASV_911	0.004901	0.01470314	0.00000000	0.00000000
ASV_1281	0.002807	0.008420964	0.000000000	0.000000000
ASV_1304	0.010369	0.00000000	0.03110794	0.00000000
ASV_1156	0.009094	0.000000000	0.005812782	0.021470050
ASV_1188	0.00266	0.007980886	0.000000000	0.000000000
ASV_1224	0.003657	0.01097121	0.00000000	0.00000000
ASV_939	0.003118	0.009353051	0.000000000	0.000000000
ASV_1049	0.003137	0.009411889	0.000000000	0.000000000
ASV_1138	0.003205	0.009616264	0.000000000	0.000000000
ASV_1179	0.003119	0.009355978	0.000000000	0.000000000
ASV_1182	0.002537	0.007610528	0.000000000	0.000000000
ASV_1231	0.002539	0.007618219	0.000000000	0.000000000
ASV_1252	0.009162	0.000000000	0.024781838	0.002703346
ASV_1371	0.015014	0.000000000	0.037518692	0.007522401
ASV_1420	0.012491	0.00000000	0.02624207	0.01122948
ASV_1395	0.002504	0.007512957	0.000000000	0.000000000
ASV_1144	0.010651	0.00000000	0.01965529	0.01229623
ASV_1270	0.002898	0.008692678	0.000000000	0.000000000
ASV_1284	0.002506	0.007518693	0.000000000	0.000000000
ASV_1350	0.010347	0.0000000000	0.0303542498	0.0006871435
ASV_1479	0.002616	0.007849497	0.000000000	0.000000000
ASV_1205	0.013388	0.00000000	0.01084503	0.02931929
ASV_1325	0.00337	0.01010936	0.00000000	0.00000000
ASV_1338	0.002713	0.008137554	0.000000000	0.000000000
ASV_1528	0.016067	0.0000000000	0.0006813758	0.0475204729
ASV_1149	0.008449	0.0000000000	0.0248070895	0.0005406691
ASV_1219	0.004178	0.01253281	0.00000000	0.00000000
ASV_1326	0.006322	0.0189646	0.0000000	0.0000000
ASV_1365	0.009769	0.000000000	0.028137310	0.001168852
ASV_1414	0.009335	0.000000000	0.024528477	0.003478003
ASV_926	0.008505	0.000000000	0.024060782	0.001455646
ASV_1177	0.011304	0.002557139	0.002711074	0.028642477
ASV_1234	0.002452	0.007355371	0.000000000	0.000000000
ASV_1241	0.006294	0.000000000	0.013862576	0.005018516
ASV_1249	0.011482	0.00000000	0.01148386	0.02296276
ASV_1355	0.012723	0.000000000	0.005106553	0.033061276
ASV_1379	0.004989	0.01496731	0.00000000	0.00000000
ASV_1398	0.002486	0.007458915	0.000000000	0.000000000
ASV_1505	0.011524	0.00000000	0.02106734	0.01350556
ASV_1077	0.003926	0.01177656	0.00000000	0.00000000
ASV_1099	0.004212	0.01263682	0.00000000	0.00000000
ASV_1262	0.015497	0.0000000000	0.0003388843	0.0461520029
ASV_1291	0.011303	0.00000000	0.00681959	0.02708854
ASV_1396	0.002368	0.007105387	0.000000000	0.000000000
ASV_1488	0.008133	0.00000000	0.02439967	0.00000000
ASV_1508	0.00951	0.000000000	0.020347554	0.008181967
ASV_1514	0.007489	0.000000000	0.004998167	0.017467757
ASV_1493	0.007687	0.0008000272	0.0205076154	0.0017530079
ASV_1207	0.007991	0.00000000	0.02397441	0.00000000
ASV_1236	0.002333	0.006999959	0.000000000	0.000000000
ASV_1288	0.007907	0.0000000	0.0237219	0.0000000
ASV_1393	0.002277	0.006829961	0.000000000	0.000000000
ASV_1428	0.008247	0.000000000	0.018267485	0.006473373
ASV_1463	0.002985	0.0089538	0.0000000	0.0000000
ASV_1272	0.002701	0.00810423	0.00000000	0.00000000
ASV_1290	0.007871	0.00000000	0.02361442	0.00000000
ASV_1293	0.009181	0.00000000	0.01704882	0.01049331
ASV_1378	0.003851	0.01155372	0.00000000	0.00000000
ASV_1486	0.007478	0.000000000	0.019632375	0.002800208
ASV_1321	0.003775	0.0113241	0.0000000	0.0000000
ASV_1427	0.009234	0.000105262	0.004672734	0.022922756
ASV_1522	0.011476	0.000000000	0.001059268	0.033368039
ASV_1147	0.007568	0.00000000	0.02270525	0.00000000
ASV_1388	0.002688	0.008063904	0.000000000	0.000000000
ASV_1043	0.003684	0.01105139	0.00000000	0.00000000
ASV_1216	0.004104	0.01231193	0.00000000	0.00000000
ASV_1227	0.003996	0.01198766	0.00000000	0.00000000
ASV_1375	0.002938	0.008815408	0.000000000	0.000000000
ASV_1438	0.00317	0.0000000000	0.0090244688	0.0004852155
ASV_1439	0.003285	0.000000000	0.008885631	0.000970431
ASV_1359	0.008472	0.00000000	0.01631238	0.00910263
ASV_1436	0.007421	0.00000000	0.02226195	0.00000000
ASV_1437	0.009103	0.00000000	0.01547675	0.01183212
ASV_1454	0.008962	0.02688626	0.00000000	0.00000000
ASV_1456	0.003559	0.0106784	0.0000000	0.0000000
ASV_1494	0.009426	0.00000000	0.01487370	0.01340555
ASV_1303	0.003881	0.000000000	0.007913765	0.003729230
ASV_1328	0.007189	0.02156741	0.00000000	0.00000000
ASV_1088	0.00205	0.006149684	0.000000000	0.000000000
ASV_1226	0.002556	0.007668183	0.000000000	0.000000000
ASV_1311	0.003703	0.01110892	0.00000000	0.00000000
ASV_1368	0.011668	0.00000000	0.01844284	0.01656029
ASV_1248	0.007004	0.00000000	0.02101082	0.00000000
ASV_1387	0.003754	0.01126114	0.00000000	0.00000000
ASV_1422	0.011728	0.000000000	0.008318889	0.026863889
ASV_1203	0.008162	0.000000000	0.023251492	0.001233654
ASV_1278	0.001984	0.005951823	0.000000000	0.000000000
ASV_1316	0.003675	0.01102638	0.00000000	0.00000000
ASV_1319	0.003651	0.01095183	0.00000000	0.00000000
ASV_1408	0.006041	0.0002967905	0.0051982136	0.0126276326
ASV_1421	0.006891	0.00000000	0.02067194	0.00000000
ASV_1430	0.006958	0.00000000	0.02087395	0.00000000
ASV_1406	0.001973	0.005919581	0.000000000	0.000000000
ASV_1483	0.001945	0.005835521	0.000000000	0.000000000
ASV_1283	0.00194	0.005820651	0.000000000	0.000000000
ASV_1467	0.007755	0.0003858235	0.0039488016	0.0189300300
ASV_1485	0.002152	0.006455741	0.000000000	0.000000000
ASV_1128	0.003205	0.009615311	0.000000000	0.000000000
ASV_1313	0.003305	0.009914392	0.000000000	0.000000000
ASV_1346	0.006916	0.0001816313	0.0185055328	0.0020614306
ASV_1107	0.001874	0.005622791	0.000000000	0.000000000
ASV_1171	0.002214	0.006640874	0.000000000	0.000000000
ASV_1383	0.001902	0.005705492	0.000000000	0.000000000
ASV_1455	0.003126	0.009376936	0.000000000	0.000000000
ASV_1274	0.001924	0.005771964	0.000000000	0.000000000
ASV_1404	0.002151	0.006454278	0.000000000	0.000000000
ASV_1423	0.006217	0.000000000	0.017063768	0.001587258
ASV_1466	0.00333	0.00998972	0.00000000	0.00000000
ASV_1220	0.003491	0.01047213	0.00000000	0.00000000
ASV_1317	0.003061	0.009183905	0.000000000	0.000000000
ASV_1265	0.002055	0.006164769	0.000000000	0.000000000
ASV_1089	0.001954	0.00586216	0.00000000	0.00000000
ASV_1245	0.005874	0.00000000	0.01762198	0.00000000
ASV_1473	0.001787	0.005360221	0.000000000	0.000000000
ASV_1504	0.005937	0.00000000	0.01780956	0.00000000
ASV_1394	0.001864	0.005593093	0.000000000	0.000000000
ASV_1132	0.002791	0.008372264	0.000000000	0.000000000
ASV_1275	0.001642	0.00492605	0.00000000	0.00000000
ASV_1411	0.007509	0.000000000	0.006511722	0.016015233
ASV_1444	0.006702	0.000000000	0.018937699	0.001168852
ASV_1478	0.001754	0.005263102	0.000000000	0.000000000
ASV_1462	0.001948	0.005843909	0.000000000	0.000000000
ASV_1332	0.002397	0.007190916	0.000000000	0.000000000
ASV_1377	0.002567	0.007702483	0.000000000	0.000000000
ASV_1402	0.001614	0.004842054	0.000000000	0.000000000
ASV_1276	0.001488	0.004463282	0.000000000	0.000000000
ASV_1434	0.007928	0.000000000	0.001359144	0.022424205
ASV_1472	0.001464	0.004390689	0.000000000	0.000000000
ASV_1389	0.001534	0.004601031	0.000000000	0.000000000
ASV_1324	0.001488	0.004463156	0.000000000	0.000000000
ASV_1347	0.005483	0.000000000	0.015215797	0.001233654
ASV_1435	0.004909	0.00000000	0.01472714	0.00000000
ASV_1460	0.0024	0.007200147	0.000000000	0.000000000
ASV_1501	0.006626	0.000000000	0.008810991	0.011066411
ASV_1385	0.002543	0.007628513	0.000000000	0.000000000
ASV_1279	0.001301	0.003902835	0.000000000	0.000000000
ASV_1484	0.001374	0.004122609	0.000000000	0.000000000
ASV_1457	0.001469	0.004406398	0.000000000	0.000000000
ASV_1491	0.004213	0.00000000	0.01263972	0.00000000
ASV_1208	0.003996	0.0000000	0.0119872	0.0000000
ASV_1336	0.002085	0.006255056	0.000000000	0.000000000
ASV_1397	0.001138	0.003414981	0.000000000	0.000000000
ASV_1474	0.001041	0.003122268	0.000000000	0.000000000
ASV_1416	0.003287	0.000000000	0.006132759	0.003728008
ASV_1458	0.001613	0.004838515	0.000000000	0.000000000
ASV_1211	0.002856	0.000000000	0.006756617	0.001812239
ASV_1465	0.001276	0.003829247	0.000000000	0.000000000
